#client-send-timestamp,server-timestamp,e2e-rtt
1616940952320897848,1616940952322683841,1.311801
1616940952331111852,1616940952332685403,1.176988
1616940952341333784,1616940952346741853,4.998829
1616940952351562650,1616940952353083490,1.103749
1616940952361721684,1616940952363236339,1.09444
1616940952371863073,1616940952373281254,0.950631
1616940952382090753,1616940952383626369,1.134755
1616940952392312593,1616940952393872996,1.190126
1616940952402485387,1616940952403941755,1.049729
1616940952412726120,1616940952414245526,1.132277
1616940952422898689,1616940952424453940,1.158465
1616940952433129699,1616940952434706406,1.179716
1616940952443349640,1616940952444856228,1.085898
1616940952453571960,1616940952455051791,1.010426
1616940952463824636,1616940952465337595,1.094713
1616940952474085127,1616940952475600868,1.10698
1616940952484306867,1616940952485872854,1.216881
1616940952494478700,1616940952496010877,1.08308
1616940952504652089,1616940952506267636,1.210238
1616940952514824313,1616940952516423379,1.219502
1616940952525046116,1616940952526649490,1.202768
1616940952535203818,1616940952536776385,1.171278
1616940952545425677,1616940952547055254,1.224027
1616940952555659141,1616940952557225660,1.167582
1616940952565883355,1616940952567455386,1.125288
1616940952576106402,1616940952577749078,1.247437
1616940952586278653,1616940952587882437,1.134042
1616940952596502398,1616940952598170709,1.276908
1616940952606675394,1616940952608255664,1.189646
1616940952616862782,1616940952618411768,1.175255
1616940952627035966,1616940952628582989,1.121078
1616940952637209425,1616940952638803361,1.207187
1616940952647377711,1616940952648953496,1.179839
1616940952657595576,1616940952659193798,1.203445
1616940952667816736,1616940952669422354,1.232271
1616940952678068368,1616940952679679912,1.232504
1616940952688303440,1616940952689913145,1.218242
1616940952698430373,1616940952700006716,1.194475
1616940952708660758,1616940952710256405,1.185766
1616940952718783573,1616940952720364980,1.171889
1616940952728999051,1616940952730693235,1.296388
1616940952739154242,1616940952740826054,1.271539
1616940952749375153,1616940952750982949,1.196539
1616940952759588932,1616940952761142248,1.156808
1616940952769809024,1616940952771315846,1.104237
1616940952780024516,1616940952781630092,1.315833
1616940952790161310,1616940952791789197,1.142486
1616940952800380087,1616940952802039928,1.266755
1616940952810549844,1616940952812043282,1.006296
1616940952820769864,1616940952822368747,1.221967
1616940952830986756,1616940952832447594,1.039496
1616940952841204750,1616940952842813171,1.208647
1616940952851320489,1616940952852911859,1.158833
1616940952861580101,1616940952863094447,1.060443
1616940952871800868,1616940952873366800,1.12929
1616940952882038588,1616940952884015787,1.67372
1616940952892257233,1616940952893754537,1.053721
1616940952902426410,1616940952903926878,1.110187
1616940952912643357,1616940952914156417,1.065031
1616940952922811523,1616940952924253445,1.022279
1616940952933031178,1616940952934503996,0.99478
1616940952943250600,1616940952944759532,1.114362
1616940952953470680,1616940952954926302,0.953951
1616940952963687764,1616940952965129121,1.038331
1616940952973933935,1616940952975630008,1.265847
1616940952984172359,1616940952985622589,0.992144
1616940952994341333,1616940952995867092,1.102754
1616940953004569121,1616940953006731377,1.870468
1616940953014703068,1616940953016252384,1.132859
1616940953024919495,1616940953026439762,1.11698
1616940953035156216,1616940953036689503,1.113337
1616940953045373428,1616940953046835591,0.99529
1616940953055585773,1616940953057126130,1.134864
1616940953065805368,1616940953067355912,1.126608
1616940953076037969,1616940953077590266,1.093185
1616940953086239151,1616940953087776664,1.054293
1616940953096474600,1616940953098088661,1.23722
1616940953106644399,1616940953110581989,3.623591
1616940953116802448,1616940953118321353,1.067677
1616940953126982158,1616940953128512369,1.145032
1616940953137160387,1616940953138603160,1.025984
1616940953147332372,1616940953148749405,0.99524
1616940953157567066,1616940953159094083,1.115248
1616940953167741102,1616940953169258901,1.117165
1616940953177979920,1616940953179571770,1.194209
1616940953188151040,1616940953189681220,1.142795
1616940953198275913,1616940953199716315,0.998002
1616940953208498675,1616940953209951820,1.110519
1616940953218675595,1616940953220160131,1.111919
1616940953228888913,1616940953230406138,1.143181
1616940953239108913,1616940953240624406,1.102608
1616940953249334646,1616940953250857697,1.116419
1616940953259553929,1616940953260993569,1.109718
1616940953269806202,1616940953271236317,1.005639
1616940953280027511,1616940953281519746,1.119595
1616940953290228848,1616940953291685124,1.083992
1616940953300449660,1616940953301916266,1.060303
1616940953310567412,1616940953312011138,0.971488
1616940953320796915,1616940953322242124,1.094405
1616940953331022292,1616940953332544593,1.133838
1616940953341262897,1616940953342715301,1.102121
1616940953351497644,1616940953352936631,1.06955
1616940953361730910,1616940953363204681,1.122443
1616940953371963362,1616940953373442409,1.103744
1616940953382200363,1616940953383661821,1.075062
1616940953392416544,1616940953393911768,1.101837
1616940953402586559,1616940953404066619,1.108356
1616940953412819420,1616940953414264562,1.014622
1616940953423037228,1616940953424477389,1.053716
1616940953433260143,1616940953434758245,1.100259
1616940953443480491,1616940953444897078,1.042042
1616940953453716154,1616940953455172076,1.079423
1616940953463936600,1616940953465432020,1.131984
1616940953474162271,1616940953475670515,1.127694
1616940953484522010,1616940953485963112,1.059139
1616940953494751985,1616940953496256261,1.12182
1616940953504977756,1616940953506495089,1.183001
1616940953515202393,1616940953516713276,1.088684
1616940953525427108,1616940953526955818,1.143263
1616940953535647869,1616940953537146887,1.118161
1616940953545865801,1616940953547372081,1.054861
1616940953556098945,1616940953557624192,1.091968
1616940953566274997,1616940953567755759,1.036868
1616940953576498619,1616940953578031498,1.145507
1616940953586624660,1616940953588179173,1.129844
1616940953596847976,1616940953598364652,1.129033
1616940953606975302,1616940953608483038,1.085131
1616940953617146768,1616940953618683070,1.174775
1616940953627319317,1616940953628839331,1.119516
1616940953637492764,1616940953639000388,1.13176
1616940953647720306,1616940953649177790,1.071995
1616940953657937181,1616940953659496092,2.823069
1616940953668043910,1616940953669580476,1.112843
1616940953678149262,1616940953679761341,1.179582
1616940953688251614,1616940953690079679,1.499424
1616940953698354517,1616940953700011961,1.247405
1616940953708552451,1616940953710082423,1.080577
1616940953718633707,1616940953720256489,1.150176
1616940953728849343,1616940953730632256,1.366345
1616940953739069728,1616940953740659639,1.186793
1616940953749294671,1616940953750829000,1.039083
1616940953759516715,1616940953761078542,1.131969
1616940953769552441,1616940953771153129,1.149779
1616940953779578778,1616940953781052257,1.07076
1616940953789672643,1616940953791227267,1.121521
1616940953799896320,1616940953801426141,1.13043
1616940953809948136,1616940953811545601,1.099518
1616940953820048600,1616940953821557507,1.037851
1616940953830191926,1616940953831630685,0.981317
1616940953840306091,1616940953841818789,1.002583
1616940953850425853,1616940953851890895,1.003756
1616940953860519572,1616940953862044186,1.067214
1616940953870626506,1616940953872133428,1.002081
1616940953880682516,1616940953882207830,1.060199
1616940953890775176,1616940953892259288,0.987112
1616940953900936343,1616940953902385463,0.919696
1616940953911036151,1616940953912508889,1.023186
1616940953921210525,1616940953922767448,1.114309
1616940953931422593,1616940953932937736,1.002478
1616940953941515352,1616940953943055298,1.084024
1616940953951618628,1616940953953142049,1.05301
1616940953961713735,1616940953963227145,1.025667
1616940953971875288,1616940953973366264,0.993712
1616940953981983400,1616940953983649393,1.148561
1616940953992073705,1616940953993690617,1.141433
1616940954002170802,1616940954003692672,1.068611
1616940954012265664,1616940954013794303,1.077967
1616940954022386449,1616940954024005265,1.161893
1616940954032542080,1616940954034043775,1.005778
1616940954042697299,1616940954044238607,1.063877
1616940954052853251,1616940954054412573,1.084279
1616940954062897059,1616940954064480182,1.126066
1616940954073071264,1616940954074718223,1.184648
1616940954083177892,1616940954084725515,1.08117
1616940954093321696,1616940954094815822,1.034211
1616940954103541771,1616940954105119598,1.073032
1616940954113654427,1616940954115248211,1.123337
1616940954123775130,1616940954125263609,0.978889
1616940954133933341,1616940954135460726,1.040773
1616940954144036186,1616940954145532442,1.095966
1616940954154164948,1616940954155698369,1.047561
1616940954164333315,1616940954165897048,1.111423
1616940954174499484,1616940954175997891,1.022038
1616940954184681420,1616940954186178635,1.065363
1616940954194803737,1616940954196492113,1.303273
1616940954204979360,1616940954206534786,1.062915
1616940954215166794,1616940954216752199,1.155654
1616940954225339419,1616940954226916753,1.167439
1616940954235451773,1616940954236966590,1.026613
1616940954245620364,1616940954247240455,1.143247
1616940954255775514,1616940954257261774,0.964254
1616940954265993330,1616940954267610236,1.190979
1616940954276162233,1616940954277758652,1.111431
1616940954286283540,1616940954287921710,1.175815
1616940954296404851,1616940954297917057,1.019793
1616940954306570208,1616940954308149312,1.187003
1616940954316750527,1616940954318366670,1.22072
1616940954326855095,1616940954328440285,1.1103
1616940954337027748,1616940954338655522,1.162852
1616940954347203444,1616940954348881757,1.215463
1616940954357378549,1616940954358971044,1.125755
1616940954367554411,1616940954369048513,0.995342
1616940954377734091,1616940954379267484,1.029803
1616940954387909241,1616940954389413366,1.030932
1616940954398099266,1616940954399688600,1.088963
1616940954408225262,1616940954409834010,1.132864
1616940954418395204,1616940954419982720,1.108219
1616940954428571592,1616940954430217746,1.232567
1616940954438701712,1616940954440356532,1.294037
1616940954448892548,1616940954450614283,1.294332
1616940954459110784,1616940954460844439,1.339002
1616940954469329454,1616940954473744092,4.043795
1616940954479550129,1616940954481108079,1.362179
1616940954489787818,1616940954491302866,1.050397
1616940954500018570,1616940954501504046,1.038141
1616940954510190446,1616940954511855083,1.256745
1616940954520357523,1616940954521894853,1.04774
1616940954530476913,1616940954531972157,1.073482
1616940954540647894,1616940954542166662,1.098734
1616940954550811791,1616940954552364684,1.120595
1616940954561040483,1616940954562623128,1.130301
1616940954571258009,1616940954572738193,1.055773
1616940954581493358,1616940954582966580,1.056542
1616940954591712523,1616940954593281441,1.158393
1616940954601936842,1616940954603354792,1.039725
1616940954612164932,1616940954613678629,1.126355
1616940954622332321,1616940954623828099,1.082906
1616940954632443047,1616940954633989191,1.118572
1616940954642556821,1616940954644034942,1.058253
1616940954652772625,1616940954654353885,1.104267
1616940954662889788,1616940954664541149,1.180395
1616940954673106837,1616940954674642132,1.154343
1616940954683320654,1616940954684893013,1.156617
1616940954693536255,1616940954695073083,1.112332
1616940954703774222,1616940954705306919,1.126916
1616940954713938869,1616940954715613417,1.293498
1616940954724154578,1616940954725702700,1.096649
1616940954734281995,1616940954735832186,1.130822
1616940954744511195,1616940954746054226,1.113149
1616940954754632856,1616940954756338040,1.276745
1616940954764853856,1616940954766420996,1.161597
1616940954775062319,1616940954776743245,1.204156
1616940954785258146,1616940954786785901,1.127701
1616940954795390908,1616940954796955823,1.104972
1616940954805497324,1616940954806966136,0.982877
1616940954815590676,1616940954817184243,1.069137
1616940954825679593,1616940954827245933,1.035722
1616940954835757955,1616940954837304429,0.99083
1616940954845938860,1616940954847473222,0.987229
1616940954856093749,1616940954857592220,0.979608
1616940954866187076,1616940954867794286,1.147133
1616940954876377112,1616940954877991878,1.171759
1616940954886541673,1616940954888283034,1.253003
1616940954896760234,1616940954898511281,1.364997
1616940954907034453,1616940954908591226,1.08374
1616940954917197547,1616940954918885785,1.275117
1616940954927365132,1616940954929073825,1.272726
1616940954937528918,1616940954939227174,1.305257
1616940954947651108,1616940954949365225,1.278492
1616940954957821139,1616940954959529047,1.295144
1616940954967988982,1616940954969566113,1.095305
1616940954978236678,1616940954979834442,1.18753
1616940954988454598,1616940954990108601,1.245651
1616940954998626466,1616940955000355884,1.339742
1616940955008846872,1616940955010655175,1.361253
1616940955019061246,1616940955020797150,1.339885
1616940955029282774,1616940955030883580,1.134591
1616940955039446729,1616940955041201285,1.356257
1616940955049667334,1616940955051334505,1.184027
1616940955059881014,1616940955061452469,1.104663
1616940955070113148,1616940955071667075,1.135902
1616940955080346030,1616940955081956841,1.206582
1616940955090515802,1616940955092239888,1.302744
1616940955100734376,1616940955102443050,1.366389
1616940955110903649,1616940955112519599,1.148556
1616940955121135055,1616940955122757469,1.14466
1616940955131363996,1616940955132891221,1.104077
1616940955141593150,1616940955143266533,1.258548
1616940955151778234,1616940955153485038,1.293435
1616940955161997018,1616940955163706577,1.305702
1616940955172216363,1616940955173934492,1.305925
1616940955182387229,1616940955184021748,1.223751
1616940955192612160,1616940955194147240,1.109464
1616940955202782563,1616940955204415231,1.225222
1616940955213002523,1616940955214696344,1.223542
1616940955223223982,1616940955224741384,1.113393
1616940955233443572,1616940955235130232,1.290934
1616940955243662966,1616940955245256968,1.206381
1616940955253892456,1616940955255463831,1.156628
1616940955264119505,1616940955265698601,1.172048
1616940955274287852,1616940955275979005,1.288299
1616940955284453460,1616940955286053703,1.224063
1616940955294688095,1616940955296942201,1.912643
1616940955304877876,1616940955306580620,1.302122
1616940955315107311,1616940955316794868,1.273043
1616940955325326782,1616940955326905347,1.120075
1616940955335554619,1616940955337088395,1.127739
1616940955345749626,1616940955347385348,1.16993
1616940955355922167,1616940955357581734,1.248772
1616940955366034253,1616940955367519581,1.013441
1616940955376140972,1616940955377675797,1.046423
1616940955386261653,1616940955387788985,1.498578
1616940955396372104,1616940955397848170,1.005012
1616940955406464954,1616940955407978275,1.040733
1616940955416606571,1616940955418087558,0.998455
1616940955426678676,1616940955428318813,1.224605
1616940955436820578,1616940955438509976,1.220436
1616940955446932443,1616940955448452573,1.028247
1616940955457034092,1616940955458565476,1.131676
1616940955467189952,1616940955468594630,0.948424
1616940955477410424,1616940955478873043,0.960766
1616940955487630072,1616940955489041352,1.040133
1616940955497651618,1616940955499065987,0.962883
1616940955507809399,1616940955509248662,0.95273
1616940955517974465,1616940955519483578,1.059176
1616940955528072152,1616940955529552350,1.003287
1616940955538107075,1616940955539512888,1.022599
1616940955548263877,1616940955549755192,1.049158
1616940955558368264,1616940955559849592,0.975839
1616940955568519174,1616940955569906594,1.021632
1616940955578618221,1616940955580123005,1.034346
1616940955588775235,1616940955590235098,0.994622
1616940955598939674,1616940955600412282,1.004412
1616940955609036010,1616940955610522926,1.068626
1616940955619258607,1616940955620660672,0.90307
1616940955629315010,1616940955630836834,1.061058
1616940955639566366,1616940955640971777,0.969663
1616940955649646369,1616940955651064252,0.937269
1616940955659801156,1616940955661332248,1.062518
1616940955669948800,1616940955671349024,0.979945
1616940955680106536,1616940955681510510,0.978921
1616940955690281441,1616940955691749444,0.982931
1616940955700501554,1616940955702013053,1.044729
1616940955710676444,1616940955712111880,1.003501
1616940955720912342,1616940955722398083,1.104723
1616940955731131359,1616940955732679085,1.143687
1616940955741366015,1616940955743021305,1.179925
1616940955751600537,1616940955753232325,1.25025
1616940955761822874,1616940955763443853,1.215933
1616940955772040256,1616940955773558272,1.096475
1616940955782225463,1616940955783945923,1.302222
1616940955792409692,1616940955794006611,1.162651
1616940955802531658,1616940955804141905,1.188125
1616940955812757672,1616940955814350195,1.188125
1616940955822926207,1616940955824579096,1.236201
1616940955833084958,1616940955834679546,1.153709
1616940955843303100,1616940955844881268,1.147499
1616940955853528630,1616940955855071685,1.07027
1616940955863713920,1616940955865403016,1.284435
1616940955873868497,1616940955875355195,1.025956
1616940955884044359,1616940955885730859,1.279606
1616940955894226141,1616940955895956879,1.321825
1616940955904452260,1616940955906134785,1.273616
1616940955914620117,1616940955916251991,1.174632
1616940955924838430,1616940955926546176,1.303707
1616940955935056503,1616940955936833650,1.367235
1616940955945275957,1616940955947002035,1.323169
1616940955955493118,1616940955957024950,1.05616
1616940955965712352,1616940955967350846,1.1863
1616940955975938962,1616940955977591977,1.255967
1616940955986149303,1616940955987730312,1.153661
1616940955996381027,1616940955998091461,1.304925
1616940956006502612,1616940956008171773,1.293025
1616940956016719800,1616940956018353674,1.225805
1616940956026886070,1616940956028611299,1.302751
1616940956037012764,1616940956038698159,1.269662
1616940956047139140,1616940956048742207,1.192014
1616940956057263129,1616940956058867300,1.191695
1616940956067435555,1616940956069074611,1.221172
1616940956077608065,1616940956079226536,1.200902
1616940956087842565,1616940956089945562,1.868806
1616940956097982663,1616940956099653085,1.279169
1616940956108210526,1616940956109873260,1.247495
1616940956118381756,1616940956119969777,1.166829
1616940956128631207,1616940956130312177,1.271242
1616940956138803607,1616940956140346655,1.098564
1616940956149021024,1616940956150497436,1.05691
1616940956159238008,1616940956160826416,1.180039
1616940956169411202,1616940956171066691,1.190294
1616940956179521952,1616940956181102613,1.168995
1616940956189740276,1616940956191229891,1.057865
1616940956199898205,1616940956201474053,1.187988
1616940956210121613,1616940956211682111,1.118628
1616940956220340165,1616940956221905393,1.142185
1616940956230511658,1616940956232150669,1.16717
1616940956240729296,1616940956242358706,1.216143
1616940956250949175,1616940956252510460,1.141605
1616940956261179661,1616940956262789334,1.205015
1616940956271419841,1616940956272996293,1.156652
1616940956281639913,1616940956283232141,1.178425
1616940956291858369,1616940956293480129,1.214809
1616940956302103634,1616940956303746165,1.223444
1616940956312270969,1616940956313896070,1.211855
1616940956322439712,1616940956324031846,1.184147
1616940956332665272,1616940956334247902,1.150952
1616940956342834862,1616940956344401562,1.091523
1616940956353052252,1616940956354634004,1.187504
1616940956363286611,1616940956364856131,1.16475
1616940956373505822,1616940956374948716,1.032263
1616940956383724493,1616940956385218503,1.086762
1616940956393942579,1616940956395683869,1.349413
1616940956404117244,1616940956405727180,1.121432
1616940956414339980,1616940956415913941,1.180092
1616940956424558532,1616940956426112169,1.140919
1616940956434727226,1616940956436256571,1.103114
1616940956444947106,1616940956446513260,1.14668
1616940956455178018,1616940956456751600,1.121938
1616940956465412587,1616940956467011268,1.126025
1616940956475631531,1616940956477190456,1.137322
1616940956485806253,1616940956487299768,1.078501
1616940956496048430,1616940956497564935,1.101094
1616940956506248662,1616940956507905564,1.240952
1616940956516467097,1616940956518063498,1.120517
1616940956526588947,1616940956528171014,1.118566
1616940956536806356,1616940956538320374,1.047568
1616940956546963656,1616940956548596034,1.156785
1616940956557101320,1616940956558789285,1.219205
1616940956567194669,1616940956568846473,1.184506
1616940956577299299,1616940956578839084,1.067377
1616940956587400693,1616940956588963884,1.091866
1616940956597532692,1616940956599086063,1.076014
1616940956607748844,1616940956609357147,1.147989
1616940956617923301,1616940956619463884,1.10933
1616940956628096166,1616940956629673449,1.219922
1616940956638317979,1616940956639961735,1.223065
1616940956648534738,1616940956650044205,1.099245
1616940956658659238,1616940956660260298,1.155237
1616940956668882269,1616940956670510080,1.233749
1616940956679036485,1616940956680653189,1.198309
1616940956689255342,1616940956690813853,1.135112
1616940956699475606,1616940956700987456,1.073102
1616940956709693732,1616940956711281865,1.16766
1616940956719910617,1616940956721441859,1.106597
1616940956730161515,1616940956731716862,1.179548
1616940956740384510,1616940956741919977,1.103587
1616940956750553129,1616940956752147077,1.163698
1616940956760781228,1616940956762447051,1.304006
1616940956770950605,1616940956772457956,1.026485
1616940956781200946,1616940956782772576,1.136175
1616940956791419019,1616940956792945470,1.10531
1616940956801637440,1616940956803145919,1.031105
1616940956811855810,1616940956813358219,1.083299
1616940956822103077,1616940956823672846,1.083079
1616940956832339790,1616940956833854623,1.098832
1616940956842508102,1616940956844089903,1.164041
1616940956852734470,1616940956854398540,1.247806
1616940956862902577,1616940956864459938,1.086762
1616940956873114899,1616940956874708753,1.177882
1616940956883356464,1616940956884887607,1.116657
1616940956893575113,1616940956895548295,1.635446
1616940956903790510,1616940956905365397,1.094963
1616940956914008096,1616940956915659812,1.255191
1616940956924239056,1616940956925766317,1.061395
1616940956934407843,1616940956935933198,1.104633
1616940956944628755,1616940956946190369,1.124229
1616940956954798465,1616940956956312880,1.106007
1616940956965019474,1616940956966497152,1.047864
1616940956975233563,1616940956976696132,1.005206
1616940956985457733,1616940956986913593,1.02653
1616940956995674814,1616940956997074114,0.960206
1616940957005901983,1616940957007360502,1.037469
1616940957016117155,1616940957017630836,1.104948
1616940957026286111,1616940957027765588,1.063158
1616940957036506948,1616940957038031754,1.12407
1616940957046627538,1616940957048148120,1.028273
1616940957056857205,1616940957058397602,1.050343
1616940957067052789,1616940957068559227,1.106488
1616940957077219413,1616940957078725260,1.019254
1616940957087383837,1616940957088861303,0.97854
1616940957097514647,1616940957099000208,1.006487
1616940957107640154,1616940957109181881,1.106315
1616940957117764726,1616940957119250200,1.06144
1616940957127987240,1616940957129432151,1.068912
1616940957138180030,1616940957139677725,1.523257
1616940957148354414,1616940957149823643,0.99138
1616940957158519380,1616940957160022701,1.028961
1616940957168633703,1616940957170055583,0.928512
1616940957178736152,1616940957180249467,1.04263
1616940957188957375,1616940957190457477,1.048228
1616940957199008860,1616940957200483314,1.021834
1616940957209104975,1616940957210677728,1.105669
1616940957219265482,1616940957220729032,1.039693
1616940957229423642,1616940957231022910,1.10438
1616940957239576713,1616940957241092903,1.041319
1616940957249820362,1616940957251381044,1.092496
1616940957259922109,1616940957261449709,1.056094
1616940957270104054,1616940957271696269,1.124278
1616940957280204636,1616940957281663536,0.997017
1616940957290362990,1616940957291944296,1.110131
1616940957300467454,1616940957302007945,1.072865
1616940957310503823,1616940957312061599,1.074121
1616940957320626660,1616940957322152547,1.034155
1616940957330784731,1616940957332372549,1.139889
1616940957340900308,1616940957342525471,1.230944
1616940957350999350,1616940957352649239,1.24181
1616940957361162964,1616940957362763198,1.133741
1616940957371202394,1616940957372857019,1.237325
1616940957381344072,1616940957383002052,1.163299
1616940957391482433,1616940957393116392,1.161741
1616940957401524393,1616940957403133080,1.19868
1616940957411667330,1616940957413242820,1.093014
1616940957421842172,1616940957423469838,1.164672
1616940957432016706,1616940957433708701,1.221962
1616940957442111816,1616940957443812790,1.283109
1616940957452198434,1616940957453866758,1.190631
1616940957462304803,1616940957464005556,1.223891
1616940957472396610,1616940957474062091,1.26415
1616940957482566377,1616940957484267782,1.290184
1616940957492786242,1616940957494453356,1.324057
1616940957502956455,1616940957504550466,1.13988
1616940957513189863,1616940957514879112,1.276515
1616940957523408390,1616940957525065794,1.258664
1616940957533632753,1616940957535255500,1.141668
1616940957543803785,1616940957545535915,1.323141
1616940957554035164,1616940957555791794,1.330715
1616940957564266287,1616940957565898904,1.215896
1616940957574387367,1616940957576085944,1.236845
1616940957584607398,1616940957586258112,1.233158
1616940957594778475,1616940957596451918,1.255561
1616940957604999462,1616940957606635952,1.177674
1616940957615239221,1616940957616846747,1.189847
1616940957625464814,1616940957627068915,1.13008
1616940957635692519,1616940957637268604,1.114127
1616940957645926634,1616940957647524105,1.213162
1616940957656101645,1616940957657788001,1.267641
1616940957666259906,1616940957667851767,1.166089
1616940957676479193,1616940957678070546,1.108247
1616940957686606859,1616940957688175648,1.150249
1616940957696781337,1616940957698812232,1.819636
1616940957706872997,1616940957708464582,1.181561
1616940957717042000,1616940957718629299,1.188362
1616940957727147258,1616940957728689046,1.068415
1616940957737322248,1616940957738851842,1.044272
1616940957747546511,1616940957749026410,1.010407
1616940957757786029,1616940957759385986,1.113416
1616940957768007528,1616940957769509859,1.03096
1616940957778197371,1616940957779778310,1.154146
1616940957788430951,1616940957790053957,1.254984
1616940957798605902,1616940957800101476,1.008511
1616940957808789846,1616940957810226844,0.988418
1616940957818901619,1616940957820351800,0.942294
1616940957829047351,1616940957834663427,5.259243
1616940957839155024,1616940957840682797,1.062654
1616940957849315733,1616940957850777365,1.064586
1616940957859479931,1616940957861042066,1.128639
1616940957869699189,1616940957871242824,1.112632
1616940957879838500,1616940957881427859,1.163219
1616940957890011032,1616940957891613555,1.192892
1616940957900254011,1616940957901806920,1.139487
1616940957910333181,1616940957911930405,1.215162
1616940957920498543,1616940957922108712,1.186987
1616940957930615093,1616940957932172247,1.092613
1616940957940820108,1616940957942405140,1.160938
1616940957950984930,1616940957952545786,1.136683
1616940957961157551,1616940957962742363,1.124221
1616940957971335224,1616940957972912215,1.162333
1616940957981489603,1616940957983032697,1.159566
1616940957991652561,1616940957993158167,1.078625
1616940958001869857,1616940958003469533,1.172311
1616940958012123106,1616940958013694677,1.147169
1616940958022243500,1616940958023796175,1.16617
1616940958032356351,1616940958033948912,1.198386
1616940958042476465,1616940958044064716,1.168096
1616940958052640822,1616940958054174996,1.125328
1616940958062818125,1616940958064357806,1.148498
1616940958073049420,1616940958074661060,1.214369
1616940958083284866,1616940958084880064,1.18087
1616940958093394899,1616940958095053306,1.176448
1616940958103630031,1616940958105252253,1.217662
1616940958113853000,1616940958115469453,1.154933
1616940958124070663,1616940958125722514,1.246671
1616940958134179463,1616940958135804020,1.151686
1616940958144400535,1616940958146072438,1.262329
1616940958154568138,1616940958156231755,1.26624
1616940958164786301,1616940958166384466,1.187249
1616940958175007293,1616940958176661360,1.256516
1616940958185235288,1616940958186848758,1.203542
1616940958195479847,1616940958197080148,1.203658
1616940958205711559,1616940958207263877,1.132201
1616940958215929729,1616940958217543998,1.198393
1616940958226149087,1616940958227819932,1.250902
1616940958236309143,1616940958237939522,1.212485
1616940958246427802,1616940958248073677,1.228356
1616940958256595713,1616940958258270352,1.272688
1616940958266752985,1616940958268353220,1.144863
1616940958276923408,1616940958278515311,1.193406
1616940958287092378,1616940958288622357,1.110622
1616940958297275899,1616940958298868536,1.160003
1616940958307501632,1616940958309099997,1.177713
1616940958317721061,1616940958319237206,1.100608
1616940958327952277,1616940958329595417,1.252084
1616940958338203552,1616940958339871145,1.209926
1616940958348421958,1616940958349936866,1.107748
1616940958358590566,1616940958360271220,1.282847
1616940958368813774,1616940958370554873,1.32978
1616940958379034367,1616940958380741276,1.288316
1616940958389250419,1616940958390879296,1.148286
1616940958399497063,1616940958401193697,1.272772
1616940958409715590,1616940958411362188,1.228388
1616940958419932433,1616940958421605987,1.290577
1616940958430163367,1616940958431803074,1.233593
1616940958440383389,1616940958441919623,1.11021
1616940958450552102,1616940958452018062,1.061804
1616940958460785177,1616940958462319512,1.110962
1616940958471020702,1616940958472510836,1.079769
1616940958481203957,1616940958483038757,1.429772
1616940958491423963,1616940958492875315,0.950051
1616940958501588708,1616940958503135246,1.021953
1616940958511764538,1616940958513181188,0.928463
1616940958521984327,1616940958523486014,1.078088
1616940958532202008,1616940958533610310,1.040185
1616940958542371911,1616940958543821433,1.008475
1616940958552597346,1616940958554126664,1.10622
1616940958562765347,1616940958564293502,1.096628
1616940958572994357,1616940958574542699,1.165326
1616940958583230712,1616940958584748188,1.084609
1616940958593447596,1616940958594975878,1.110614
1616940958603668886,1616940958605174247,1.077948
1616940958613886406,1616940958615453638,1.152856
1616940958624044846,1616940958625590460,1.093961
1616940958634219800,1616940958635800300,1.167245
1616940958644447314,1616940958646103948,1.235093
1616940958654568619,1616940958656126454,1.076275
1616940958664792407,1616940958666434614,1.279507
1616940958675008012,1616940958676590194,1.184665
1616940958685240807,1616940958686794694,1.145076
1616940958695493634,1616940958696996223,1.118079
1616940958705721378,1616940958707196847,1.049023
1616940958715949568,1616940958717475806,1.040573
1616940958726197222,1616940958727735992,1.116475
1616940958736414868,1616940958737967498,1.076217
1616940958746583283,1616940958748264083,1.262917
1616940958756803454,1616940958758383100,1.109663
1616940958767023057,1616940958768678897,1.257954
1616940958777254699,1616940958778770679,1.081432
1616940958787475285,1616940958789012643,1.113765
1616940958797711240,1616940958799227563,1.095259
1616940958807929004,1616940958809467707,1.103966
1616940958818121190,1616940958819611192,1.075193
1616940958828345454,1616940958829977618,1.224904
1616940958838520050,1616940958840052706,1.06252
1616940958848738369,1616940958850281717,1.105833
1616940958858912086,1616940958860408649,1.102634
1616940958869135018,1616940958871549082,2.033928
1616940958879291544,1616940958880861512,1.111214
1616940958889393021,1616940958890931808,1.071247
1616940958899582999,1616940958901080896,1.059433
1616940958909686629,1616940958911201966,1.040581
1616940958919790665,1616940958921233014,1.005557
1616940958929890251,1616940958931457262,1.113651
1616940958940012229,1616940958941673119,1.19778
1616940958950097076,1616940958951742899,1.227055
1616940958960142465,1616940958961749296,1.154065
1616940958970190435,1616940958971852987,1.249698
1616940958980235142,1616940958981821928,1.111166
1616940958990339340,1616940958991971965,1.168271
1616940959000439738,1616940959002078235,1.183728
1616940959010603373,1616940959012134196,1.055986
1616940959020760075,1616940959022430631,1.220616
1616940959030916089,1616940959032565906,1.167142
1616940959040979895,1616940959042609842,1.237296
1616940959051010657,1616940959052663569,1.255504
1616940959061170595,1616940959062812207,1.187483
1616940959071331338,1616940959073062405,1.259543
1616940959081427607,1616940959082973089,1.069725
1616940959091579386,1616940959093215631,1.226704
1616940959101680832,1616940959103438436,1.326623
1616940959111843408,1616940959113465880,1.176613
1616940959122086552,1616940959123683008,1.11605
1616940959132186202,1616940959133798556,1.136044
1616940959142350705,1616940959143974475,1.16794
1616940959152468288,1616940959154036909,1.090321
1616940959162574399,1616940959164204051,1.209597
1616940959172669557,1616940959174324352,1.167257
1616940959182700726,1616940959184309192,1.189972
1616940959192918454,1616940959194628235,1.297291
1616940959203138572,1616940959204821649,1.264417
1616940959213260545,1616940959214878542,1.143523
1616940959223492678,1616940959225117753,1.203715
1616940959233711671,1616940959235361052,1.170791
1616940959243928973,1616940959245520781,1.177617
1616940959254184078,1616940959255744736,1.145084
1616940959264429650,1616940959266058935,1.194766
1616940959274588474,1616940959276304916,1.973545
1616940959284829953,1616940959286377146,1.126115
1616940959294993781,1616940959296579843,1.169531
1616940959305163244,1616940959306805518,1.162793
1616940959315394651,1616940959316938371,1.119809
1616940959325612588,1616940959327249114,1.185093
1616940959335778925,1616940959337343222,1.164949
1616940959345889291,1616940959347497174,1.19727
1616940959356106050,1616940959357640480,1.118512
1616940959366222309,1616940959367788091,1.150074
1616940959376377416,1616940959378020220,1.234329
1616940959386599344,1616940959388160960,1.140655
1616940959396817520,1616940959398488715,1.255348
1616940959406974617,1616940959408613945,1.165965
1616940959417101705,1616940959418697388,1.197219
1616940959427218550,1616940959428836611,1.19573
1616940959437441737,1616940959438971575,1.119274
1616940959447610157,1616940959449229626,1.211076
1616940959457828508,1616940959459457329,1.225917
1616940959467950285,1616940959469657912,1.310606
1616940959478133337,1616940959479722918,1.174165
1616940959488355602,1616940959489951879,1.182197
1616940959498526349,1616940959500101263,1.169494
1616940959508761369,1616940959510339003,1.176188
1616940959518931267,1616940959520595657,1.251634
1616940959529156751,1616940959530718412,1.129334
1616940959539376234,1616940959541020740,1.229601
1616940959549597464,1616940959551083081,1.02134
1616940959559755036,1616940959561331631,1.163529
1616940959569992843,1616940959571721700,1.317422
1616940959580220781,1616940959581884453,1.263119
1616940959590376804,1616940959592035331,1.236228
1616940959600594736,1616940959602191570,1.17924
1616940959610765168,1616940959612446897,1.267557
1616940959620932736,1616940959622549685,1.212266
1616940959631180203,1616940959632728499,1.117174
1616940959641344406,1616940959642964680,1.239321
1616940959651509389,1616940959653102892,1.17
1616940959661744938,1616940959663312414,1.166801
1616940959671963312,1616940959673718913,1.348134
1616940959682159895,1616940959683684520,1.047204
1616940959692379748,1616940959693856803,1.075989
1616940959702542617,1616940959704061930,1.095343
1616940959712761934,1616940959714283466,1.095413
1616940959723015507,1616940959729206404,5.779393
1616940959733057110,1616940959734579917,1.104066
1616940959743240770,1616940959745001827,1.278744
1616940959753483446,1616940959755121420,1.227434
1616940959763704270,1616940959765384688,1.265226
1616940959773950765,1616940959775568033,1.206253
1616940959784181146,1616940959785833438,1.225179
1616940959794354276,1616940959796040835,1.283205
1616940959804576777,1616940959806256360,1.28838
1616940959814734630,1616940959816381703,1.233166
1616940959824964121,1616940959826609443,1.226185
1616940959835181562,1616940959836852610,1.249803
1616940959845401893,1616940959846983645,1.19927
1616940959855558962,1616940959857001128,0.948343
1616940959865779522,1616940959867235875,1.012676
1616940959875999329,1616940959877435176,0.993028
1616940959886235601,1616940959887747587,1.088005
1616940959896474778,1616940959898047372,1.159171
1616940959906644083,1616940959908250439,1.183145
1616940959916874765,1616940959918451634,1.215569
1616940959927092414,1616940959928720795,1.205029
1616940959937339251,1616940959938879551,1.114867
1616940959947564009,1616940959949061071,1.061888
1616940959957791592,1616940959959269229,1.025788
1616940959967956173,1616940959969496785,1.132106
1616940959978167452,1616940959979660277,0.991619
1616940959988388193,1616940959989887044,1.104438
1616940959998557056,1616940960000073769,1.090909
1616940960008797506,1616940960010313810,1.068262
1616940960019017341,1616940960020584254,1.159102
1616940960029236468,1616940960030814163,1.181707
1616940960039405050,1616940960040989258,1.140505
1616940960049603817,1616940960051236863,1.156168
1616940960059841287,1616940960061445558,1.193064
1616940960070083418,1616940960071786093,1.295523
1616940960080304198,1616940960081879614,1.16142
1616940960090486562,1616940960092594548,1.906675
1616940960100703915,1616940960102334948,1.21011
1616940960110860469,1616940960112485525,1.218566
1616940960121093385,1616940960122653993,1.091357
1616940960131313519,1616940960132888912,1.146007
1616940960141553839,1616940960143126195,1.136412
1616940960151787922,1616940960153388577,1.184111
1616940960162016159,1616940960163685743,1.260457
1616940960172243330,1616940960173918728,1.257996
1616940960182413829,1616940960184024932,1.20208
1616940960192666372,1616940960194277646,1.198895
1616940960202821851,1616940960204403590,1.165532
1616940960213041298,1616940960214605569,1.119811
1616940960223258362,1616940960224801838,1.139791
1616940960233500299,1616940960235039457,1.13133
1616940960243617730,1616940960245159829,1.103162
1616940960253839104,1616940960255343188,1.114334
1616940960264059016,1616940960265493327,1.01141
1616940960274248213,1616940960275698296,1.022895
1616940960284401350,1616940960285881194,1.046974
1616940960294559227,1616940960296088639,1.105518
1616940960304771012,1616940960306362034,1.172156
1616940960314941008,1616940960316487972,1.148553
1616940960325161125,1616940960326882369,1.267184
1616940960335278300,1616940960336848126,1.098021
1616940960345456324,1616940960346995428,1.072575
1616940960355676050,1616940960357252627,1.095911
1616940960365899611,1616940960367445019,1.064818
1616940960376117450,1616940960377706679,1.114727
1616940960386250679,1616940960387838364,1.117371
1616940960396469567,1616940960398080513,1.125569
1616940960406636077,1616940960408157588,1.056001
1616940960416854196,1616940960418500699,1.1571
1616940960426964562,1616940960428539574,1.131299
1616940960437067547,1616940960438766367,1.218265
1616940960447185209,1616940960453365312,5.734921
1616940960457351593,1616940960458820722,0.955196
1616940960467454783,1616940960468959481,1.051879
1616940960477669065,1616940960479186503,1.078114
1616940960487894481,1616940960489331263,1.015958
1616940960498123852,1616940960499698155,1.138336
1616940960508335475,1616940960510003409,1.182158
1616940960518459826,1616940960520136024,1.248227
1616940960528628522,1616940960530180754,1.120689
1616940960538722407,1616940960540395110,1.216778
1616940960548882714,1616940960550537433,1.297553
1616940960559049396,1616940960560682479,1.203587
1616940960569269631,1616940960571475379,1.805696
1616940960579441428,1616940960581056053,1.196789
1616940960589575538,1616940960591120648,1.070476
1616940960599797061,1616940960601433116,1.178225
1616940960609934674,1616940960611628173,1.264097
1616940960619969212,1616940960621637725,1.197336
1616940960630000647,1616940960631612418,1.157317
1616940960640176112,1616940960641796433,1.174316
1616940960650351725,1616940960651975340,1.151472
1616940960660577250,1616940960662125118,1.074481
1616940960670741114,1616940960672372766,1.180304
1616940960680904211,1616940960682624453,1.25719
1616940960691006810,1616940960692726532,1.224415
1616940960701224363,1616940960702828473,1.134876
1616940960711362766,1616940960712912978,1.075631
1616940960721522687,1616940960723096977,1.091593
1616940960731707441,1616940960733282356,1.165794
1616940960741802859,1616940960743425264,1.131744
1616940960751963387,1616940960753566547,1.125933
1616940960762170039,1616940960763679724,1.022032
1616940960772272556,1616940960773905830,1.144567
1616940960782390681,1616940960784063650,1.196667
1616940960792479969,1616940960794098731,1.144709
1616940960802512412,1616940960804130158,1.161745
1616940960812735535,1616940960814358452,1.136692
1616940960822885119,1616940960824529131,1.168265
1616940960832963787,1616940960834648195,1.222364
1616940960843033823,1616940960844721545,1.207586
1616940960853252733,1616940960854888263,1.170572
1616940960863326966,1616940960864922589,1.18256
1616940960873429061,1616940960875054806,1.223739
1616940960883496208,1616940960885123207,1.144435
1616940960893603653,1616940960895142633,1.085848
1616940960903644454,1616940960905235150,1.158176
1616940960913769218,1616940960915374233,1.140264
1616940960923993921,1616940960925688319,1.300852
1616940960934161291,1616940960935754646,1.114416
1616940960944264369,1616940960945778077,1.089112
1616940960954390533,1616940960955982481,1.138505
1616940960964584202,1616940960966217148,1.161923
1616940960974744680,1616940960976283194,1.048767
1616940960984794319,1616940960986307464,1.111412
1616940960994959401,1616940960996484550,1.116455
1616940961005128313,1616940961006726764,1.189197
1616940961015288703,1616940961016896857,1.203727
1616940961025459688,1616940961027057146,1.180073
1616940961035630601,1616940961037191376,1.146227
1616940961045798406,1616940961047433011,1.181464
1616940961056016873,1616940961057632302,1.158698
1616940961066223992,1616940961067790432,1.099054
1616940961076444220,1616940961077961213,1.040028
1616940961086557942,1616940961088066771,1.174473
1616940961096776330,1616940961098250027,1.052533
1616940961106880442,1616940961108423986,1.120064
1616940961117013760,1616940961118605553,1.119926
1616940961127144575,1616940961128723907,1.165872
1616940961137269255,1616940961138833071,1.096711
1616940961147398142,1616940961148827204,1.04532
1616940961157528408,1616940961158932854,1.034804
1616940961167702380,1616940961169225445,1.110157
1616940961177922155,1616940961179498201,1.147193
1616940961188080536,1616940961189632894,1.14798
1616940961198248614,1616940961199701952,1.034568
1616940961208374931,1616940961209880056,1.054854
1616940961218544961,1616940961220115306,1.093074
1616940961228750195,1616940961230196771,0.964965
1616940961238912548,1616940961240563739,1.148579
1616940961249081926,1616940961250607883,1.13191
1616940961259305273,1616940961260802140,1.089056
1616940961269527767,1616940961271002986,1.002647
1616940961279656370,1616940961281244786,1.103209
1616940961289880201,1616940961291421785,1.05629
1616940961300052233,1616940961301641269,1.103792
1616940961310161655,1616940961311803797,1.177215
1616940961320386536,1616940961321925335,1.054873
1616940961330511219,1616940961332040878,1.059581
1616940961340728459,1616940961342285469,1.054683
1616940961350842631,1616940961352333831,0.982671
1616940961361062795,1616940961362521918,0.959234
1616940961371189194,1616940961372687354,1.003142
1616940961381355040,1616940961382797656,0.939734
1616940961391567846,1616940961393042704,0.988926
1616940961401783135,1616940961403249845,0.96012
1616940961411943485,1616940961413424240,0.984748
1616940961422093242,1616940961423649271,1.065392
1616940961432228150,1616940961433750547,1.050002
1616940961442346763,1616940961443930460,1.158813
1616940961452563849,1616940961454039648,1.0551
1616940961462749706,1616940961464189017,0.921563
1616940961472909220,1616940961474336817,0.936746
1616940961483123561,1616940961484628230,1.023815
1616940961493336924,1616940961494843364,1.03406
1616940961503554783,1616940961505059414,1.040442
1616940961513722135,1616940961515144212,0.929866
1616940961523925936,1616940961525409813,0.980116
1616940961534106018,1616940961535548302,0.934706
1616940961544285359,1616940961545914804,1.169695
1616940961554413367,1616940961555859649,0.925384
1616940961564649197,1616940961566083329,0.910664
1616940961574827297,1616940961576318352,0.986915
1616940961585052318,1616940961586630697,1.166649
1616940961595276834,1616940961596857707,1.164351
1616940961605511087,1616940961607069876,1.1318
1616940961615729170,1616940961617297737,1.089269
1616940961625953699,1616940961627546772,1.134657
1616940961636177756,1616940961637806101,1.146221
1616940961646294106,1616940961647897631,1.120128
1616940961656520982,1616940961658113736,1.12226
1616940961666691366,1616940961668396403,1.245153
1616940961676950027,1616940961679248311,1.89837
1616940961687168308,1616940961688791087,1.152713
1616940961697389782,1616940961699003507,1.139166
1616940961707614019,1616940961709210351,1.109086
1616940961717778027,1616940961719461408,1.21662
1616940961727944301,1616940961729535939,1.115428
1616940961738163182,1616940961739704759,1.105495
1616940961748273968,1616940961749854779,1.08914
1616940961758396114,1616940961760039492,1.18622
1616940961768623520,1616940961770186350,1.094492
1616940961778794918,1616940961780431847,1.186344
1616940961789028519,1616940961790660665,1.234524
1616940961799261443,1616940961800848404,1.169891
1616940961809380924,1616940961810880545,1.133589
1616940961819550033,1616940961821092156,1.139731
1616940961829720950,1616940961831341231,1.223365
1616940961839887078,1616940961841519667,1.245328
1616940961850118605,1616940961851714743,1.137463
1616940961860341298,1616940961862037348,1.297087
1616940961870524987,1616940961872210119,1.266382
1616940961880753267,1616940961882426977,1.282153
1616940961890915959,1616940961892540536,1.145453
1616940961901027426,1616940961902651714,1.16906
1616940961911253289,1616940961912869798,1.200274
1616940961921434583,1616940961922962150,1.128356
1616940961931659650,1616940961933152371,1.065157
1616940961941883560,1616940961943440906,1.105392
1616940961952009498,1616940961953723565,1.229189
1616940961962107255,1616940961963730525,1.133461
1616940961972258748,1616940961973955620,1.189241
1616940961982354751,1616940961983979905,1.113322
1616940961992499917,1616940961994054596,1.026402
1616940962002669075,1616940962004315030,1.125123
1616940962012903227,1616940962014562310,1.177089
1616940962023139093,1616940962024722217,1.053961
1616940962033353443,1616940962034940833,1.035892
1616940962043572530,1616940962045061610,0.949372
1616940962053705647,1616940962055215744,0.997974
1616940962063825702,1616940962065438372,1.151015
1616940962074039531,1616940962075678375,1.176573
1616940962084212092,1616940962085834605,1.202649
1616940962094378055,1616940962095937603,1.102612
1616940962104545526,1616940962106105953,1.153624
1616940962114663665,1616940962116282581,1.199684
1616940962124836656,1616940962126445645,1.262623
1616940962135054204,1616940962136718277,1.194769
1616940962145272319,1616940962146810517,1.064842
1616940962155490928,1616940962157090302,1.111342
1616940962165708876,1616940962167259155,1.064663
1616940962175883547,1616940962177465528,1.138458
1616940962186014667,1616940962187677791,1.181212
1616940962196185207,1616940962197789525,1.172593
1616940962206280285,1616940962207923012,1.258078
1616940962216450584,1616940962218008970,1.16315
1616940962226571854,1616940962228207168,1.232131
1616940962236795431,1616940962238537037,1.344203
1616940962246974719,1616940962248616404,1.179777
1616940962257207244,1616940962258897933,1.21564
1616940962267426180,1616940962269060468,1.25395
1616940962277638547,1616940962279225291,1.18168
1616940962287800373,1616940962289376056,1.381089
1616940962298020489,1616940962299730999,1.300357
1616940962308194554,1616940962309756730,1.720245
1616940962318381461,1616940962319947045,1.086635
1616940962328531659,1616940962330067134,1.065436
1616940962338650670,1616940962340341815,1.234096
1616940962348748891,1616940962350380812,1.150697
1616940962358860595,1616940962360555560,1.221854
1616940962369065491,1616940962370738256,1.199527
1616940962379107342,1616940962380770975,1.200746
1616940962389265293,1616940962390877964,1.142584
1616940962399330224,1616940962400806699,0.995975
1616940962409482702,1616940962411005696,1.058264
1616940962419709177,1616940962421243373,1.03159
1616940962429810558,1616940962431391728,1.202867
1616940962439839173,1616940962441382724,1.134157
1616940962449941672,1616940962451544052,1.128923
1616940962460093947,1616940962461612992,1.041964
1616940962470250889,1616940962471792352,1.04759
1616940962480350437,1616940962481960241,1.143835
1616940962490452819,1616940962492766781,1.891153
1616940962500629040,1616940962502283403,1.177436
1616940962510745643,1616940962512371709,1.138586
1616940962520903037,1616940962522584405,1.234559
1616940962530968195,1616940962532508071,1.077575
1616940962541050864,1616940962542666681,1.144286
1616940962551275771,1616940962552796444,1.031328
1616940962561377792,1616940962562902164,1.062521
1616940962571554027,1616940962573101661,1.117052
1616940962581791965,1616940962583358533,1.110505
1616940962591857094,1616940962593499430,1.161905
1616940962602101793,1616940962603642432,1.080732
1616940962612204173,1616940962613768741,1.085873
1616940962622365083,1616940962623938224,1.173069
1616940962632539753,1616940962634166524,1.137109
1616940962642639637,1616940962644512727,1.472338
1616940962652856729,1616940962654365881,1.06817
1616940962663034186,1616940962664631796,1.130063
1616940962673136484,1616940962674713161,1.098997
1616940962683240334,1616940962684759643,1.09714
1616940962693458341,1616940962694927726,0.992747
1616940962703624532,1616940962705066742,1.01121
1616940962713844850,1616940962715250104,0.959855
1616940962724068398,1616940962725495266,0.941771
1616940962734227221,1616940962735742589,1.089527
1616940962744461936,1616940962745958853,1.10753
1616940962754633478,1616940962756112776,1.105076
1616940962764853928,1616940962766412253,1.16129
1616940962775081881,1616940962776573539,1.090533
1616940962785299760,1616940962786815818,1.090625
1616940962795524957,1616940962796962401,1.071064
1616940962805744322,1616940962807327197,1.177925
1616940962815978067,1616940962817476076,1.066663
1616940962826217813,1616940962827709680,1.056463
1616940962836393279,1616940962838007225,1.219123
1616940962846563156,1616940962848254774,1.285276
1616940962856781480,1616940962858341990,1.095536
1616940962866953574,1616940962868591101,1.217802
1616940962877175694,1616940962878872891,1.236419
1616940962887425139,1616940962888969589,1.13588
1616940962897645966,1616940962899170650,1.10869
1616940962907864810,1616940962909410690,1.124401
1616940962918102716,1616940962919584471,1.113852
1616940962928322430,1616940962929940728,1.208266
1616940962938490733,1616940962940076990,1.171372
1616940962948659013,1616940962950302689,1.24896
1616940962958884007,1616940962960573565,1.23402
1616940962969108962,1616940962970757163,1.246055
1616940962979331047,1616940962980805745,1.010509
1616940962989500492,1616940962991043946,1.131323
1616940962999730815,1616940963001294994,1.148574
1616940963009950972,1616940963011536475,1.155201
1616940963020128023,1616940963021655663,1.093045
1616940963030303802,1616940963031768424,1.062325
1616940963040550685,1616940963042031648,1.086425
1616940963050719316,1616940963052232131,1.078033
1616940963060950490,1616940963062509034,1.159588
1616940963071124169,1616940963072731046,1.234562
1616940963081351491,1616940963082989978,1.223137
1616940963091523370,1616940963093049861,1.059404
1616940963101752375,1616940963103332906,1.153587
1616940963111975218,1616940963113545713,1.16109
1616940963122219070,1616940963123756592,1.126151
1616940963132438080,1616940963134027696,1.173714
1616940963142558101,1616940963144163451,1.186284
1616940963152786376,1616940963154394265,1.189003
1616940963163005210,1616940963164647053,1.221224
1616940963173234187,1616940963174774728,1.151351
1616940963183451867,1616940963184943764,1.11784
1616940963193617588,1616940963195169094,1.148129
1616940963203793181,1616940963205381079,1.178857
1616940963213979305,1616940963215635524,1.236559
1616940963224207137,1616940963225833575,1.21128
1616940963234376313,1616940963235981960,1.182631
1616940963244546018,1616940963246145973,1.186112
1616940963254713502,1616940963256389681,1.260304
1616940963264901556,1616940963266545693,1.235576
1616940963275133339,1616940963276774249,1.184069
1616940963285349830,1616940963286930088,1.177087
1616940963295504533,1616940963297644969,1.913515
1616940963305723982,1616940963307288291,1.142006
1616940963315836275,1616940963317470944,1.222599
1616940963325992630,1616940963327669114,1.274996
1616940963336236131,1616940963337885694,1.234319
1616940963346404433,1616940963348025451,1.209244
1616940963356578313,1616940963358258788,1.318036
1616940963366753281,1616940963368344200,1.122752
1616940963376972168,1616940963378656054,1.301684
1616940963387192889,1616940963388894324,1.300943
1616940963397427243,1616940963398940710,1.055989
1616940963407586495,1616940963409091796,1.081306
1616940963417809086,1616940963419410884,1.204536
1616940963428025964,1616940963429705247,1.256023
1616940963438201529,1616940963439783476,1.1732
1616940963448373440,1616940963449942954,1.157874
1616940963458595324,1616940963460130201,1.135164
1616940963468811707,1616940963470374809,1.154463
1616940963479036402,1616940963480625264,1.205234
1616940963489283599,1616940963490819577,1.101391
1616940963499521859,1616940963501010499,1.008662
1616940963509754469,1616940963511338847,1.166531
1616940963519939471,1616940963521540465,1.218419
1616940963530157335,1616940963531804257,1.236516
1616940963540372590,1616940963541973231,1.190366
1616940963550477651,1616940963552116577,1.228839
1616940963560636635,1616940963562117778,0.997759
1616940963570857324,1616940963572419150,1.147967
1616940963581027371,1616940963582585628,1.154419
1616940963591205990,1616940963592716441,1.108829
1616940963601380246,1616940963602916312,1.081246
1616940963611595731,1616940963613150226,1.145997
1616940963621833045,1616940963623419470,1.178563
1616940963632007427,1616940963633555207,1.139012
1616940963642206053,1616940963643765190,1.13766
1616940963652423375,1616940963653993631,1.192246
1616940963662591929,1616940963664172135,1.11368
1616940963672763619,1616940963674338504,1.15581
1616940963682940908,1616940963684566009,1.156297
1616940963693110600,1616940963694679756,1.149247
1616940963703340905,1616940963704934247,1.182407
1616940963713460854,1616940963715015533,1.145024
1616940963723654209,1616940963725241625,1.190071
1616940963733820925,1616940963735461663,1.233764
1616940963743992493,1616940963745699418,1.30141
1616940963754226667,1616940963755966099,1.330486
1616940963764444125,1616940963766159259,1.296103
1616940963774608574,1616940963776332887,1.317881
1616940963784835915,1616940963786532230,1.313166
1616940963794999923,1616940963796684326,1.274949
1616940963805226041,1616940963806850365,1.256232
1616940963815401701,1616940963817097226,1.268336
1616940963825623308,1616940963827316085,1.273821
1616940963835790263,1616940963837408712,1.206197
1616940963845962897,1616940963847623707,1.241058
1616940963856123223,1616940963857734141,1.21699
1616940963866346594,1616940963867980379,1.239221
1616940963876469874,1616940963878077569,1.171181
1616940963886590959,1616940963888142028,1.150764
1616940963896720099,1616940963898304714,1.180517
1616940963906887996,1616940963908523810,1.249802
1616940963917059870,1616940963918710622,1.184962
1616940963927238578,1616940963928836987,1.184113
1616940963937405646,1616940963939093967,1.308311
1616940963947629594,1616940963949385176,1.350729
1616940963957865408,1616940963959573325,1.252421
1616940963968031998,1616940963969680845,1.181866
1616940963978149534,1616940963979864036,1.299534
1616940963988320198,1616940963989829635,1.053445
1616940963998489301,1616940964000052508,1.15636
1616940964008710332,1616940964010218867,1.126063
1616940964018885811,1616940964020396659,1.059493
1616940964034115342,1616940964035672599,1.161649
1616940964044225339,1616940964045734884,0.993381
1616940964054400776,1616940964055964418,1.037445
1616940964064489735,1616940964066032368,1.005479
1616940964074559019,1616940964076227535,1.158047
1616940964084634785,1616940964086148206,1.015135
1616940964094670108,1616940964096326201,1.444572
1616940964104743063,1616940964106178846,0.870687
1616940964114825079,1616940964116310873,0.932488
1616940964124911101,1616940964126375540,0.911005
1616940964135007148,1616940964136465193,0.964749
1616940964145221317,1616940964146755933,1.013622
1616940964155333294,1616940964156799743,0.94794
1616940964165590039,1616940964167138727,1.059287
1616940964175755439,1616940964177213598,1.014166
1616940964185917963,1616940964187392278,1.040106
1616940964196082420,1616940964197534458,0.954095
1616940964206193685,1616940964207661862,1.007108
1616940964216289947,1616940964217752277,0.972173
1616940964226440775,1616940964228034169,1.164412
1616940964236663509,1616940964238241995,1.109023
1616940964246894179,1616940964248397161,1.061534
1616940964257147744,1616940964258677673,1.106751
1616940964267366003,1616940964268898439,1.138247
1616940964277602987,1616940964279237224,1.21311
1616940964287824459,1616940964289404243,1.170989
1616940964297940723,1616940964299519449,1.149808
1616940964308121969,1616940964309715881,1.143259
1616940964318297280,1616940964319949731,1.229324
1616940964328517227,1616940964330090403,1.091759
1616940964338692009,1616940964340307240,1.201567
1616940964348923103,1616940964350580077,1.23827
1616940964359154013,1616940964360749807,1.195054
1616940964369391777,1616940964370968689,1.178769
1616940964379610171,1616940964381148860,1.056666
1616940964389831241,1616940964391317914,1.058767
1616940964400060067,1616940964401536594,1.03272
1616940964410225902,1616940964411700975,1.051995
1616940964420452210,1616940964421951316,1.078176
1616940964430623086,1616940964432280541,1.240455
1616940964440861891,1616940964442353681,0.988778
1616940964451091177,1616940964452662580,1.147246
1616940964461310198,1616940964462832822,1.198644
1616940964471538839,1616940964473087092,1.129559
1616940964481760366,1616940964483252289,1.068647
1616940964491980914,1616940964493516380,1.111736
1616940964502217971,1616940964503725004,1.091796
1616940964512448020,1616940964513997603,1.1279
1616940964522616502,1616940964524184812,1.151443
1616940964532834814,1616940964534360412,1.115188
1616940964543014932,1616940964544555705,1.124526
1616940964553235084,1616940964554726125,1.081185
1616940964563461612,1616940964564981350,1.037973
1616940964573679548,1616940964575295373,1.206158
1616940964583895498,1616940964585466699,1.143952
1616940964594125235,1616940964595653000,1.131572
1616940964604341304,1616940964605962158,1.193815
1616940964614510882,1616940964616126955,1.19434
1616940964624728510,1616940964626346894,1.179895
1616940964634892761,1616940964636491112,1.17077
1616940964645067892,1616940964646678290,1.123752
1616940964655236863,1616940964656819414,1.103635
1616940964665413205,1616940964666984629,1.088654
1616940964675626691,1616940964677184341,1.130875
1616940964685852885,1616940964687446116,1.170331
1616940964696031940,1616940964697767062,1.310416
1616940964706229953,1616940964707834080,1.208082
1616940964716464901,1616940964718117603,1.228306
1616940964726687272,1616940964728340819,1.227165
1616940964736916207,1616940964738616263,1.306063
1616940964747093844,1616940964748715507,1.136777
1616940964757266955,1616940964758900554,1.144181
1616940964767439607,1616940964769048486,1.193995
1616940964777668903,1616940964779256638,1.110639
1616940964787786795,1616940964789351024,1.091496
1616940964798008198,1616940964799508725,1.112647
1616940964808230509,1616940964809759934,1.126755
1616940964818394609,1616940964819888362,1.111696
1616940964828630212,1616940964830138917,1.109528
1616940964838799394,1616940964840347288,1.140634
1616940964849019821,1616940964850552409,1.129785
1616940964859176425,1616940964860761125,1.177679
1616940964869426950,1616940964871054410,1.199702
1616940964879644372,1616940964881234179,1.151953
1616940964889867840,1616940964891463567,1.184175
1616940964900086207,1616940964902246696,1.919992
1616940964910195487,1616940964911792186,1.194458
1616940964920428598,1616940964921980473,1.136383
1616940964930599290,1616940964932162829,1.150921
1616940964940816994,1616940964942331785,1.043905
1616940964950977130,1616940964952554924,1.163266
1616940964961203649,1616940964962786363,1.153597
1616940964971433024,1616940964972977441,1.126759
1616940964981652111,1616940964983201778,1.154613
1616940964991870577,1616940964993483041,1.180875
1616940965002094809,1616940965003613357,1.060697
1616940965012322286,1616940965013865329,1.109405
1616940965022490410,1616940965024102822,1.18707
1616940965032723130,1616940965034284477,1.147973
1616940965042881380,1616940965044455281,1.148715
1616940965053100564,1616940965054726015,1.23987
1616940965063319384,1616940965064850802,1.11121
1616940965073554338,1616940965075180379,1.171351
1616940965083768806,1616940965085353876,1.101762
1616940965093992051,1616940965095633042,1.225171
1616940965104209096,1616940965105848360,1.206928
1616940965114339131,1616940965115929551,1.103074
1616940965124578466,1616940965126237887,1.242077
1616940965134758000,1616940965136358873,1.152478
1616940965144983893,1616940965146658272,1.269723
1616940965155197890,1616940965156792049,1.173682
1616940965165425143,1616940965166948421,1.088425
1616940965175591829,1616940965177139654,1.12567
1616940965185821408,1616940965187398860,1.160502
1616940965196050594,1616940965197548117,1.078836
1616940965206185583,1616940965207816326,1.216057
1616940965216359138,1616940965218035919,1.194222
1616940965226473839,1616940965228093875,1.213933
1616940965236702355,1616940965238203355,1.055002
1616940965246814569,1616940965248316302,1.080437
1616940965256991126,1616940965258521489,1.083636
1616940965267151207,1616940965268629918,1.063408
1616940965277377723,1616940965278887611,1.040312
1616940965287622913,1616940965289112332,1.074022
1616940965297794458,1616940965299255315,0.976108
1616940965307914356,1616940965309463953,1.076369
1616940965318155442,1616940965319719871,1.16692
1616940965328375500,1616940965330079401,1.293274
1616940965338497765,1616940965340112331,1.201401
1616940965348698748,1616940965350237363,1.052024
1616940965358861471,1616940965362673314,3.368014
1616940965369020844,1616940965370501206,0.981016
1616940965379239713,1616940965380759056,1.051823
1616940965389404063,1616940965390968909,1.095823
1616940965399514555,1616940965401098179,1.119113
1616940965409735103,1616940965411285645,1.070505
1616940965419950173,1616940965421507568,1.074187
1616940965430143029,1616940965431680969,1.045994
1616940965440257797,1616940965441756988,1.013322
1616940965450374916,1616940965451810999,0.921417
1616940965460530827,1616940965462015668,1.013461
1616940965470705713,1616940965472203832,1.073846
1616940965480869531,1616940965482324934,1.0333
1616940965491093831,1616940965492517735,0.986732
1616940965501334584,1616940965502761856,1.015016
1616940965511506869,1616940965512970099,0.978284
1616940965521673543,1616940965523171296,1.074626
1616940965531892415,1616940965533348229,1.060007
1616940965542087895,1616940965543580469,1.106377
1616940965552264670,1616940965553757850,1.080155
1616940965562437360,1616940965563968277,1.127894
1616940965572595364,1616940965574077623,1.042524
1616940965582772729,1616940965584221999,1.064567
1616940965593008598,1616940965594505936,1.110828
1616940965603175100,1616940965604642671,1.066759
1616940965613402099,1616940965614900414,1.127825
1616940965623588078,1616940965625028708,1.053486
1616940965633811919,1616940965635258113,0.999098
1616940965644038125,1616940965645502423,1.066567
1616940965654232799,1616940965655742094,1.075568
1616940965664463710,1616940965665949482,1.049424
1616940965674633523,1616940965676123737,1.044942
1616940965684853118,1616940965686422786,1.164323
1616940965695077296,1616940965696964590,1.516588
1616940965705295286,1616940965706805323,1.013706
1616940965715512920,1616940965716994256,1.061193
1616940965725733706,1616940965727253478,1.112689
1616940965735955782,1616940965737408841,1.049577
1616940965746178392,1616940965747634484,1.079606
1616940965756404936,1616940965757933852,1.10499
1616940965766573651,1616940965768129648,1.143256
1616940965776732442,1616940965778228835,1.08416
1616940965786889200,1616940965788459710,1.226404
1616940965797070649,1616940965798862688,1.318265
1616940965807261086,1616940965808958916,1.241295
1616940965817478315,1616940965819039958,1.094455
1616940965827728042,1616940965829362921,1.212019
1616940965837890137,1616940965839505410,1.168938
1616940965848111584,1616940965849630005,1.53499
1616940965858237211,1616940965859783148,1.057107
1616940965868501457,1616940965870155612,1.24348
1616940965878596162,1616940965880257485,1.224689
1616940965888789227,1616940965890445354,1.214714
1616940965899012471,1616940965900683746,1.200454
1616940965909168965,1616940965910776531,1.139221
1616940965919393439,1616940965921051745,1.163396
1616940965929424388,1616940965931001075,1.101535
1616940965939582630,1616940965941153301,1.161987
1616940965949804919,1616940965951450556,1.180619
1616940965959882084,1616940965961391424,1.013404
1616940965970034311,1616940965971611351,1.075851
1616940965980198127,1616940965981773810,1.07271
1616940965990310522,1616940965991896721,1.078689
1616940966000534085,1616940966002005388,0.971973
1616940966010654142,1616940966012239669,1.098544
1616940966020874022,1616940966022543915,1.209368
1616940966030951195,1616940966032545935,1.193654
1616940966041172085,1616940966042790794,1.1383
1616940966051281488,1616940966052805028,1.045059
1616940966061442633,1616940966063037944,1.102089
1616940966071541078,1616940966073192150,1.243615
1616940966081761499,1616940966083327215,1.085051
1616940966091786059,1616940966093323962,1.096415
1616940966101934119,1616940966103543078,1.189519
1616940966112150003,1616940966113762479,1.132363
1616940966122316217,1616940966123909116,1.128416
1616940966132416186,1616940966133953496,1.106769
1616940966142538591,1616940966144092603,1.128153
1616940966152665810,1616940966154228206,1.140076
1616940966162820784,1616940966164324929,1.016356
1616940966173049949,1616940966174626968,1.183586
1616940966183071392,1616940966184686301,1.154234
1616940966193291913,1616940966194891261,1.12655
1616940966203341725,1616940966204897259,1.085425
1616940966213497077,1616940966215099168,1.125788
1616940966223522875,1616940966225126261,1.224023
1616940966233680663,1616940966235316229,1.181565
1616940966243779421,1616940966245427284,1.188131
1616940966253999665,1616940966255639661,1.159838
1616940966264243468,1616940966265889729,1.18355
1616940966274413567,1616940966276122316,1.260578
1616940966284647621,1616940966286303536,1.1824
1616940966294870106,1616940966296550562,1.231207
1616940966305102203,1616940966306765010,1.229867
1616940966315327886,1616940966316913382,1.120753
1616940966325548799,1616940966327307385,1.302976
1616940966335767104,1616940966337376389,1.137179
1616940966345995593,1616940966347531952,1.078289
1616940966356213648,1616940966357693085,1.022353
1616940966366385332,1616940966367940682,1.064277
1616940966376605021,1616940966378176994,1.159786
1616940966386726041,1616940966388399686,1.26529
1616940966396953524,1616940966398684773,1.276517
1616940966407173841,1616940966408791609,1.196306
1616940966417413660,1616940966419021428,1.223732
1616940966427634202,1616940966429246400,1.149831
1616940966437856486,1616940966439520590,1.253063
1616940966448110436,1616940966449787313,1.264492
1616940966458281457,1616940966459871635,1.199454
1616940966468501003,1616940966470130219,1.15991
1616940966478681876,1616940966480487102,1.44361
1616940966488901415,1616940966490580940,1.234043
1616940966499119686,1616940966500631858,1.093911
1616940966509342646,1616940966510843340,1.014703
1616940966519564332,1616940966521038466,0.981889
1616940966529790466,1616940966531382253,1.118977
1616940966540010402,1616940966541553429,1.084925
1616940966550114653,1616940966551608454,1.003384
1616940966560298968,1616940966561927134,1.163727
1616940966570419352,1616940966572083270,1.204996
1616940966580638910,1616940966582200702,1.080203
1616940966590817473,1616940966592427302,1.135201
1616940966600982349,1616940966602547470,1.102636
1616940966611201384,1616940966612830562,1.169724
1616940966621421461,1616940966622921767,0.997999
1616940966631640221,1616940966633152731,1.079459
1616940966641865389,1616940966643362526,1.047844
1616940966652099222,1616940966653538122,1.001975
1616940966662269079,1616940966663895234,1.207432
1616940966672499339,1616940966674190348,1.27733
1616940966682693881,1616940966684236625,1.061731
1616940966692915481,1616940966694495064,1.180101
1616940966703075880,1616940966704715587,1.223462
1616940966713300880,1616940966714873161,1.143248
1616940966723532034,1616940966725127323,1.17596
1616940966733757456,1616940966735355034,1.199279
1616940966743925116,1616940966745464172,1.122193
1616940966754185748,1616940966755865274,1.21702
1616940966764347308,1616940966765987644,1.171907
1616940966774516590,1616940966776118740,1.118472
1616940966784745773,1616940966786314949,1.109884
1616940966794928267,1616940966796536004,1.166051
1616940966805145826,1616940966806653849,1.028649
1616940966815364623,1616940966816935273,1.155782
1616940966825615146,1616940966827118796,1.068179
1616940966835846578,1616940966837395924,1.126555
1616940966846104032,1616940966847727802,1.210971
1616940966856331942,1616940966857953057,1.187729
1616940966866454195,1616940966868025852,1.088036
1616940966876621381,1616940966878157731,1.036164
1616940966886740329,1616940966888309395,1.09202
1616940966896911452,1616940966898459036,1.084101
1616940966907030725,1616940966908508489,0.99385
1616940966917195932,1616940966918720055,1.108177
1616940966927322696,1616940966928818453,1.078094
1616940966937448517,1616940966939022343,1.099972
1616940966947681994,1616940966949190381,1.080184
1616940966957855133,1616940966959354574,1.084531
1616940966968083467,1616940966969467405,0.964777
1616940966978189403,1616940966979648111,1.042965
1616940966988429037,1616940966989918788,1.108096
1616940966998545926,1616940967000058945,1.092848
1616940967008780479,1616940967010326546,1.162314
1616940967018970581,1616940967020443816,1.052988
1616940967029192281,1616940967030690442,1.014183
1616940967039412814,1616940967041011801,1.2091
1616940967049643578,1616940967051232929,1.1718
1616940967059867254,1616940967061369673,1.029347
1616940967070090616,1616940967071735839,1.2259
1616940967080327845,1616940967081829244,1.096703
1616940967090501441,1616940967091987929,1.069923
1616940967100724123,1616940967102280053,1.14785
1616940967110898868,1616940967112435777,1.059261
1616940967121121131,1616940967122712168,1.161135
1616940967131382653,1616940967132920055,1.117333
1616940967141605951,1616940967143172481,1.133662
1616940967151826141,1616940967153317082,1.008068
1616940967162070824,1616940967163667918,1.169303
1616940967172183552,1616940967173747654,1.082873
1616940967182306272,1616940967183820882,1.059055
1616940967192543484,1616940967194100446,1.157135
1616940967202712569,1616940967204335909,1.208846
1616940967212931999,1616940967214909773,1.509027
1616940967223137583,1616940967224776309,1.15948
1616940967233357541,1616940967234928665,1.170691
1616940967243606222,1616940967245199563,1.130242
1616940967253827934,1616940967255574194,1.334409
1616940967264052980,1616940967265725799,1.524968
1616940967274234145,1616940967275918319,1.273828
1616940967284454083,1616940967286761353,2.126982
1616940967294622419,1616940967296131399,1.048061
1616940967304862614,1616940967306580550,1.322246
1616940967315094052,1616940967316784881,1.321855
1616940967325314442,1616940967326791378,1.002868
1616940967335559014,1616940967337098852,1.123444
1616940967345792504,1616940967347347027,1.07079
1616940967356027615,1616940967357623332,1.183207
1616940967366232272,1616940967367809352,1.17033
1616940967376455295,1616940967377982962,1.112678
1616940967386625317,1616940967388232973,1.184521
1616940967396861481,1616940967398573238,1.290663
1616940967407034591,1616940967408659477,1.161199
1616940967417224749,1616940967418766484,1.117803
1616940967427401989,1616940967428992711,1.170745
1616940967437578262,1616940967439125529,1.080727
1616940967447791658,1616940967449309321,1.040346
1616940967458013190,1616940967459580519,1.161123
1616940967468182442,1616940967469773210,1.187022
1616940967478311236,1616940967484280927,5.555519
1616940967488484816,1616940967489986555,1.007071
1616940967498661893,1616940967500220186,1.078184
1616940967508878406,1616940967510393780,1.021918
1616940967519097219,1616940967520652826,1.09669
1616940967529348185,1616940967530969903,1.153686
1616940967539455471,1616940967541097449,1.176108
1616940967549677661,1616940967551179835,1.02919
1616940967559901825,1616940967561531323,1.160465
1616940967570124011,1616940967571735350,1.149948
1616940967580366856,1616940967582069568,1.256448
1616940967590536274,1616940967592942060,1.92763
1616940967600760131,1616940967602421893,1.274756
1616940967610944081,1616940967612589430,1.174178
1616940967621167421,1616940967622770098,1.157095
1616940967631319123,1616940967632944987,1.155873
1616940967641485825,1616940967643083968,1.123855
1616940967651586049,1616940967653180940,1.170994
1616940967661833887,1616940967663434647,1.185078
1616940967672057162,1616940967673641243,1.110894
1616940967682217065,1616940967683788381,1.111014
1616940967692316022,1616940967693885117,1.118136
1616940967702415345,1616940967703994076,1.106058
1616940967712518445,1616940967714170455,1.173146
1616940967722639325,1616940967724298006,1.211097
1616940967732739149,1616940967734319430,1.099133
1616940967742900045,1616940967744960430,1.589382
1616940967753126024,1616940967754658091,1.165557
1616940967763301928,1616940967764801501,1.076131
1616940967773456802,1616940967775079013,1.132362
1616940967783677190,1616940967785261579,1.092345
1616940967793772804,1616940967795326255,1.064128
1616940967803925874,1616940967805611258,1.178753
1616940967814097877,1616940967815701380,1.109153
1616940967824323977,1616940967825872987,1.044853
1616940967834426601,1616940967836015811,1.10739
1616940967844653033,1616940967846241064,1.107088
1616940967854743866,1616940967856285968,1.07232
1616940967864969749,1616940967866533691,1.063825
1616940967875124871,1616940967876707639,1.088571
1616940967885161142,1616940967886811640,1.205714
1616940967895248920,1616940967896852864,1.128639
1616940967905466806,1616940967907117112,1.159896
1616940967915554349,1616940967917139939,1.149592
1616940967925772127,1616940967927359445,1.118928
1616940967935953368,1616940967937469003,1.02427
1616940967946042525,1616940967947610908,1.068445
1616940967956267722,1616940967957787209,1.030599
1616940967966433510,1616940967968071865,1.168599
1616940967976607565,1616940967978232873,1.149425
1616940967986667752,1616940967988380911,1.290955
1616940967996829856,1616940967998624439,1.395313
1616940968007012992,1616940968008627862,1.138814
1616940968017185806,1616940968018883401,1.277802
1616940968027365844,1616940968028984837,1.217432
1616940968037549127,1616940968039212842,1.252324
1616940968047780687,1616940968049418340,1.226027
1616940968058003038,1616940968059766296,1.3744
1616940968068222546,1616940968069904924,1.314204
1616940968078395691,1616940968080127672,1.321816
1616940968088616834,1616940968090451799,1.849284
1616940968098758275,1616940968100356670,1.234158
1616940968108976667,1616940968110629201,1.274722
1616940968119196678,1616940968120831042,1.223547
1616940968129423775,1616940968130980249,1.145746
1616940968139643323,1616940968141266282,1.234401
1616940968149866092,1616940968151609738,1.368325
1616940968160084960,1616940968161649832,1.097681
1616940968170227566,1616940968171741468,1.108329
1616940968180445503,1616940968181976451,1.142149
1616940968190614208,1616940968192146552,1.161396
1616940968200835480,1616940968202330511,1.070805
1616940968211054005,1616940968212570831,1.112317
1616940968221274180,1616940968222714653,1.007659
1616940968231504389,1616940968232997078,1.075812
1616940968241751570,1616940968243347389,1.181324
1616940968251971345,1616940968253474089,1.097661
1616940968262196949,1616940968263687733,1.049382
1616940968272416288,1616940968273884402,1.088908
1616940968282534058,1616940968284051123,1.01861
1616940968292755288,1616940968294284487,1.112488
1616940968302990437,1616940968304448367,1.063677
1616940968313211687,1616940968314689275,1.004217
1616940968323444097,1616940968324879615,0.991237
1616940968333662472,1616940968335182406,1.087196
1616940968343883627,1616940968345393052,1.08578
1616940968354120808,1616940968355552892,0.987043
1616940968364342710,1616940968365799568,1.023101
1616940968374512107,1616940968375934016,0.998352
1616940968384731405,1616940968386187829,1.019331
1616940968394901205,1616940968396456416,1.082959
1616940968405130288,1616940968406580673,0.9746
1616940968415243429,1616940968416668213,0.975917
1616940968425468925,1616940968426966439,1.055873
1616940968435691940,1616940968437276962,1.10427
1616940968445920930,1616940968447437229,1.082913
1616940968456146901,1616940968457688020,1.133456
1616940968466272272,1616940968467778158,1.115783
1616940968476446329,1616940968478073166,1.216298
1616940968486624897,1616940968488127386,1.013898
1616940968496804823,1616940968498349104,1.132337
1616940968506983891,1616940968508420033,1.067005
1616940968517159628,1616940968518819471,1.245165
1616940968527334562,1616940968528816432,0.98919
1616940968537512341,1616940968538932426,1.005528
1616940968547750904,1616940968549298759,1.203028
1616940968557999212,1616940968559524544,1.139031
1616940968568220394,1616940968569766787,1.105621
1616940968578390464,1616940968580083409,1.277707
1616940968588611535,1616940968590225350,1.190909
1616940968598781697,1616940968600311296,1.030805
1616940968609000602,1616940968610577455,1.145147
1616940968619228188,1616940968620796670,1.151071
1616940968629447556,1616940968631025693,1.165378
1616940968639614593,1616940968641190918,1.164871
1616940968649840473,1616940968651496068,1.237278
1616940968660062287,1616940968661602401,1.122339
1616940968670227858,1616940968671772751,1.114739
1616940968680447493,1616940968682027553,1.193402
1616940968690615670,1616940968692201849,1.162493
1616940968700847724,1616940968702422761,1.184452
1616940968711077671,1616940968712662679,1.117556
1616940968721299427,1616940968722822841,1.108504
1616940968731463303,1616940968733049339,1.161809
1616940968741676373,1616940968743276291,1.189468
1616940968751912156,1616940968753519084,1.187368
1616940968762154501,1616940968763708139,1.146769
1616940968772396617,1616940968774063740,1.241104
1616940968782565883,1616940968784134240,1.172238
1616940968792785587,1616940968794452899,1.337148
1616940968802977200,1616940968804609744,1.250264
1616940968813209580,1616940968814831955,1.203768
1616940968823432645,1616940968824900107,1.095748
1616940968833655521,1616940968835215784,1.127424
1616940968843877277,1616940968845449264,1.163194
1616940968854101445,1616940968855599084,1.010413
1616940968864319790,1616940968865865603,1.161037
1616940968874481169,1616940968876151642,1.248478
1616940968884703037,1616940968886290365,1.1895
1616940968894863319,1616940968896765825,1.534721
1616940968905033457,1616940968906508829,1.001468
1616940968915204837,1616940968916852520,1.19234
1616940968925429315,1616940968927095083,1.189777
1616940968935650465,1616940968937246578,1.177239
1616940968945869562,1616940968947484228,1.195795
1616940968956090097,1616940968957607978,1.029254
1616940968966217318,1616940968967725577,0.992735
1616940968976433316,1616940968978064995,1.22626
1616940968986602911,1616940968988174006,1.166217
1616940968996823266,1616940968998445805,1.216856
1616940969007013437,1616940969008644025,1.182013
1616940969017181059,1616940969018748879,1.074137
1616940969027398297,1616940969028937883,1.098143
1616940969037617079,1616940969039302865,1.274434
1616940969047837603,1616940969049449883,1.215275
1616940969058080451,1616940969059679788,1.154685
1616940969068296175,1616940969069809415,1.000771
1616940969078407495,1616940969080001901,1.171265
1616940969088648999,1616940969090286031,1.241414
1616940969098810016,1616940969100377687,1.109843
1616940969109007783,1616940969110698334,1.24958
1616940969119224853,1616940969120838430,1.187813
1616940969129442243,1616940969131021736,1.107814
1616940969139662222,1616940969141206398,1.150287
1616940969149821828,1616940969151418125,1.197988
1616940969160009669,1616940969161551445,1.097068
1616940969170195807,1616940969171798702,1.190875
1616940969180419120,1616940969182057022,1.19625
1616940969190597200,1616940969192186712,1.159399
1616940969200819363,1616940969202421738,1.201322
1616940969211034749,1616940969212629830,1.13019
1616940969221159141,1616940969222680241,1.151211
1616940969231327601,1616940969232908551,1.173788
1616940969241580013,1616940969243113763,1.097329
1616940969251732846,1616940969253347198,1.207831
1616940969261839386,1616940969263413023,1.154684
1616940969272054554,1616940969273584269,1.147126
1616940969282178775,1616940969283850591,1.282741
1616940969292347156,1616940969293987019,1.242486
1616940969302501944,1616940969304126122,1.2136
1616940969312611754,1616940969314237787,1.198167
1616940969322842274,1616940969324482974,1.146204
1616940969333058513,1616940969334714330,1.203797
1616940969343227701,1616940969345462133,1.783751
1616940969353330617,1616940969354969082,1.168649
1616940969363423793,1616940969365098046,1.28705
1616940969373583939,1616940969375286853,1.262371
1616940969383814012,1616940969385502380,1.238654
1616940969393911786,1616940969395613065,1.248841
1616940969403955498,1616940969405714000,1.357812
1616940969414141572,1616940969415840475,1.237268
1616940969424246941,1616940969425977117,1.255697
1616940969434292003,1616940969436007750,1.255373
1616940969444377089,1616940969446149163,1.299144
1616940969454477070,1616940969456233932,1.300168
1616940969464704615,1616940969466444979,1.308537
1616940969474807199,1616940969476518194,1.272376
1616940969484956844,1616940969486782472,1.36468
1616940969495189794,1616940969496911018,1.259558
1616940969505346743,1616940969506893388,1.063248
1616940969515456423,1616940969517029671,1.082671
1616940969525473055,1616940969527130704,1.214938
1616940969535573236,1616940969537213879,1.221671
1616940969545722733,1616940969547294459,1.143749
1616940969555788403,1616940969557470827,1.264369
1616940969565861341,1616940969567452641,1.168438
1616940969576023941,1616940969577535072,1.101856
1616940969586153858,1616940969587812264,1.179986
1616940969596265347,1616940969597946724,1.243829
1616940969606423300,1616940969607984229,1.122075
1616940969616645038,1616940969618181316,1.094456
1616940969626768103,1616940969628225288,0.940498
1616940969636925119,1616940969638493483,1.060969
1616940969647028295,1616940969648580812,1.071434
1616940969657181859,1616940969658750523,1.074243
1616940969667339995,1616940969668864806,1.109979
1616940969677441801,1616940969678907212,1.003512
1616940969687513857,1616940969689074316,1.478794
1616940969697735270,1616940969699347020,1.257838
1616940969707870510,1616940969709404648,1.060524
1616940969717990724,1616940969719572530,1.092545
1616940969728094926,1616940969729742004,1.184284
1616940969738204755,1616940969739821205,1.129517
1616940969748452850,1616940969749960838,1.009579
1616940969758555983,1616940969760118079,1.077428
1616940969768667348,1616940969770213968,1.121514
1616940969778801051,1616940969780369378,1.131862
1616940969788951785,1616940969790577483,1.243479
1616940969799102509,1616940969800660847,1.087723
1616940969809322003,1616940969810896414,1.11718
1616940969819540663,1616940969821144133,1.213242
1616940969829757198,1616940969831258303,1.088158
1616940969839921254,1616940969841447425,1.090379
1616940969850162548,1616940969851693481,1.103313
1616940969860390907,1616940969861898825,1.10183
1616940969870559868,1616940969872072491,1.092197
1616940969880795333,1616940969882339189,1.122868
1616940969891012442,1616940969892519394,1.086352
1616940969901228243,1616940969902752963,1.111942
1616940969911389152,1616940969912954669,1.148597
1616940969921608626,1616940969923135216,1.115565
1616940969931778276,1616940969933234494,1.060903
1616940969941997425,1616940969943525239,1.095244
1616940969952172883,1616940969953767702,1.178811
1616940969962327471,1616940969963818915,1.01022
1616940969972468694,1616940969974034525,1.096675
1616940969982571906,1616940969984182038,1.15423
1616940969992706142,1616940969994215109,1.109394
1616940970002870434,1616940970004356156,1.133005
1616940970013023183,1616940970014568089,1.157763
1616940970023133557,1616940970024628693,1.016442
1616940970033358159,1616940970034822730,0.96285
1616940970043522243,1616940970044932290,0.932316
1616940970053676849,1616940970055378394,1.20539
1616940970063781440,1616940970065252082,1.016247
1616940970073965745,1616940970075484658,1.079014
1616940970084136557,1616940970085608347,0.980231
1616940970094246418,1616940970095827930,1.181031
1616940970104416267,1616940970105948002,1.040752
1616940970114542025,1616940970116148738,1.186815
1616940970124711335,1616940970126360889,1.238282
1616940970134838149,1616940970136430419,1.183926
1616940970145013459,1616940970146776386,1.364917
1616940970155185499,1616940970156802202,1.14425
1616940970165306458,1616940970166891637,1.16271
1616940970175420486,1616940970177048759,1.227961
1616940970185590008,1616940970187189452,1.185998
1616940970195757816,1616940970197334410,1.178481
1616940970205877879,1616940970207569252,1.298614
1616940970215993824,1616940970217539650,1.07855
1616940970226182583,1616940970227690327,1.097261
1616940970236302882,1616940970237945803,1.239409
1616940970246472202,1616940970247989756,1.098311
1616940970256640280,1616940970258175640,1.137263
1616940970266804395,1616940970268480445,1.251808
1616940970276987345,1616940970278643847,1.254668
1616940970287152031,1616940970288757155,1.203684
1616940970297320361,1616940970298868107,1.129258
1616940970307429391,1616940970308990139,1.135463
1616940970317546005,1616940970319084729,1.041669
1616940970327653724,1616940970329119895,0.980777
1616940970337811631,1616940970339391091,1.095512
1616940970348023957,1616940970349564866,1.065884
1616940970358187231,1616940970359766120,1.096699
1616940970368404652,1616940970369967395,1.084019
1616940970378514129,1616940970380053117,1.061301
1616940970388738803,1616940970390368306,1.144551
1616940970398837204,1616940970400442927,1.144454
1616940970408967432,1616940970410568220,1.135894
1616940970419083789,1616940970420641436,1.098307
1616940970429192623,1616940970430766917,1.092985
1616940970439346883,1616940970441028929,1.218564
1616940970449501609,1616940970451052032,1.043907
1616940970459669045,1616940970461220437,1.075145
1616940970469887445,1616940970471438411,1.064816
1616940970479991603,1616940970481645450,1.190073
1616940970490152292,1616940970491806762,1.825305
1616940970500251714,1616940970501869459,1.148617
1616940970510369011,1616940970512024099,1.186652
1616940970521229345,1616940970522834243,1.126744
1616940970531386684,1616940970532963921,1.141808
1616940970541552397,1616940970543053917,1.068334
1616940970551769914,1616940970553280570,1.012322
1616940970561939932,1616940970563522362,1.156416
1616940970572130107,1616940970573684042,1.107771
1616940970582301399,1616940970583884728,1.152949
1616940970592471010,1616940970593996826,1.098363
1616940970602595350,1616940970604177367,1.174475
1616940970612762489,1616940970614318359,1.109136
1616940970622878155,1616940970624456297,1.155406
1616940970633095749,1616940970634719093,1.145658
1616940970643309739,1616940970644843573,1.048586
1616940970653480058,1616940970654981706,1.023773
1616940970663650024,1616940970665211154,1.123812
1616940970673817760,1616940970675327039,1.051362
1616940970683985077,1616940970685514369,1.121412
1616940970694223241,1616940970695712979,1.004308
1616940970704396993,1616940970705904959,1.074952
1616940970714524346,1616940970716040864,1.003609
1616940970724700247,1616940970726244974,1.120476
1616940970734870199,1616940970736491876,1.211291
1616940970745096649,1616940970746665856,1.0827
1616940970755318588,1616940970756788225,1.029496
1616940970765538247,1616940970767097773,1.085977
1616940970775676913,1616940970777244120,1.102117
1616940970785760607,1616940970787316677,1.049853
1616940970795867640,1616940970797524092,1.168529
1616940970805978455,1616940970807538104,1.049288
1616940970816088151,1616940970817902189,1.365414
1616940970826171883,1616940970827784162,1.130441
1616940970836353519,1616940970837859503,1.010666
1616940970846468622,1616940970847992979,1.018275
1616940970856588260,1616940970858115743,1.022671
1616940970866699528,1616940970868323209,1.239164
1616940970876811579,1616940970878292572,0.987006
1616940970886924967,1616940970888530230,1.174852
1616940970897040990,1616940970898658367,1.195775
1616940970907190162,1616940970908837091,1.151556
1616940970917416304,1616940970918989262,1.164504
1616940970927525619,1616940970929156650,1.216273
1616940970937633166,1616940970939225770,1.171673
1616940970947790181,1616940970949336368,1.121379
1616940970957946434,1616940970959606594,1.190695
1616940970968163085,1616940970969781568,1.21327
1616940970978280529,1616940970979978968,1.287862
1616940970988498938,1616940970990168065,1.252351
1616940970998619928,1616940971000262077,1.238444
1616940971008793371,1616940971010248056,0.935073
1616940971018962779,1616940971020428702,1.033152
1616940971029186170,1616940971030734568,1.13885
1616940971039420714,1616940971041000457,1.169219
1616940971049595500,1616940971051267647,1.257985
1616940971059766982,1616940971061298032,1.038453
1616940971070012755,1616940971071706050,1.264982
1616940971080237085,1616940971081878179,1.240344
1616940971090355803,1616940971092014567,1.244554
1616940971100475069,1616940971102136192,1.250171
1616940971110609386,1616940971112233979,1.233511
1616940971120833118,1616940971122550348,1.323438
1616940971130939293,1616940971132624827,1.276222
1616940971141158404,1616940971142763090,1.906166
1616940971151333996,1616940971152992621,1.183084
1616940971161426332,1616940971163040186,1.130763
1616940971171615364,1616940971173288921,1.248353
1616940971181843056,1616940971183456714,1.153776
1616940971192002312,1616940971193523791,1.097806
1616940971202195549,1616940971203808703,1.13618
1616940971212295289,1616940971214020835,1.258365
1616940971222406671,1616940971224035651,1.134463
1616940971232582151,1616940971234241135,1.19954
1616940971242680467,1616940971244231096,1.21102
1616940971252786418,1616940971254377477,1.15508
1616940971263004226,1616940971264645228,1.225181
1616940971273114815,1616940971274709887,1.132333
1616940971283216187,1616940971284719976,1.003252
1616940971293451735,1616940971295061998,1.125341
1616940971303555540,1616940971305668591,1.692017
1616940971313582385,1616940971315154970,1.08485
1616940971323679522,1616940971325211489,1.060522
1616940971333787703,1616940971335403395,1.133749
1616940971343893341,1616940971345511394,1.139154
1616940971354068935,1616940971355649325,1.110875
1616940971364274313,1616940971365873011,1.108969
1616940971374430907,1616940971376095563,1.16403
1616940971384532285,1616940971386246687,1.26133
1616940971394632941,1616940971396226875,1.080178
1616940971404734144,1616940971406324725,1.229986
1616940971414771202,1616940971416290830,1.052552
1616940971424941756,1616940971426554763,1.166709
1616940971435153567,1616940971436735748,1.102112
1616940971445262486,1616940971446732506,0.981487
1616940971455415078,1616940971457010712,1.128256
1616940971465517753,1616940971467069595,1.064429
1616940971475737075,1616940971477252312,1.032181
1616940971485859730,1616940971487379940,1.034348
1616940971496011019,1616940971497615214,1.132055
1616940971506185256,1616940971507740991,1.128045
1616940971516283091,1616940971517846816,1.081935
1616940971526403915,1616940971527893163,1.022384
1616940971536577065,1616940971538120353,1.079599
1616940971546680842,1616940971548282798,1.134651
1616940971556838211,1616940971558434864,1.166828
1616940971566944609,1616940971568585715,1.211811
1616940971577051511,1616940971578622555,1.103145
1616940971587170465,1616940971588820580,1.183093
1616940971597298642,1616940971598852194,1.07234
1616940971607412039,1616940971608952857,1.115313
1616940971617525184,1616940971619116796,1.13423
1616940971627634158,1616940971629218079,1.113816
1616940971637831451,1616940971639398446,1.092496
1616940971648006633,1616940971649598463,1.107109
1616940971658180963,1616940971659723228,1.068269
1616940971668399418,1616940971669974558,1.11546
1616940971678523665,1616940971680142962,1.125678
1616940971688697092,1616940971690207983,1.012274
1616940971698855843,1616940971700448210,1.170431
1616940971709074420,1616940971710605410,1.046392
1616940971719199624,1616940971720727250,1.040086
1616940971729414094,1616940971730951657,1.065412
1616940971739641737,1616940971741225321,1.156727
1616940971749861466,1616940971751423789,1.141686
1616940971760120886,1616940971761725981,1.177195
1616940971770289382,1616940971771831916,1.068727
1616940971780520427,1616940971782108955,1.170795
1616940971790689528,1616940971792161967,0.983675
1616940971800865090,1616940971802353774,1.075979
1616940971811045174,1616940971812554039,1.02124
1616940971821271454,1616940971822822986,1.165
1616940971831499681,1616940971833014966,1.099061
1616940971841729905,1616940971843271666,1.063043
1616940971851950069,1616940971853589862,1.236405
1616940971862179411,1616940971863869853,1.194048
1616940971872417643,1616940971874101511,1.266535
1616940971882593917,1616940971884280505,1.264325
1616940971892784753,1616940971894441496,1.301
1616940971903013946,1616940971904714564,1.284952
1616940971913188596,1616940971914904950,1.303425
1616940971923408216,1616940971925088451,1.272809
1616940971933626575,1616940971935213432,1.168272
1616940971943806713,1616940971945561529,1.349116
1616940971953967108,1616940971955622950,1.238639
1616940971964124195,1616940971965763532,1.163602
1616940971974273937,1616940971975975258,1.240836
1616940971984428321,1616940971986135451,1.226987
1616940971994579251,1616940971996330420,1.304173
1616940972004732188,1616940972006310314,1.094395
1616940972014879710,1616940972016443345,1.113909
1616940972025030866,1616940972026691650,1.174493
1616940972035179020,1616940972036776294,1.125832
1616940972045322482,1616940972046822942,1.006212
1616940972055504844,1616940972057110814,1.134832
1616940972065730411,1616940972067412563,1.274559
1616940972075941508,1616940972077641073,1.263263
1616940972086172976,1616940972087762456,1.133384
1616940972096397868,1616940972098072272,1.251333
1616940972106554112,1616940972108615951,1.820691
1616940972116584833,1616940972118184214,1.120423
1616940972126763023,1616940972128351251,1.105669
1616940972136939798,1616940972138519575,1.183225
1616940972147101378,1616940972148706238,1.17542
1616940972157269377,1616940972158852679,1.124523
1616940972167441192,1616940972169047967,1.117201
1616940972177607698,1616940972179125406,1.101081
1616940972187775584,1616940972189417831,1.247893
1616940972197946805,1616940972199535276,1.192575
1616940972208113988,1616940972209700227,1.182094
1616940972218230701,1616940972219807416,1.163164
1616940972228398251,1616940972229932475,1.112217
1616940972238515988,1616940972240094810,1.170214
1616940972248687747,1616940972250230265,1.060376
1616940972258852297,1616940972260446375,1.189155
1616940972269017503,1616940972270654216,1.240447
1616940972279172626,1616940972280852288,1.28078
1616940972289338137,1616940972290865490,1.052348
1616940972299558525,1616940972301146037,1.18204
1616940972309727056,1616940972311400957,1.260729
1616940972319894079,1616940972321372803,1.012374
1616940972330124352,1616940972331645265,1.094333
1616940972340287333,1616940972341736622,1.047379
1616940972350408657,1616940972352685619,1.883944
1616940972360578843,1616940972362089959,1.048218
1616940972370694570,1616940972372218986,1.048001
1616940972380913351,1616940972382397780,1.029797
1616940972391089420,1616940972392673383,1.138669
1616940972401245150,1616940972402733297,0.997207
1616940972411467108,1616940972412989679,1.050171
1616940972421681595,1616940972423230898,1.092447
1616940972431850378,1616940972433367086,1.031433
1616940972442003752,1616940972443408755,0.909305
1616940972452172535,1616940972453649872,0.983393
1616940972462292809,1616940972463787470,1.113544
1616940972472523073,1616940972474044041,1.094213
1616940972482643843,1616940972484104906,1.126759
1616940972492864353,1616940972494360359,1.083077
1616940972503084212,1616940972504543033,1.048867
1616940972513314520,1616940972514881000,1.14407
1616940972523531060,1616940972525070559,1.123889
1616940972533753413,1616940972535328722,1.157971
1616940972543981029,1616940972545633045,1.256119
1616940972554203236,1616940972555848660,1.220477
1616940972564443430,1616940972566064884,1.207068
1616940972574664514,1616940972576307499,1.164452
1616940972584887204,1616940972586393738,1.093837
1616940972595106831,1616940972596673151,1.134487
1616940972605338651,1616940972606870309,1.039968
1616940972615503376,1616940972616998001,1.012516
1616940972625750742,1616940972627296926,1.09048
1616940972635968765,1616940972637538965,1.10582
1616940972646149838,1616940972647711755,1.105859
1616940972656381702,1616940972658010891,1.16624
1616940972666547800,1616940972668160820,1.157787
1616940972676708327,1616940972678300471,1.09831
1616940972686872831,1616940972688437164,1.096528
1616940972697040805,1616940972698653561,1.179327
1616940972707204236,1616940972708794377,1.156656
1616940972717375384,1616940972718929785,1.066713
1616940972727595565,1616940972729198603,1.13082
1616940972737820697,1616940972739428198,1.124297
1616940972748040415,1616940972749599039,1.110921
1616940972758181976,1616940972759715899,1.036137
1616940972768409767,1616940972769964666,1.159559
1616940972778592199,1616940972780132494,1.139953
1616940972788827452,1616940972790379273,1.126127
1616940972799048787,1616940972800543784,1.059934
1616940972809269444,1616940972810852510,1.175498
1616940972819493770,1616940972821106168,1.181417
1616940972829721172,1616940972831211374,1.016268
1616940972839939426,1616940972841417827,0.992902
1616940972850200806,1616940972851708049,1.037275
1616940972860435681,1616940972861922651,1.085833
1616940972870607874,1616940972872166423,1.135885
1616940972880836011,1616940972882328302,1.069752
1616940972891056441,1616940972892520398,1.652776
1616940972901248277,1616940972903059755,1.742666
1616940972911482262,1616940972912965068,1.003621
1616940972921584516,1616940972923058678,1.010887
1616940972931745066,1616940972933243833,1.007918
1616940972941841925,1616940972943408398,1.088033
1616940972952065194,1616940972953546924,1.022685
1616940972962161341,1616940972963713620,1.073361
1616940972972296858,1616940972973815372,1.125384
1616940972982336404,1616940972983846620,1.043779
1616940972992431567,1616940972993907896,1.075361
1616940973002587333,1616940973004057485,0.992734
1616940973012670837,1616940973014243746,1.103405
1616940973022830201,1616940973024289425,1.008024
1616940973033007661,1616940973034570366,1.054738
1616940973043107462,1616940973044635199,1.014408
1616940973053328586,1616940973054829911,1.007749
1616940973063487688,1616940973065027935,1.037383
1616940973073649290,1616940973075140666,0.999475
1616940973083793077,1616940973085409885,1.176869
1616940973093839588,1616940973095376033,1.095237
1616940973104056897,1616940973105667896,1.136997
1616940973114161108,1616940973115673130,1.087993
1616940973124244183,1616940973125906840,1.204874
1616940973134372172,1616940973135868511,1.087523
1616940973144547407,1616940973146112045,1.134651
1616940973154648538,1616940973156247779,1.185004
1616940973164870338,1616940973166531851,1.277223
1616940973174972932,1616940973176435956,0.997178
1616940973185071517,1616940973186682098,1.151687
1616940973195213875,1616940973196795879,1.155572
1616940973205374640,1616940973206960629,1.103645
1616940973215596535,1616940973217110525,1.120034
1616940973225813497,1616940973227358798,1.05805
1616940973235927448,1616940973237482110,1.071738
1616940973245971031,1616940973247614615,1.166506
1616940973256089575,1616940973257646000,1.072078
1616940973266192660,1616940973267727874,1.034052
1616940973276226946,1616940973277884231,1.203735
1616940973286284435,1616940973287873510,1.186495
1616940973296448355,1616940973298001600,1.062961
1616940973306598988,1616940973308098248,1.027446
1616940973316828702,1616940973318526725,1.296279
1616940973327050790,1616940973328733180,1.278761
1616940973337269954,1616940973338876915,1.180003
1616940973347492565,1616940973349184706,1.279258
1616940973357710720,1616940973359380522,1.255553
1616940973367941655,1616940973369593401,1.233469
1616940973378170476,1616940973379743892,1.161315
1616940973388411198,1616940973390037976,1.241776
1616940973398581370,1616940973400141286,1.162163
1616940973408799317,1616940973410518422,1.324818
1616940973419018135,1616940973420722380,1.278566
1616940973429240058,1616940973430888384,1.226393
1616940973439476747,1616940973441183343,1.283841
1616940973449697284,1616940973451261899,1.153063
1616940973459878493,1616940973461587458,1.29061
1616940973470098562,1616940973471782109,1.287777
1616940973480337983,1616940973481985171,1.224325
1616940973490506719,1616940973492284221,1.376253
1616940973500727128,1616940973502372048,1.235453
1616940973510946794,1616940973512578893,1.225843
1616940973521173269,1616940973522888053,1.292645
1616940973531390833,1616940973532974000,1.17811
1616940973541636834,1616940973543300136,1.261575
1616940973551869079,1616940973553477234,1.202941
1616940973562089098,1616940973563637908,1.129212
1616940973572306296,1616940973573914564,1.190563
1616940973582477071,1616940973584093926,1.135149
1616940973592698246,1616940973594324115,1.212335
1616940973602767921,1616940973604372758,1.17769
1616940973612931861,1616940973614492674,1.160245
1616940973623094364,1616940973624622279,1.099218
1616940973633275747,1616940973634845348,1.161071
1616940973643490525,1616940973645041658,1.133348
1616940973653651045,1616940973655233728,1.17537
1616940973663868774,1616940973665405094,1.135253
1616940973674029154,1616940973675570249,1.127764
1616940973684257874,1616940973685775796,1.086927
1616940973694369387,1616940973696084431,1.29287
1616940973704585982,1616940973706650126,1.807984
1616940973714699174,1616940973716315487,1.139472
1616940973724930774,1616940973726525614,1.195658
1616940973735144920,1616940973736723383,1.17547
1616940973745276365,1616940973746901356,1.164543
1616940973755490570,1616940973757100659,1.140281
1616940973765720104,1616940973767291646,1.159467
1616940973775939334,1616940973777593111,1.240823
1616940973786173440,1616940973788037168,1.465884
1616940973796401680,1616940973797886844,1.059709
1616940973806569123,1616940973808093459,1.112718
1616940973816786159,1616940973818248165,1.084424
1616940973826943616,1616940973828535431,1.199897
1616940973837186543,1616940973838752086,1.113969
1616940973847408266,1616940973848920774,1.090779
1616940973857630139,1616940973859144159,1.118299
1616940973867858375,1616940973869456417,1.191378
1616940973878094922,1616940973879537324,1.063883
1616940973888314103,1616940973889867131,1.132544
1616940973898486766,1616940973900088180,1.180412
1616940973908731211,1616940973910244950,1.084429
1616940973918902600,1616940973920521443,1.205735
1616940973929149898,1616940973930692833,1.113947
1616940973939377657,1616940973940889937,1.020761
1616940973949598645,1616940973951065403,0.967952
1616940973959768116,1616940973961266389,1.036176
1616940973969943535,1616940973971412479,0.94164
1616940973980005873,1616940973981397706,0.904404
1616940973990181537,1616940973995097508,4.463774
1616940974000332965,1616940974001801993,0.975456
1616940974010452546,1616940974011916868,0.955969
1616940974020670667,1616940974022169537,1.059113
1616940974030839442,1616940974032324529,1.034727
1616940974041060286,1616940974042659247,1.191224
1616940974051299744,1616940974052788360,1.087917
1616940974061518487,1616940974063001261,1.019867
1616940974071736323,1616940974073296065,1.081302
1616940974081969783,1616940974083496754,1.051091
1616940974092208137,1616940974093774279,1.141462
1616940974102378270,1616940974103929613,1.139302
1616940974112599620,1616940974114103094,1.074887
1616940974122769550,1616940974124316279,1.087291
1616940974133003219,1616940974134607989,1.191469
1616940974143226839,1616940974144714475,1.013438
1616940974153449024,1616940974155054145,1.140644
1616940974163671955,1616940974165218140,1.083864
1616940974173833464,1616940974175396332,1.093777
1616940974183932940,1616940974185468175,1.06656
1616940974194040544,1616940974195562243,1.126824
1616940974204134439,1616940974205659039,1.038724
1616940974214234889,1616940974215862604,1.217322
1616940974224346780,1616940974225948798,1.155363
1616940974234451223,1616940974236008321,1.082437
1616940974244716210,1616940974246303863,1.137697
1616940974254865239,1616940974256469538,1.200316
1616940974265028638,1616940974266717857,1.232684
1616940974275190832,1616940974276846690,1.199455
1616940974285406687,1616940974287101656,1.223526
1616940974295521586,1616940974297167310,1.227793
1616940974305650585,1616940974307315751,1.196162
1616940974315769352,1616940974317267506,0.991564
1616940974325888390,1616940974327414969,1.072404
1616940974336016452,1616940974337565746,1.133492
1616940974346129155,1616940974347687463,1.15502
1616940974356246990,1616940974357816309,1.145946
1616940974366359026,1616940974367906702,1.069864
1616940974376531188,1616940974378072423,1.118347
1616940974386703616,1616940974388245919,1.128875
1616940974396942201,1616940974398422212,1.053881
1616940974407113863,1616940974408607295,1.074305
1616940974417334682,1616940974418865899,1.108381
1616940974427584913,1616940974429053088,0.970754
1616940974437822455,1616940974439255404,0.98508
1616940974448043966,1616940974449457348,1.017423
1616940974458230244,1616940974459697324,1.04595
1616940974468449514,1616940974469918687,1.036014
1616940974478568396,1616940974480040115,1.029498
1616940974488794093,1616940974490229805,1.037847
1616940974498962524,1616940974500448061,1.47093
1616940974509183546,1616940974510645668,1.010021
1616940974519418963,1616940974520869961,1.037347
1616940974529639235,1616940974531114227,1.049806
1616940974539872964,1616940974541376058,1.056849
1616940974550092638,1616940974551578655,0.977755
1616940974560319284,1616940974561741082,0.970603
1616940974570488026,1616940974571966486,1.106775
1616940974580648565,1616940974582090842,1.03204
1616940974590815996,1616940974592280960,1.040716
1616940974601035090,1616940974602522011,0.984463
1616940974611256830,1616940974612744346,1.038644
1616940974621413844,1616940974622847697,1.549386
1616940974631558139,1616940974633030978,1.028271
1616940974641658450,1616940974643173510,1.023541
1616940974651802766,1616940974653266174,0.983949
1616940974661913521,1616940974663392920,0.968271
1616940974672027146,1616940974673597990,1.070281
1616940974682131943,1616940974683646729,1.026741
1616940974692286122,1616940974693773182,1.006761
1616940974702395803,1616940974703819531,0.938627
1616940974712499196,1616940974713888745,0.885065
1616940974722657579,1616940974724131856,0.997665
1616940974732877872,1616940974734365180,0.987704
1616940974743036997,1616940974744847044,1.342624
1616940974753258607,1616940974754812304,1.140608
1616940974763404613,1616940974764974712,1.075944
1616940974773533488,1616940974775032887,1.037516
1616940974783761740,1616940974785395558,1.214973
1616940974793875682,1616940974795447946,1.159085
1616940974804042934,1616940974805602733,1.172567
1616940974814110699,1616940974815621771,1.069464
1616940974824159500,1616940974825678885,1.098472
1616940974834261727,1616940974835742747,1.014928
1616940974844300354,1616940974845916226,1.128239
1616940974854416088,1616940974855951912,1.069843
1616940974864644248,1616940974866155437,1.030723
1616940974874801535,1616940974876435276,1.159608
1616940974885025480,1616940974886596112,1.142308
1616940974895065383,1616940974896652533,1.175109
1616940974905096413,1616940974906736591,1.178621
1616940974915271985,1616940974916891043,1.206837
1616940974925437953,1616940974926980223,1.067364
1616940974935532685,1616940974937153399,1.228831
1616940974945732170,1616940974947366301,1.229662
1616940974955955077,1616940974957518274,1.091395
1616940974966113136,1616940974967647640,1.070145
1616940974976262130,1616940974977861442,1.111579
1616940974986422960,1616940974988003534,1.125748
1616940974996515753,1616940974998126639,1.144066
1616940975006608557,1616940975008159665,1.142064
1616940975016712113,1616940975018391575,1.206078
1616940975026868820,1616940975028463204,1.156483
1616940975037091750,1616940975038707885,1.175578
1616940975047236116,1616940975048818081,1.115787
1616940975057338612,1616940975058849631,1.015145
1616940975067358242,1616940975068989475,1.20233
1616940975077462120,1616940975078993332,1.063872
1616940975087711459,1616940975089259619,1.070571
1616940975097887027,1616940975099552525,1.232976
1616940975108114569,1616940975109828456,1.242652
1616940975118283733,1616940975120047224,1.366637
1616940975128501274,1616940975130154446,1.224032
1616940975138673999,1616940975140345858,1.267201
1616940975148891282,1616940975150663783,1.375082
1616940975159112655,1616940975160739110,1.263387
1616940975169350406,1616940975170982329,1.215343
1616940975179523293,1616940975181201852,1.231078
1616940975189641696,1616940975191215843,1.157567
1616940975199809286,1616940975201399463,1.207663
1616940975209982535,1616940975211588992,1.19712
1616940975220145761,1616940975221697059,1.152923
1616940975230264856,1616940975231805139,1.04707
1616940975240493971,1616940975242170801,1.292426
1616940975250621252,1616940975252321735,1.295226
1616940975260853176,1616940975262411637,1.090356
1616940975271089380,1616940975272652198,1.145693
1616940975281308191,1616940975282820811,1.085743
1616940975291535767,1616940975293166849,1.231962
1616940975301654724,1616940975303307853,1.249814
1616940975311874342,1616940975313512950,1.710007
1616940975322101379,1616940975323646826,1.088537
1616940975332261979,1616940975333810509,1.130781
1616940975342418671,1616940975343902736,0.989718
1616940975352551866,1616940975354135290,1.07754
1616940975362740201,1616940975364281824,1.055813
1616940975372983894,1616940975374501435,1.103501
1616940975383150452,1616940975384717919,1.154924
1616940975393286203,1616940975394888223,1.128451
1616940975403393309,1616940975404967576,1.084296
1616940975413567721,1616940975415178415,1.135947
1616940975423679852,1616940975425232146,1.016387
1616940975433798116,1616940975435400084,1.108777
1616940975443963064,1616940975445559956,1.082424
1616940975454169221,1616940975455793298,1.149585
1616940975464385832,1616940975465993470,1.136076
1616940975474552109,1616940975476231930,1.263351
1616940975484769843,1616940975486379656,1.231238
1616940975494982893,1616940975496710835,1.314275
1616940975505198266,1616940975506841623,1.176348
1616940975515410358,1616940975517070427,1.241869
1616940975525576371,1616940975527193586,1.192195
1616940975535795096,1616940975537379433,1.17897
1616940975546019473,1616940975547632003,1.190956
1616940975556239321,1616940975557860595,1.196521
1616940975566410814,1616940975568054673,1.23707
1616940975576654174,1616940975578328910,1.256848
1616940975586821863,1616940975588491725,1.271844
1616940975596995129,1616940975598761250,1.352168
1616940975607156771,1616940975608812657,1.198426
1616940975617330815,1616940975618967469,1.226839
1616940975627489295,1616940975629017522,1.059532
1616940975637710300,1616940975639308968,1.178133
1616940975647932596,1616940975649410177,1.07388
1616940975658148291,1616940975659657181,1.113647
1616940975668378406,1616940975669956010,1.157338
1616940975678551291,1616940975680093354,1.113003
1616940975688724586,1616940975690236984,1.089331
1616940975698896212,1616940975700442091,1.124124
1616940975709067430,1616940975710604373,1.129749
1616940975719301748,1616940975720847576,1.11629
1616940975729474128,1616940975730950298,1.053995
1616940975739735870,1616940975741420146,1.285711
1616940975749958329,1616940975751597755,1.222761
1616940975760190398,1616940975761867667,1.255172
1616940975770359661,1616940975771945779,1.182025
1616940975780489601,1616940975782068789,1.170389
1616940975790697141,1616940975792299844,1.16096
1616940975800914906,1616940975802587042,1.177794
1616940975811137971,1616940975812784908,1.254551
1616940975821359089,1616940975822937249,1.155501
1616940975831576126,1616940975833145964,1.152383
1616940975841789785,1616940975843314350,1.088243
1616940975852008337,1616940975853605277,1.160474
1616940975862234953,1616940975863805210,1.125146
1616940975872482337,1616940975874020011,1.128227
1616940975882659003,1616940975884212415,1.121848
1616940975892885845,1616940975894429602,1.132058
1616940975903058238,1616940975904615920,1.132661
1616940975913292157,1616940975914878537,1.144765
1616940975923468084,1616940975925000252,1.009392
1616940975933704469,1616940975935228099,1.105961
1616940975943868145,1616940975945483586,1.17932
1616940975954039346,1616940975955652749,1.213958
1616940975964281645,1616940975965900725,1.115225
1616940975974403574,1616940975975986723,1.086066
1616940975984623927,1616940975986220403,1.105929
1616940975994792502,1616940975996304435,1.110201
1616940976004971557,1616940976006567376,1.134303
1616940976015095358,1616940976016668684,1.097699
1616940976025318976,1616940976026876804,1.130834
1616940976035490282,1616940976037144227,1.246779
1616940976045725566,1616940976047233028,1.024768
1616940976055949034,1616940976057597414,1.245804
1616940976066144960,1616940976067764073,1.199427
1616940976076366859,1616940976077952456,1.097674
1616940976086476832,1616940976087961441,0.98164
1616940976096645712,1616940976098114166,1.022186
1616940976106764855,1616940976108304574,1.411851
1616940976116925502,1616940976118452305,1.068946
1616940976127049670,1616940976128650594,1.205194
1616940976137169847,1616940976138757795,1.119535
1616940976147292839,1616940976148857613,1.147964
1616940976157468207,1616940976158973875,1.024074
1616940976167641477,1616940976169198495,1.088094
1616940976177844200,1616940976179362849,1.040769
1616940976188064619,1616940976189574220,1.105581
1616940976198242757,1616940976199777140,1.14187
1616940976208426076,1616940976209939269,1.052628
1616940976218533550,1616940976220056211,1.095665
1616940976228707017,1616940976230308179,1.139955
1616940976238872998,1616940976240435144,1.141576
1616940976249094810,1616940976250609091,1.121647
1616940976259294941,1616940976260843758,1.063684
1616940976269536411,1616940976271132571,1.178084
1616940976279703396,1616940976281398939,1.29182
1616940976289924123,1616940976291532207,1.18089
1616940976300035337,1616940976301569072,1.060823
1616940976310184259,1616940976311751256,1.114837
1616940976320404876,1616940976321967082,1.161019
1616940976330527383,1616940976332099645,1.146555
1616940976340755303,1616940976342231621,1.050775
1616940976350866271,1616940976352434580,1.151474
1616940976361088669,1616940976362702185,1.239925
1616940976371267583,1616940976372942736,1.205266
1616940976381439329,1616940976382973701,1.053991
1616940976391657366,1616940976393226880,1.15386
1616940976401839654,1616940976403390381,1.148914
1616940976412009366,1616940976417715317,5.242104
1616940976422229602,1616940976424061164,1.389822
1616940976432503260,1616940976434058469,1.066373
1616940976442633092,1616940976444167301,1.06478
1616940976452676407,1616940976454309949,1.228118
1616940976462782355,1616940976464399607,1.236199
1616940976473009900,1616940976474594732,1.15879
1616940976483109557,1616940976484640578,1.041691
1616940976493120845,1616940976494669154,1.103368
1616940976503232420,1616940976504755562,1.067506
1616940976513284725,1616940976514828056,1.040221
1616940976523383757,1616940976524964032,1.10834
1616940976533494769,1616940976535081412,1.102431
1616940976543592704,1616940976545142399,1.134266
1616940976553678322,1616940976555301456,1.154824
1616940976563779569,1616940976565422622,1.17122
1616940976573827227,1616940976575516049,1.221105
1616940976583933049,1616940976585580109,1.153762
1616940976593983551,1616940976595513074,1.03619
1616940976604156609,1616940976605776471,1.16177
1616940976614335071,1616940976616077173,1.2641
1616940976624433773,1616940976626079357,1.233241
1616940976634563100,1616940976636216028,1.175984
1616940976644783488,1616940976646431780,1.252461
1616940976654844920,1616940976656431758,1.156272
1616940976664986389,1616940976666659318,1.229036
1616940976675092379,1616940976676750625,1.230977
1616940976685309312,1616940976686874134,1.08884
1616940976695344082,1616940976696951356,1.129673
1616940976705447234,1616940976707000045,1.080805
1616940976715548389,1616940976717014710,0.9176
1616940976725653511,1616940976727112759,0.943062
1616940976735751548,1616940976737299092,1.060794
1616940976745965936,1616940976747573452,1.135205
1616940976756123730,1616940976757720582,1.112062
1616940976766228357,1616940976767831224,1.105653
1616940976776441440,1616940976778025791,1.109783
1616940976786618732,1616940976788234597,1.146635
1616940976796708924,1616940976798348599,1.158614
1616940976806891101,1616940976808424827,1.052707
1616940976817007172,1616940976818691069,1.282846
1616940976827183287,1616940976828800989,1.196186
1616940976837361219,1616940976838990177,1.154366
1616940976847485971,1616940976849081769,1.11977
1616940976857604529,1616940976859171978,1.159287
1616940976867776107,1616940976869364603,1.15998
1616940976877904380,1616940976879513692,1.117911
1616940976888078950,1616940976889622806,1.139089
1616940976898256510,1616940976899840366,1.167513
1616940976908381306,1616940976910007381,1.200487
1616940976918505406,1616940976920557345,1.735259
1616940976928539130,1616940976930081197,1.076255
1616940976938704801,1616940976940341915,1.232103
1616940976948874098,1616940976950415431,1.119326
1616940976959045608,1616940976960628386,1.158521
1616940976969229432,1616940976970727795,1.085989
1616940976979448962,1616940976980965395,1.110107
1616940976989615201,1616940976991133222,1.082407
1616940976999785113,1616940977001331149,1.115493
1616940977009954843,1616940977011440602,1.004229
1616940977020175806,1616940977021676885,1.065879
1616940977030349816,1616940977031877962,1.106556
1616940977040511463,1616940977042164657,1.229766
1616940977050687119,1616940977052347181,1.231502
1616940977060844502,1616940977062392507,1.134964
1616940977071088295,1616940977072619309,1.118689
1616940977081311014,1616940977082960426,1.183732
1616940977091549434,1616940977093150747,1.231457
1616940977101709815,1616940977103225457,1.044346
1616940977111873383,1616940977113490826,1.235269
1616940977122070416,1616940977123682131,1.190233
1616940977132230530,1616940977133906465,1.306726
1616940977142395736,1616940977143940110,1.067184
1616940977152553625,1616940977154110525,1.143952
1616940977162734815,1616940977164211498,1.070162
1616940977172911582,1616940977174387093,1.006119
1616940977183069728,1616940977184620098,1.058124
1616940977193236784,1616940977194873483,1.175396
1616940977203473745,1616940977205050870,1.176065
1616940977213632004,1616940977215197207,1.160567
1616940977223859246,1616940977225439128,1.164992
1616940977234033189,1616940977235563923,1.119846
1616940977244206233,1616940977245761216,1.088253
1616940977254320322,1616940977255859388,1.144295
1616940977264495131,1616940977266040581,1.142022
1616940977274659778,1616940977276265788,1.212941
1616940977284829756,1616940977286395119,1.194844
1616940977294991033,1616940977296571762,1.168829
1616940977305160168,1616940977306720491,1.093095
1616940977315374975,1616940977316854929,1.079814
1616940977325542440,1616940977327140432,1.195338
1616940977335723794,1616940977337266294,1.126696
1616940977345892172,1616940977347431098,1.083888
1616940977356060081,1616940977357761069,1.282857
1616940977366223592,1616940977367840922,1.217984
1616940977376402840,1616940977378062175,1.256645
1616940977386581058,1616940977388227739,1.238908
1616940977396802189,1616940977398567670,1.34481
1616940977407020827,1616940977408607816,1.164546
1616940977417244434,1616940977418904118,1.190823
1616940977427412189,1616940977429096263,1.274884
1616940977437586251,1616940977439168249,1.115089
1616940977447801049,1616940977449371154,1.16105
1616940977458020436,1616940977459712826,1.263627
1616940977468236922,1616940977469865952,1.203707
1616940977478357987,1616940977480022431,1.241714
1616940977488528257,1616940977490096806,1.169222
1616940977498691954,1616940977500227834,1.13078
1616940977508906709,1616940977510623681,1.256978
1616940977519122304,1616940977520837077,1.287064
1616940977529336340,1616940977531010257,1.262714
1616940977539555927,1616940977541187962,1.218735
1616940977549736964,1616940977551366966,1.168983
1616940977559903543,1616940977561571989,1.233048
1616940977570131902,1616940977571825050,1.269412
1616940977580351292,1616940977581983425,1.16136
1616940977590470960,1616940977592192571,1.330799
1616940977600684520,1616940977602516464,1.349889
1616940977610810451,1616940977612500580,1.243776
1616940977621038896,1616940977622699262,1.209755
1616940977631198312,1616940977632913436,1.296752
1616940977641429872,1616940977643166360,1.325658
1616940977651660036,1616940977653316927,1.206321
1616940977661897759,1616940977663542953,1.223815
1616940977672132730,1616940977673724798,1.158297
1616940977682302307,1616940977684048543,1.319809
1616940977692524340,1616940977694268926,1.283744
1616940977702693476,1616940977704452876,1.360468
1616940977712854008,1616940977714447280,1.150756
1616940977723028264,1616940977725006007,1.59093
1616940977733250717,1616940977734837074,1.112911
1616940977743495060,1616940977745089988,1.183369
1616940977753738382,1616940977755289140,1.08535
1616940977763979371,1616940977765611909,1.198958
1616940977774162272,1616940977775732124,1.147976
1616940977784385299,1616940977785978913,1.156893
1616940977794607379,1616940977796192697,1.193702
1616940977804781296,1616940977806437387,1.29708
1616940977814951683,1616940977816612778,1.251919
1616940977825181694,1616940977826790013,1.135491
1616940977835402160,1616940977837009167,1.204519
1616940977845622319,1616940977847202810,1.14079
1616940977855836925,1616940977857422945,1.175354
1616940977866078806,1616940977867556146,1.065464
1616940977876299816,1616940977877885948,1.186305
1616940977886427207,1616940977887955864,1.03436
1616940977896608669,1616940977898167263,1.117217
1616940977906838739,1616940977908481225,1.23261
1616940977917064795,1616940977918759185,1.283041
1616940977927283761,1616940977928920621,1.232853
1616940977937503904,1616940977939126590,1.212037
1616940977947665919,1616940977949227051,1.156213
1616940977957883876,1616940977959345322,0.956942
1616940977968103003,1616940977969662840,1.067949
1616940977978273021,1616940977979868781,1.141473
1616940977988491622,1616940977990016736,1.101394
1616940977998647874,1616940978000313159,1.261467
1616940978008865420,1616940978010456679,1.223186
1616940978019038233,1616940978020639100,1.195276
1616940978029210167,1616940978030789478,1.166333
1616940978039404457,1616940978040943777,1.120445
1616940978049622781,1616940978051198173,1.149455
1616940978059840964,1616940978061512667,1.244381
1616940978070082622,1616940978071683144,1.164009
1616940978080300182,1616940978081822975,1.056265
1616940978090475240,1616940978092112495,1.226971
1616940978100697617,1616940978102286836,1.174263
1616940978110868429,1616940978112406893,1.110489
1616940978121111601,1616940978122692231,1.156532
1616940978131331080,1616940978132841528,1.097238
1616940978141550596,1616940978143087853,1.112074
1616940978151768022,1616940978153342373,1.114759
1616940978162001728,1616940978163625249,1.197688
1616940978172222562,1616940978173794220,1.151471
1616940978182391754,1616940978184050353,1.288137
1616940978192609396,1616940978194232856,1.228566
1616940978202777989,1616940978204745729,1.483154
1616940978213088032,1616940978214772186,1.257401
1616940978223323181,1616940978224938404,1.129663
1616940978233442030,1616940978235041939,1.163089
1616940978243669312,1616940978245327637,1.186599
1616940978253840397,1616940978255527154,1.209144
1616940978264055180,1616940978265689198,1.188292
1616940978274174768,1616940978275700496,1.061738
1616940978284324046,1616940978285924723,1.106152
1616940978294355598,1616940978295921018,1.104827
1616940978304453105,1616940978306038733,1.085453
1616940978314610685,1616940978316289237,1.213025
1616940978324778352,1616940978326400445,1.13836
1616940978334906623,1616940978336532359,1.171665
1616940978345008601,1616940978346593578,1.158024
1616940978355122274,1616940978356740035,1.2111
1616940978365218137,1616940978366738069,1.035216
1616940978375320920,1616940978376914273,1.160955
1616940978385442058,1616940978386899300,0.95505
1616940978395610526,1616940978397122850,1.061348
1616940978405716561,1616940978407336346,1.138537
1616940978415818884,1616940978417428962,1.20484
1616940978425978998,1616940978427528257,1.131732
1616940978436030260,1616940978437578078,1.114737
1616940978446168073,1616940978447744941,1.089
1616940978456252854,1616940978457789708,1.098117
1616940978466422939,1616940978468006652,1.112551
1616940978476535954,1616940978478096089,1.078887
1616940978486646994,1616940978488233143,1.10775
1616940978496705374,1616940978498288762,1.172306
1616940978506829168,1616940978508421141,1.196509
1616940978516957678,1616940978518704199,1.303961
1616940978527114488,1616940978529166472,1.792706
1616940978537270080,1616940978538860558,1.093522
1616940978547296104,1616940978548878442,1.205289
1616940978557510154,1616940978559019144,1.024767
1616940978567737012,1616940978569366060,1.198696
1616940978577771496,1616940978579342036,1.153401
1616940978587903502,1616940978589528391,1.220318
1616940978598133882,1616940978599596606,1.000823
1616940978608306036,1616940978609848300,1.120126
1616940978618480186,1616940978620044019,1.133135
1616940978628697556,1616940978630237167,1.127625
1616940978638868240,1616940978640436128,1.110516
1616940978649087315,1616940978650660361,1.145663
1616940978659320665,1616940978660799922,1.056506
1616940978669549189,1616940978671105259,1.13951
1616940978679786462,1616940978681341788,1.141071
1616940978690001586,1616940978691521076,1.082665
1616940978700229420,1616940978701673109,1.056258
1616940978710399074,1616940978711931555,1.058951
1616940978720620569,1616940978722135836,1.041915
1616940978730738950,1616940978732357774,1.141193
1616940978740966103,1616940978742577275,1.204897
1616940978751198805,1616940978752722432,1.099258
1616940978761435924,1616940978762990943,1.130463
1616940978771558718,1616940978773172526,1.206918
1616940978781781489,1616940978783280259,1.066297
1616940978792004281,1616940978793479032,1.0635
1616940978802233163,1616940978803789642,1.141628
1616940978812452947,1616940978813964687,1.11696
1616940978822622283,1616940978824182807,1.184396
1616940978832859378,1616940978834425050,1.158414
1616940978843088266,1616940978844687735,1.205677
1616940978853306810,1616940978854888334,1.173463
1616940978863546116,1616940978865019446,1.061953
1616940978873768199,1616940978875314410,1.124975
1616940978884014600,1616940978885508024,1.082729
1616940978894234038,1616940978895769885,1.123873
1616940978904452635,1616940978905892594,1.023051
1616940978914624533,1616940978916156167,1.129033
1616940978924860365,1616940978926335758,1.035385
1616940978935099112,1616940978936639434,1.146087
1616940978945271339,1616940978946832132,1.149355
1616940978955517136,1616940978957032529,1.125321
1616940978965736568,1616940978967230075,1.066486
1616940978975974689,1616940978977426400,1.013648
1616940978986223798,1616940978987747446,1.086454
1616940978996453924,1616940978997929143,1.072478
1616940979006622468,1616940979008100347,1.038907
1616940979016845139,1616940979018303670,1.020139
1616940979027066200,1616940979028620128,1.15907
1616940979037318302,1616940979038804876,1.063253
1616940979047543662,1616940979049141270,1.200511
1616940979057762643,1616940979059322584,1.148212
1616940979067993798,1616940979069549688,1.130425
1616940979078177144,1616940979079799024,1.209457
1616940979088408888,1616940979090029220,1.201666
1616940979098576761,1616940979100155586,1.172728
1616940979108798285,1616940979110326799,1.07898
1616940979119018665,1616940979120681274,1.237659
1616940979129188187,1616940979130749277,1.153692
1616940979139372114,1616940979141006457,1.205026
1616940979149609375,1616940979151160487,1.119699
1616940979159774386,1616940979161484669,1.29115
1616940979169992842,1616940979171593626,1.17555
1616940979180218451,1616940979181949485,1.307708
1616940979190385191,1616940979192042245,1.22492
1616940979200555360,1616940979202238584,1.272305
1616940979210712029,1616940979212397340,1.284872
1616940979220945602,1616940979222621387,1.267728
1616940979231165277,1616940979232805941,1.214958
1616940979241383280,1616940979242990458,1.194832
1616940979251609695,1616940979253268372,1.234184
1616940979261771253,1616940979263354385,1.224433
1616940979271989107,1616940979273629511,1.224529
1616940979282165812,1616940979283818202,1.237292
1616940979292332873,1616940979293938717,1.182952
1616940979302493299,1616940979304049813,1.136324
1616940979312712508,1616940979314352312,1.240174
1616940979322891125,1616940979324549114,1.264426
1616940979333051587,1616940979335109123,1.698382
1616940979343269189,1616940979344836615,1.085769
1616940979353441399,1616940979355047225,1.197161
1616940979363611095,1616940979365182214,1.185057
1616940979373764188,1616940979375378006,1.137402
1616940979383987684,1616940979385717364,1.338445
1616940979394255997,1616940979395952831,1.233611
1616940979404477953,1616940979406059813,1.189267
1616940979414647318,1616940979416339644,1.28038
1616940979424865878,1616940979426453579,1.239228
1616940979435089009,1616940979436681474,1.196124
1616940979445317693,1616940979446893730,1.175595
1616940979455548529,1616940979457112968,1.150756
1616940979465777886,1616940979467308992,1.126655
1616940979475997520,1616940979477599052,1.244888
1616940979486230258,1616940979487745735,1.082126
1616940979496456409,1616940979497995793,1.118103
1616940979506625264,1616940979508186555,1.133898
1616940979516850312,1616940979518435436,1.188421
1616940979527071172,1616940979528558021,1.022437
1616940979537290764,1616940979538864459,1.146456
1616940979547514092,1616940979549010104,1.079569
1616940979557745936,1616940979559220894,1.055624
1616940979567964147,1616940979569507910,1.127911
1616940979578191918,1616940979579657710,1.037291
1616940979588416536,1616940979589915166,1.072717
1616940979598535719,1616940979600071706,1.126158
1616940979608756862,1616940979610320751,1.15053
1616940979618976517,1616940979620535813,1.142138
1616940979629195321,1616940979630737296,1.111128
1616940979639359073,1616940979640868710,1.022975
1616940979649584946,1616940979651153864,1.117782
1616940979659804063,1616940979661271492,1.039889
1616940979670023221,1616940979678909908,8.479358
1616940979680166967,1616940979681678141,1.024099
1616940979690390087,1616940979691829915,0.998504
1616940979700608306,1616940979702026685,1.000852
1616940979710779432,1616940979712259504,1.040922
1616940979720998752,1616940979722632563,1.229145
1616940979731217507,1616940979732763230,1.133723
1616940979741451382,1616940979742916759,1.049645
1616940979751669741,1616940979753207971,1.10826
1616940979761896730,1616940979763567611,1.253255
1616940979772119064,1616940979773641393,1.037992
1616940979782288231,1616940979783891606,1.199516
1616940979792511431,1616940979794099656,1.166064
1616940979802693482,1616940979804243533,1.130538
1616940979812929433,1616940979814683790,1.3119
1616940979823158490,1616940979824723740,1.17286
1616940979833377303,1616940979834957830,1.15364
1616940979843595578,1616940979845117961,1.11087
1616940979853814068,1616940979855330545,1.100248
1616940979864033636,1616940979865640061,1.211915
1616940979874229381,1616940979875836226,1.199076
1616940979884451253,1616940979886030106,1.163239
1616940979894578235,1616940979896065345,1.015919
1616940979904812955,1616940979906908603,1.631407
1616940979914917683,1616940979916448660,1.138019
1616940979925091909,1616940979926658101,1.120266
1616940979935251608,1616940979936756800,1.119563
1616940979945288332,1616940979946839272,1.076754
1616940979955312139,1616940979956819886,1.011836
1616940979965467082,1616940979967001919,1.014892
1616940979975567302,1616940979977075403,0.996275
1616940979985670009,1616940979987258107,1.120922
1616940979995893249,1616940979997440687,1.105045
1616940980005981524,1616940980007543017,1.106764
1616940980016078289,1616940980017579638,1.040263
1616940980026191158,1616940980027720731,1.028413
1616940980036345802,1616940980037867810,1.113432
1616940980046477043,1616940980048044314,1.138868
1616940980056726922,1616940980058284628,1.13818
1616940980066888560,1616940980068385774,1.073226
1616940980077047570,1616940980078552986,1.120499
1616940980087106537,1616940980088673041,1.092056
1616940980097130225,1616940980098706348,1.084168
1616940980107291626,1616940980108889484,1.138186
1616940980117408816,1616940980118911905,1.023157
1616940980127507302,1616940980129088905,1.814011
1616940980137664949,1616940980139117854,0.968084
1616940980147697663,1616940980149243342,1.077481
1616940980157797395,1616940980159256357,0.964675
1616940980167889798,1616940980169326378,1.037475
1616940980178081440,1616940980179599531,1.047312
1616940980188304871,1616940980189758473,0.959326
1616940980198330111,1616940980199767906,0.998174
1616940980208469006,1616940980210172305,1.267694
1616940980218577960,1616940980220095740,1.092207
1616940980228742189,1616940980230274578,1.047844
1616940980238900968,1616940980240383550,1.02556
1616940980249006269,1616940980250521966,1.066334
1616940980259169723,1616940980260765257,1.116462
1616940980269352721,1616940980270851135,1.009624
1616940980279577626,1616940980281103421,1.04158
1616940980289714018,1616940980291335913,1.137766
1616940980299875988,1616940980301420688,1.065291
1616940980310027321,1616940980311644166,1.139127
1616940980320248255,1616940980321872957,1.166593
1616940980330373273,1616940980331903160,1.058911
1616940980340481240,1616940980342016727,1.032499
1616940980350589918,1616940980352103969,1.011725
1616940980360741583,1616940980362158601,0.915567
1616940980370901838,1616940980372418962,1.022214
1616940980381056446,1616940980382590362,1.105386
1616940980391163606,1616940980392699712,1.030798
1616940980401317664,1616940980402849123,1.018389
1616940980411488096,1616940980412968314,0.961125
1616940980421662397,1616940980423168164,0.994448
1616940980431811600,1616940980433366690,1.043663
1616940980441959085,1616940980443566251,1.084705
1616940980452105425,1616940980453623110,1.011574
1616940980462204636,1616940980463726618,1.021733
1616940980472371148,1616940980473839233,1.021098
1616940980482496668,1616940980484112363,1.184736
1616940980492737426,1616940980494243263,1.075179
1616940980502904698,1616940980504346950,1.034972
1616940980513133855,1616940980514707464,1.081042
1616940980523306720,1616940980524867132,1.142206
1616940980533521953,1616940980535048964,1.090224
1616940980543740364,1616940980545290971,1.135319
1616940980553960886,1616940980555495999,1.127106
1616940980564203896,1616940980565776420,1.147864
1616940980574365813,1616940980575943305,1.146191
1616940980584614396,1616940980586225689,1.198544
1616940980594740047,1616940980596440158,1.293352
1616940980604964789,1616940980606652887,1.268665
1616940980615187411,1616940980616829668,1.236322
1616940980625417588,1616940980627115520,1.279703
1616940980635635984,1616940980637334697,1.255351
1616940980645855714,1616940980647569247,1.263292
1616940980656073408,1616940980657792166,1.208708
1616940980666295933,1616940980667937583,1.127462
1616940980676517145,1616940980678162835,1.20395
1616940980686685916,1616940980688244283,1.144858
1616940980696919518,1616940980698659113,1.342586
1616940980707078109,1616940980708781336,1.286935
1616940980717308023,1616940980719006492,1.291242
1616940980727528367,1616940980729275922,1.331047
1616940980737749024,1616940980739346718,1.208221
1616940980747968446,1616940980749627275,1.228384
1616940980758104473,1616940980759840027,1.322262
1616940980768332922,1616940980770029889,1.27505
1616940980778455497,1616940980780080548,1.14636
1616940980788676764,1616940980790311526,1.212936
1616940980798835585,1616940980800508292,1.258553
1616940980809055502,1616940980810704461,1.230752
1616940980819276092,1616940980820924299,1.229416
1616940980829497969,1616940980831178487,1.254007
1616940980839725541,1616940980841416704,1.297727
1616940980849944830,1616940980851727266,1.363683
1616940980860175344,1616940980861831592,1.24088
1616940980870345623,1616940980871928888,1.187399
1616940980880581762,1616940980882262674,1.273445
1616940980890767238,1616940980892475439,1.293367
1616940980900988476,1616940980902715704,1.313445
1616940980911207998,1616940980912835357,1.210153
1616940980921443327,1616940980923064300,1.217137
1616940980931661546,1616940980933824273,1.911096
1616940980941906129,1616940980943582626,1.277509
1616940980952138306,1616940980953714989,1.16128
1616940980962259037,1616940980963877734,1.222103
1616940980972489466,1616940980974153152,1.238046
1616940980982658386,1616940980984258832,1.184524
1616940980992878629,1616940980994452561,1.206294
1616940981003098168,1616940981004774667,1.263207
1616940981013316408,1616940981014911835,1.185125
1616940981023550161,1616940981025190328,1.248968
1616940981033785024,1616940981035426836,1.236041
1616940981044014038,1616940981045651126,1.227357
1616940981054241731,1616940981055827715,1.157226
1616940981064474229,1616940981066198441,1.325105
1616940981074696715,1616940981076374478,1.268864
1616940981084916013,1616940981086445121,1.198598
1616940981095148719,1616940981096769880,1.228208
1616940981105374007,1616940981107036698,1.202191
1616940981115592812,1616940981117239434,1.237672
1616940981125819159,1616940981127512593,1.284599
1616940981136034467,1616940981137578488,1.057079
1616940981146257593,1616940981147900930,1.211767
1616940981156436919,1616940981158162334,1.304398
1616940981166615181,1616940981168258257,1.223693
1616940981176799530,1616940981178342770,1.065395
1616940981186986270,1616940981188591220,1.176464
1616940981197149162,1616940981198759654,1.153735
1616940981207289653,1616940981208954376,1.19469
1616940981217457908,1616940981219106129,1.178497
1616940981227563244,1616940981229220033,1.165076
1616940981237742260,1616940981239389942,1.167872
1616940981247987530,1616940981249561203,1.089227
1616940981258120798,1616940981259757161,1.177035
1616940981268291955,1616940981269960390,1.155943
1616940981278406689,1616940981280041731,1.108623
1616940981288627898,1616940981290235942,1.072985
1616940981298738176,1616940981300356104,1.075897
1616940981308837057,1616940981310357993,1.02153
1616940981318938063,1616940981320576868,1.142208
1616940981329082874,1616940981330661985,1.047534
1616940981339224282,1616940981340854930,1.120504
1616940981349428576,1616940981351072007,1.135173
1616940981359646653,1616940981361325583,1.163594
1616940981369810021,1616940981371509697,1.22213
1616940981380021488,1616940981381588419,1.064232
1616940981390122580,1616940981391867822,1.253868
1616940981400292213,1616940981401891627,1.093828
1616940981410417142,1616940981411982828,1.084056
1616940981420529155,1616940981422178861,1.245265
1616940981430630795,1616940981432243859,1.18075
1616940981440756585,1616940981442359358,1.186893
1616940981450865846,1616940981452542479,1.202525
1616940981461092735,1616940981462774351,1.218346
1616940981471308171,1616940981472860445,1.149306
1616940981481546238,1616940981483192689,1.163787
1616940981491761686,1616940981493312053,1.053515
1616940981501986324,1616940981503593614,1.186057
1616940981512207560,1616940981513648688,1.032873
1616940981522322741,1616940981523881656,1.139829
1616940981532494067,1616940981534025203,1.117676
1616940981542659230,1616940981544205379,1.128155
1616940981552829278,1616940981554436456,1.188781
1616940981563048997,1616940981564730585,1.273329
1616940981573235012,1616940981574921069,1.287899
1616940981583474068,1616940981585144346,1.200421
1616940981593704799,1616940981595253405,1.136936
1616940981603923067,1616940981605606162,1.271118
1616940981614131261,1616940981615734336,1.185258
1616940981624348835,1616940981626282020,1.490779
1616940981634513885,1616940981636114466,1.127935
1616940981644734398,1616940981646432899,1.271567
1616940981654887808,1616940981656476228,1.173335
1616940981665108574,1616940981666701331,1.127898
1616940981675263222,1616940981676776660,1.047853
1616940981685366182,1616940981687004362,1.171148
1616940981695602413,1616940981697124065,1.061736
1616940981705642901,1616940981707178527,1.043138
1616940981715721436,1616940981717254983,1.082964
1616940981725816270,1616940981727573992,1.286588
1616940981735955328,1616940981737544468,1.177845
1616940981746099643,1616940981747669004,1.143461
1616940981756210813,1616940981757899183,1.232028
1616940981766321772,1616940981767871876,1.111932
1616940981776421324,1616940981777927001,1.074726
1616940981786581615,1616940981788129255,1.041064
1616940981796802653,1616940981798348676,1.06609
1616940981806966572,1616940981808533053,1.12492
1616940981817052611,1616940981818749827,1.23907
1616940981827209015,1616940981828840083,1.233837
1616940981837361079,1616940981838938157,1.097705
1616940981847517805,1616940981849074323,1.081581
1616940981857582980,1616940981859111245,1.064016
1616940981867684272,1616940981869258253,1.106223
1616940981877863802,1616940981879499168,1.158457
1616940981887905708,1616940981889515254,1.16657
1616940981898076924,1616940981899645844,1.164206
1616940981908140523,1616940981909658387,1.05216
1616940981918264903,1616940981919831121,1.088247
1616940981928478728,1616940981930100304,1.157901
1616940981938524913,1616940981940052925,1.070182
1616940981948741290,1616940981950344974,1.127149
1616940981958915990,1616940981960464193,1.05368
1616940981969073257,1616940981970608833,1.050099
1616940981979192492,1616940981980730406,1.013421
1616940981989381564,1616940981990812654,0.934271
1616940981999605971,1616940982001130575,1.0199
1616940982009710049,1616940982011226983,1.014469
1616940982019806130,1616940982021304259,0.99578
1616940982030024050,1616940982031600177,1.096251
1616940982040119254,1616940982041636993,1.032458
1616940982050241231,1616940982051774338,1.059472
1616940982060457677,1616940982061975770,1.04677
1616940982070688144,1616940982072210118,1.043951
1616940982080902492,1616940982083086136,1.710806
1616940982091118081,1616940982092668085,1.035722
1616940982101332855,1616940982102856166,1.080729
1616940982111556133,1616940982113043619,1.033929
1616940982121772878,1616940982123413408,1.174717
1616940982131941966,1616940982133542087,1.15458
1616940982142129219,1616940982143726514,1.168709
1616940982152351632,1616940982153969011,1.163034
1616940982162519894,1616940982164080137,1.088339
1616940982172739954,1616940982174401872,1.182607
1616940982182910052,1616940982184485264,1.110168
1616940982193144907,1616940982194772364,1.154687
1616940982203363886,1616940982204925242,1.10159
1616940982213599735,1616940982215220076,1.150301
1616940982223832473,1616940982225384635,1.073664
1616940982234094796,1616940982235680845,1.121744
1616940982244313959,1616940982246053845,1.291364
1616940982254484211,1616940982256164192,1.197364
1616940982264710839,1616940982266512795,1.385388
1616940982274872975,1616940982276429330,1.086474
1616940982285111323,1616940982286776053,1.222472
1616940982295353505,1616940982296959672,1.157096
1616940982305571217,1616940982307033169,0.967267
1616940982315789453,1616940982317273759,1.022804
1616940982326019396,1616940982327485514,0.964445
1616940982336241381,1616940982337793757,1.082096
1616940982346409182,1616940982348097393,1.218887
1616940982356627550,1616940982358357850,1.256999
1616940982366758212,1616940982368417052,1.18029
1616940982376992358,1616940982378633142,1.176726
1616940982387165147,1616940982388873278,1.295105
1616940982397411194,1616940982399026922,1.191357
1616940982407627677,1616940982409274333,1.226502
1616940982417846040,1616940982419410772,1.137106
1616940982428072336,1616940982429678085,1.181091
1616940982438220629,1616940982439741649,1.087762
1616940982448451166,1616940982450040425,1.152991
1616940982458627054,1616940982460189466,1.092966
1616940982468849489,1616940982470521876,1.261875
1616940982479067443,1616940982480694376,1.200613
1616940982489285152,1616940982490772601,1.068691
1616940982499504202,1616940982501108174,1.185602
1616940982509725532,1616940982511270753,1.191558
1616940982519943487,1616940982521507902,1.144731
1616940982530172990,1616940982531671037,1.067949
1616940982540391638,1616940982541918379,1.123536
1616940982550563384,1616940982552175674,1.196605
1616940982560811111,1616940982562261145,1.05406
1616940982571034996,1616940982572553189,1.083715
1616940982581253869,1616940982582827947,1.157654
1616940982591472529,1616940982593073923,1.141905
1616940982601641527,1616940982603081078,0.940274
1616940982611861437,1616940982613383318,1.095692
1616940982622111084,1616940982623543072,0.992843
1616940982632332475,1616940982633861433,1.117841
1616940982642501407,1616940982643999485,1.071613
1616940982652732002,1616940982654214660,1.040396
1616940982662901669,1616940982664521956,1.196691
1616940982673140819,1616940982674760672,1.191296
1616940982683391485,1616940982684898633,1.092926
1616940982693623930,1616940982695204555,1.151164
1616940982703858377,1616940982705460469,1.182595
1616940982714099219,1616940982715662435,1.139964
1616940982724316533,1616940982725965971,1.221272
1616940982734485516,1616940982736054417,1.155349
1616940982744704385,1616940982746313145,1.196701
1616940982754811851,1616940982756351503,1.053831
1616940982765030580,1616940982766673283,1.209897
1616940982775255267,1616940982776842189,1.15397
1616940982785474838,1616940982787128407,1.239986
1616940982795693057,1616940982797214495,1.040655
1616940982805923212,1616940982807512553,1.166152
1616940982816151797,1616940982817728612,1.147377
1616940982826328343,1616940982827882316,1.126515
1616940982836550716,1616940982838028178,1.037167
1616940982846744981,1616940982848231009,0.99241
1616940982856968281,1616940982858562359,1.175013
1616940982867191469,1616940982868847874,1.242558
1616940982877436039,1616940982878949759,1.095172
1616940982887667122,1616940982889261669,1.191961
1616940982897891297,1616940982899491140,1.176645
1616940982908109490,1616940982909680706,1.151873
1616940982918279296,1616940982919936775,1.234414
1616940982928500655,1616940982930090713,1.171003
1616940982938734464,1616940982940390806,1.238597
1616940982948952699,1616940982950560490,1.188943
1616940982959173461,1616940982960758580,1.111254
1616940982969337741,1616940982970900582,1.169656
1616940982979550179,1616940982981104409,1.151335
1616940982989790644,1616940982991412150,1.235731
1616940983000010595,1616940983001422577,1.039173
1616940983010234223,1616940983011708897,1.085179
1616940983020452495,1616940983021930768,1.063857
1616940983030620929,1616940983037981713,6.968633
1616940983040842990,1616940983042361425,1.111486
1616940983051093006,1616940983052629469,1.135974
1616940983061309629,1616940983062858814,1.128917
1616940983071527873,1616940983073074765,1.128669
1616940983081746514,1616940983083334554,1.194888
1616940983091966440,1616940983093550152,1.176392
1616940983102197458,1616940983103853879,1.228803
1616940983112370633,1616940983113957847,1.187703
1616940983122606785,1616940983124261082,1.229787
1616940983132850977,1616940983134557576,1.305269
1616940983143072513,1616940983144657904,1.157585
1616940983153311811,1616940983154976290,1.247552
1616940983163533062,1616940983165164677,1.213708
1616940983173750851,1616940983175341822,1.173044
1616940983183968437,1616940983185511839,1.117481
1616940983194222062,1616940983195756165,1.126367
1616940983204441828,1616940983205973962,1.099298
1616940983214611980,1616940983216214175,1.192178
1616940983224831731,1616940983226418292,1.196004
1616940983234993477,1616940983236552879,1.091462
1616940983245211544,1616940983246790889,1.156881
1616940983255452237,1616940983257086411,1.199585
1616940983265673592,1616940983267337818,1.252641
1616940983275899968,1616940983277545541,1.227263
1616940983286097632,1616940983287694718,1.1625
1616940983296351029,1616940983297917446,1.147871
1616940983306477968,1616940983308157943,1.19634
1616940983316702309,1616940983322695625,5.57683
1616940983326868526,1616940983328822758,1.590785
1616940983337096898,1616940983338600523,1.027254
1616940983347317627,1616940983348800027,1.620217
1616940983357440238,1616940983359041392,1.144547
1616940983367540400,1616940983369134705,1.187252
1616940983377642066,1616940983379115612,1.021243
1616940983387798337,1616940983389183234,0.954694
1616940983397897368,1616940983399389118,1.049716
1616940983408080173,1616940983409553001,1.010093
1616940983418168031,1616940983419655111,1.012163
1616940983428403998,1616940983429938654,1.07898
1616940983438577561,1616940983440082600,1.013117
1616940983448682894,1616940983450195643,1.024019
1616940983458837243,1616940983460320322,1.008998
1616940983468977850,1616940983470454693,0.999046
1616940983479080695,1616940983480654109,1.078575
1616940983489228139,1616940983490802304,1.097832
1616940983499277189,1616940983500889283,1.144596
1616940983509385158,1616940983511023687,1.160901
1616940983519494596,1616940983521026141,1.141168
1616940983529601583,1616940983531160819,1.068769
1616940983539752863,1616940983541315098,1.162932
1616940983549973902,1616940983551642392,1.176226
1616940983560128779,1616940983561690358,1.137664
1616940983570160158,1616940983571846558,1.222996
1616940983580299256,1616940983581865145,1.148574
1616940983590385023,1616940983591942402,1.148913
1616940983600483570,1616940983602128510,1.172854
1616940983610609343,1616940983612210687,1.11222
1616940983620833497,1616940983622445855,1.162803
1616940983630989560,1616940983632618108,1.182031
1616940983641092412,1616940983642746968,1.189982
1616940983651180829,1616940983652795647,1.15406
1616940983661354392,1616940983662934777,1.061578
1616940983671514506,1616940983673079534,1.121175
1616940983681747064,1616940983683288580,1.05853
1616940983691801150,1616940983693391222,1.154635
1616940983701956047,1616940983703658753,1.220105
1616940983712070270,1616940983713714102,1.18351
1616940983722188503,1616940983723774325,1.107894
1616940983732365302,1616940983734012033,1.179034
1616940983742530624,1616940983744165693,1.257778
1616940983752703049,1616940983754436680,1.315169
1616940983762876028,1616940983764530724,1.203332
1616940983773093736,1616940983774745302,1.199232
1616940983783313095,1616940983784958342,1.179197
1616940983793546262,1616940983795132619,1.099
1616940983803769481,1616940983805332724,1.088704
1616940983813994370,1616940983815641640,1.187747
1616940983824213028,1616940983825720850,1.027592
1616940983834382248,1616940983835964559,1.115477
1616940983844598740,1616940983846170517,1.110011
1616940983854724511,1616940983856420781,1.249883
1616940983864950645,1616940983866674396,1.3115
1616940983875193115,1616940983876725324,1.244899
1616940983885418278,1616940983886912138,1.02711
1616940983895596505,1616940983897105477,1.009809
1616940983905822139,1616940983907297448,1.037714
1616940983916042958,1616940983917540624,1.106269
1616940983926183277,1616940983927683311,1.112563
1616940983936402103,1616940983937912317,1.041795
1616940983946581701,1616940983948164806,1.164483
1616940983956756511,1616940983958325647,1.095259
1616940983966862348,1616940983968411727,1.075608
1616940983977038454,1616940983978627014,1.139138
1616940983987300123,1616940983988854972,1.087234
1616940983997471565,1616940983999046392,1.111138
1616940984007688914,1616940984009221295,1.093547
1616940984017866435,1616940984019511392,1.202667
1616940984028039273,1616940984029625846,1.172566
1616940984038128608,1616940984039689148,1.132116
1616940984048288745,1616940984049804992,1.09396
1616940984058405342,1616940984059927913,1.100047
1616940984068569942,1616940984070088213,1.106744
1616940984078734227,1616940984080297258,1.143858
1616940984088963694,1616940984090614021,1.243607
1616940984099193774,1616940984100810867,1.193569
1616940984109366118,1616940984110962104,1.187154
1616940984119481869,1616940984121137937,1.697706
1616940984129700228,1616940984131375029,1.267421
1616940984139930491,1616940984141444715,1.120063
1616940984150155376,1616940984151668231,1.098459
1616940984160293934,1616940984161828385,1.124715
1616940984170486579,1616940984171982829,1.071125
1616940984180659144,1616940984182162986,1.084405
1616940984190830622,1616940984192448026,1.212181
1616940984201002761,1616940984202608314,1.170833
1616940984211173946,1616940984212751224,1.167335
1616940984221339093,1616940984222966764,1.1586
1616940984231556742,1616940984233171212,1.200106
1616940984241792075,1616940984243355373,1.15075
1616940984251970143,1616940984253613822,1.242513
1616940984262161006,1616940984263721808,1.146255
1616940984272335804,1616940984273950989,1.2425
1616940984282461034,1616940984284049287,1.101616
1616940984292628133,1616940984294203649,1.102112
1616940984302803863,1616940984304349354,1.138518
1616940984312977983,1616940984314543297,1.166434
1616940984323195277,1616940984324768683,1.148452
1616940984333425454,1616940984335027369,1.128457
1616940984343673067,1616940984345227307,1.145832
1616940984353901036,1616940984355497444,1.18027
1616940984364131224,1616940984365767619,1.175442
1616940984374251477,1616940984375880773,1.153874
1616940984384375874,1616940984386412499,1.606639
1616940984394514578,1616940984396036707,1.004341
1616940984404621541,1616940984406057273,0.932766
1616940984414726805,1616940984416230149,1.010771
1616940984424888088,1616940984426559227,1.210338
1616940984434984210,1616940984436501843,1.021742
1616940984445148079,1616940984446732422,1.090616
1616940984455255396,1616940984456887892,1.146201
1616940984465430401,1616940984467091376,1.185241
1616940984475540573,1616940984477180254,1.189927
1616940984485711790,1616940984487261483,1.039925
1616940984495876543,1616940984497478146,1.139671
1616940984506059545,1616940984507749245,1.291219
1616940984516176631,1616940984517719261,1.064845
1616940984526286692,1616940984527893510,1.135262
1616940984536401701,1616940984538010199,1.156969
1616940984546512335,1616940984548136603,1.146925
1616940984556615407,1616940984558264798,1.17954
1616940984566772157,1616940984568395572,1.193201
1616940984576936634,1616940984578606588,1.270962
1616940984587099551,1616940984588808731,1.443664
1616940984597263613,1616940984598851607,1.207478
1616940984607428995,1616940984609002498,1.10217
1616940984617602372,1616940984619148644,1.073792
1616940984627773458,1616940984629343532,1.137514
1616940984637950308,1616940984639613253,1.217813
1616940984648076288,1616940984649666046,1.107389
1616940984658203062,1616940984659702936,1.003779
1616940984668312938,1616940984669949708,1.15378
1616940984678421090,1616940984680060359,1.161256
1616940984688590788,1616940984690229767,1.164427
1616940984698699710,1616940984700342093,1.16385
1616940984708867928,1616940984710518059,1.284558
1616940984719087700,1616940984720594924,1.098924
1616940984729324985,1616940984730889367,1.080095
1616940984739544764,1616940984741118143,1.154315
1616940984749768826,1616940984751339692,1.093342
1616940984760000573,1616940984761536386,1.135473
1616940984770188419,1616940984771686900,1.12864
1616940984780404573,1616940984782008352,1.195767
1616940984790519910,1616940984792070113,1.074634
1616940984800732929,1616940984802248641,1.089161
1616940984810898657,1616940984812430918,1.132556
1616940984821114797,1616940984822704278,1.153651
1616940984831257098,1616940984836257634,4.517353
1616940984841285995,1616940984842813012,0.997945
1616940984851366803,1616940984852983045,1.064386
1616940984861448676,1616940984863031649,1.099214
1616940984871524623,1616940984873084539,1.020385
1616940984881621630,1616940984883167332,1.0507
1616940984891781679,1616940984893411231,1.204413
1616940984902000062,1616940984903647391,1.228635
1616940984912224148,1616940984914316369,1.770677
1616940984922397278,1616940984923892005,1.049276
1616940984932625634,1616940984934155171,1.097396
1616940984942885538,1616940984944445069,1.083834
1616940984953107587,1616940984954714392,1.193437
1616940984963325892,1616940984964886100,1.161206
1616940984973562754,1616940984975116041,1.06817
1616940984983785248,1616940984985262321,1.042924
1616940984994009558,1616940984995474464,1.033417
1616940985004229220,1616940985005790176,1.077725
1616940985014451594,1616940985015950510,1.085845
1616940985024704722,1616940985026280518,1.153564
1616940985034829779,1616940985036381870,1.134146
1616940985045075484,1616940985046688852,1.213614
1616940985055293178,1616940985056797048,1.108388
1616940985065517328,1616940985067034235,1.027735
1616940985075738170,1616940985077296057,1.166869
1616940985085915549,1616940985087430039,1.020054
1616940985095955834,1616940985097492556,1.082465
1616940985106138619,1616940985107690018,1.07546
1616940985116379317,1616940985117963744,1.191364
1616940985126538509,1616940985128073973,1.057845
1616940985136700042,1616940985138204814,1.033278
1616940985146885823,1616940985148388700,1.034268
1616940985156915617,1616940985158509624,1.120902
1616940985167075948,1616940985168600143,1.046501
1616940985177144879,1616940985178769230,1.157176
1616940985187186031,1616940985188731154,1.070469
1616940985197409114,1616940985198991957,1.109915
1616940985207547909,1616940985209046324,1.031738
1616940985217646378,1616940985219281001,1.174207
1616940985227804427,1616940985229348814,1.064389
1616940985237959802,1616940985239503393,1.067183
1616940985248067605,1616940985249527659,0.967241
1616940985258238662,1616940985259845953,1.124643
1616940985268397610,1616940985269994143,1.12931
1616940985278436329,1616940985280006807,1.075156
1616940985288651397,1616940985290180950,1.04025
1616940985298805501,1616940985300422764,1.122967
1616940985308976153,1616940985310672186,1.241602
1616940985319127113,1616940985320735254,1.098744
1616940985329224104,1616940985330771612,1.061744
1616940985339390243,1616940985340946864,1.044944
1616940985349555570,1616940985351118190,1.070975
1616940985359653879,1616940985361227723,1.089633
1616940985369684266,1616940985371353502,1.190693
1616940985379719274,1616940985381315216,1.158048
1616940985389876529,1616940985391455378,1.091273
1616940985400099056,1616940985401704486,1.145329
1616940985410205956,1616940985411897206,1.203209
1616940985420438744,1616940985422044229,1.114691
1616940985430558936,1616940985432172479,1.172642
1616940985440719237,1616940985442278568,1.07925
1616940985450872657,1616940985452531010,1.18332
1616940985461012674,1616940985462677851,1.226414
1616940985471038014,1616940985472755615,1.276162
1616940985481064752,1616940985482780839,1.209179
1616940985491290166,1616940985492952189,1.193112
1616940985501392054,1616940985502937061,1.066269
1616940985511615534,1616940985513182246,1.085866
1616940985521832847,1616940985523471239,1.145791
1616940985531942644,1616940985533552779,1.135248
1616940985542103107,1616940985543608301,1.00164
1616940985552285862,1616940985553860003,1.095123
1616940985562441473,1616940985564055221,1.147966
1616940985572613017,1616940985574219851,1.129409
1616940985582766732,1616940985584412374,1.170314
1616940985592992141,1616940985594701892,1.244525
1616940985603151918,1616940985604775599,1.207581
1616940985613223069,1616940985614914758,1.222941
1616940985623443073,1616940985624983286,1.12532
1616940985633515571,1616940985635187640,1.193457
1616940985643663150,1616940985645225457,1.145564
1616940985653816473,1616940985655457683,1.179008
1616940985663985279,1616940985665627245,1.164937
1616940985674096926,1616940985675715787,1.212101
1616940985684342547,1616940985686064988,1.318351
1616940985694512428,1616940985696240259,1.332659
1616940985704737721,1616940985706272272,1.049492
1616940985714954797,1616940985716778970,1.414096
1616940985725176854,1616940985726898273,1.331951
1616940985735417800,1616940985737117409,1.284668
1616940985745649173,1616940985747241742,1.171586
1616940985755867847,1616940985757456538,1.177631
1616940985766112407,1616940985767696453,1.159242
1616940985776330248,1616940985777859552,1.112091
1616940985786500441,1616940985788141469,1.236544
1616940985796661010,1616940985798182334,1.088299
1616940985806835486,1616940985808259510,0.927442
1616940985816960072,1616940985818518606,1.182828
1616940985827146831,1616940985828726610,1.153762
1616940985837321001,1616940985838841244,1.036933
1616940985847447929,1616940985848892103,0.959126
1616940985857624463,1616940985859193222,1.140253
1616940985867864596,1616940985869382554,1.102103
1616940985878087778,1616940985879734913,1.213138
1616940985888307121,1616940985889900482,1.174519
1616940985898477051,1616940985900090888,1.183259
1616940985908706752,1616940985910279349,1.1589
1616940985918954128,1616940985920554623,1.20434
1616940985929180824,1616940985930803904,1.155704
1616940985939416769,1616940985941015566,1.172066
1616940985949634672,1616940985951219852,1.171489
1616940985959860031,1616940985961435809,1.179814
1616940985970087789,1616940985971675428,1.11854
1616940985980309442,1616940985981901842,1.113505
1616940985990477761,1616940985992008293,1.104406
1616940986000695342,1616940986002268829,1.176036
1616940986010875943,1616940986012524116,1.211457
1616940986021099693,1616940986022680296,1.156378
1616940986031319186,1616940986032878721,1.128908
1616940986041546703,1616940986043101570,1.135073
1616940986051773886,1616940986053301789,1.1031
1616940986062002268,1616940986063606876,1.210212
1616940986072227572,1616940986073790525,1.137051
1616940986082395685,1616940986083858165,1.047084
1616940986092611662,1616940986094076685,0.99693
1616940986102780370,1616940986104208216,0.98764
1616940986112997327,1616940986114518428,1.154549
1616940986123213124,1616940986124718280,1.069661
1616940986133459945,1616940986135058302,1.097392
1616940986143687763,1616940986145246067,1.13579
1616940986153905762,1616940986155572701,1.239489
1616940986164124703,1616940986165760326,1.216987
1616940986174247756,1616940986175981016,1.306158
1616940986184467574,1616940986186038224,1.141328
1616940986194636682,1616940986196310071,1.243424
1616940986204862855,1616940986206552300,1.302478
1616940986215023942,1616940986216726499,1.276056
1616940986225202565,1616940986226801134,1.150341
1616940986235370023,1616940986237069632,1.267844
1616940986245540935,1616940986247225565,1.260404
1616940986255783115,1616940986257510989,1.252845
1616940986266009823,1616940986267713312,1.235215
1616940986276199865,1616940986277925141,1.243231
1616940986286377438,1616940986288015020,1.224018
1616940986296597060,1616940986298317432,1.248146
1616940986306761906,1616940986308477671,1.291859
1616940986316987880,1616940986318702162,1.243575
1616940986327160373,1616940986328780777,1.140857
1616940986337334618,1616940986338870633,1.039034
1616940986347501380,1616940986349057124,1.095379
1616940986357722330,1616940986359234735,1.026994
1616940986367944358,1616940986369560893,1.141165
1616940986378172289,1616940986379789826,1.132542
1616940986388408692,1616940986389986331,1.13403
1616940986398576467,1616940986400189543,1.155149
1616940986408797544,1616940986410335365,1.086606
1616940986419023518,1616940986420676034,1.189564
1616940986429260349,1616940986430868350,1.139999
1616940986439476797,1616940986441081560,1.145408
1616940986449699318,1616940986451329858,1.137329
1616940986459916647,1616940986461596523,1.181838
1616940986470164675,1616940986471692184,1.104422
1616940986480402904,1616940986482056670,1.234082
1616940986490522775,1616940986492165572,1.210307
1616940986500748969,1616940986502409483,1.242208
1616940986510968195,1616940986512604072,1.224677
1616940986521142925,1616940986523292111,2.167453
1616940986531363550,1616940986532940880,1.150149
1616940986541584586,1616940986543127212,1.108001
1616940986551806680,1616940986553351700,1.050458
1616940986562028128,1616940986563681779,1.17936
1616940986572195245,1616940986573818484,1.151159
1616940986582368473,1616940986584030992,1.177479
1616940986592532224,1616940986594029370,1.0027
1616940986602646443,1616940986604266334,1.147719
1616940986612773846,1616940986614347079,1.083173
1616940986622995646,1616940986624548985,1.08744
1616940986633215355,1616940986634842579,1.163162
1616940986643434487,1616940986644989155,1.078975
1616940986653673090,1616940986655258475,1.139339
1616940986663913809,1616940986665514713,1.144422
1616940986674154675,1616940986675754372,1.142733
1616940986684325703,1616940986685886885,1.084646
1616940986694495128,1616940986696014187,1.042434
1616940986704679501,1616940986706178401,1.025006
1616940986714849284,1616940986716421483,1.157041
1616940986725071558,1616940986726651838,1.187401
1616940986735291764,1616940986736787676,1.010519
1616940986745518540,1616940986747059943,1.101385
1616940986755734755,1616940986757403292,1.229902
1616940986765969261,1616940986767511378,1.111371
1616940986776190837,1616940986777772749,1.142548
1616940986786359860,1616940986787865078,1.074215
1616940986796533387,1616940986798019596,1.040475
1616940986806773608,1616940986808276418,1.170234
1616940986816925101,1616940986818452977,1.180891
1616940986827027552,1616940986828542191,1.105849
1616940986837129301,1616940986838862171,1.263298
1616940986847164225,1616940986848723402,1.156876
1616940986857396622,1616940986858850632,1.002297
1616940986867436323,1616940986868939238,1.11769
1616940986877596257,1616940986879051962,0.997625
1616940986887725060,1616940986889177837,1.000975
1616940986897947788,1616940986899521680,1.090183
1616940986908171165,1616940986909717162,1.071723
1616940986918339250,1616940986919912351,1.093689
1616940986928573309,1616940986930100581,1.033979
1616940986938651003,1616940986940182029,1.086094
1616940986948869989,1616940986950395516,1.112208
1616940986959036330,1616940986960575436,1.063412
1616940986969061926,1616940986970603375,1.122233
1616940986979102350,1616940986980597885,1.085981
1616940986989286939,1616940986990808700,1.03329
1616940986999360248,1616940987000880276,1.095476
1616940987009472522,1616940987011041967,1.09704
1616940987019626244,1616940987021221766,1.123721
1616940987029644330,1616940987031199885,1.135462
1616940987039757708,1616940987041388611,1.150102
1616940987049826801,1616940987051469478,1.218478
1616940987059977773,1616940987061531148,1.119877
1616940987070011716,1616940987071602561,1.169069
1616940987080241975,1616940987081834336,1.13838
1616940987090467411,1616940987092047247,1.143621
1616940987100693385,1616940987102247650,1.079578
1616940987110858106,1616940987112395326,1.070582
1616940987121086558,1616940987122738013,1.23563
1616940987131256770,1616940987132870798,1.176392
1616940987141480794,1616940987143044055,1.077428
1616940987151719066,1616940987153247854,1.104136
1616940987161943240,1616940987163522895,1.158578
1616940987172190265,1616940987173684775,1.054906
1616940987182413264,1616940987184034145,1.205653
1616940987192632381,1616940987194146550,1.040159
1616940987202802187,1616940987204410801,1.196062
1616940987212982526,1616940987214540262,1.092533
1616940987223154437,1616940987224748081,1.187118
1616940987233373290,1616940987234919363,1.115417
1616940987243596297,1616940987245163709,1.163132
1616940987253821685,1616940987255511950,1.210138
1616940987264045005,1616940987265640574,1.177691
1616940987274270879,1616940987275889289,1.201814
1616940987284488111,1616940987286069041,1.16957
1616940987294710831,1616940987296251814,1.089649
1616940987304934458,1616940987306562672,1.235324
1616940987315104977,1616940987316615821,1.063302
1616940987325344624,1616940987327051316,1.874305
1616940987335494691,1616940987337036280,1.117375
1616940987345728223,1616940987347280268,1.146901
1616940987355948403,1616940987357549632,1.188301
1616940987366173723,1616940987367765956,1.186878
1616940987376407215,1616940987377936904,1.105966
1616940987386582960,1616940987388226415,1.227255
1616940987396822607,1616940987398375772,1.11781
1616940987406993058,1616940987408525446,1.110842
1616940987417163429,1616940987418776045,1.179763
1616940987427387446,1616940987428897545,1.062974
1616940987437628385,1616940987439231756,1.17642
1616940987447846307,1616940987449410570,1.145486
1616940987458096496,1616940987459651312,1.130614
1616940987468318814,1616940987469888721,1.165834
1616940987478542610,1616940987480150031,1.200494
1616940987488769783,1616940987490421400,1.260247
1616940987498921986,1616940987500541466,1.227286
1616940987509139730,1616940987510763757,1.224118
1616940987519359583,1616940987520980260,1.194617
1616940987529592639,1616940987531125228,1.111707
1616940987539827229,1616940987541428258,1.172936
1616940987550098481,1616940987551698535,1.199115
1616940987560278971,1616940987561857532,1.115755
1616940987570391516,1616940987571958438,1.139789
1616940987580611904,1616940987582288041,1.265088
1616940987590857650,1616940987592472727,1.211465
1616940987601087216,1616940987602741994,1.241113
1616940987611305817,1616940987612873507,1.149834
1616940987621480094,1616940987623083499,1.19539
1616940987631645741,1616940987633186131,1.126355
1616940987641878525,1616940987643504738,1.210659
1616940987652099051,1616940987653684945,1.186892
1616940987662318996,1616940987663833572,1.078872
1616940987672536666,1616940987674146163,1.206626
1616940987682706081,1616940987684418079,1.301209
1616940987692924282,1616940987694609242,1.301307
1616940987703101610,1616940987704645257,1.062721
1616940987713319842,1616940987714929691,1.199467
1616940987723536468,1616940987725116671,1.154209
1616940987733760963,1616940987735287706,1.11168
1616940987743982382,1616940987745607045,1.136728
1616940987754225409,1616940987755768346,1.129154
1616940987764468011,1616940987766030412,1.141167
1616940987774692791,1616940987776220403,1.097336
1616940987784856040,1616940987786396671,1.070443
1616940987795023281,1616940987796725302,1.34234
1616940987805179236,1616940987806781519,1.134968
1616940987815397524,1616940987816895103,1.016328
1616940987825620154,1616940987827198807,1.154932
1616940987835847812,1616940987837350134,1.103997
1616940987846094556,1616940987847614580,1.101282
1616940987856311720,1616940987857831849,1.098733
1616940987866481106,1616940987868250010,1.330498
1616940987876698336,1616940987878315689,1.157957
1616940987886866323,1616940987888441973,1.148658
1616940987897080415,1616940987898738039,1.243834
1616940987907268756,1616940987908888427,1.228001
1616940987917438409,1616940987919081919,1.260844
1616940987927658397,1616940987929125138,1.002153
1616940987937878015,1616940987939416073,1.073541
1616940987948041955,1616940987949599007,1.128887
1616940987958184318,1616940987959743393,1.095208
1616940987968355190,1616940987970068052,1.236792
1616940987978472325,1616940987980168229,1.240083
1616940987988674441,1616940987997527527,8.420901
1616940987998781711,1616940988000339675,1.083379
1616940988008957556,1616940988010489805,1.118672
1616940988019131221,1616940988020736119,1.166716
1616940988029310596,1616940988030876194,1.130553
1616940988039482343,1616940988041094354,1.203906
1616940988049657986,1616940988051267759,1.18195
1616940988059842684,1616940988061468772,1.223502
1616940988070000220,1616940988071673287,1.18522
1616940988080216976,1616940988081751926,1.11207
1616940988090328107,1616940988091995414,1.251821
1616940988100492103,1616940988102097010,1.138088
1616940988110661151,1616940988112321759,1.168176
1616940988120903400,1616940988122673338,1.855611
1616940988131027584,1616940988132614010,1.192623
1616940988141202658,1616940988142807821,1.142133
1616940988151425324,1616940988152993090,1.153978
1616940988161592969,1616940988163190590,1.178482
1616940988171758656,1616940988173267770,1.08068
1616940988181977180,1616940988183590269,1.196132
1616940988192200620,1616940988193870846,1.250472
1616940988202323934,1616940988203905045,1.147662
1616940988212544298,1616940988214138275,1.185527
1616940988222713097,1616940988224228054,1.122522
1616940988232888814,1616940988234542967,1.272779
1616940988243107037,1616940988244804345,1.276691
1616940988253329542,1616940988254947879,1.152134
1616940988263497603,1616940988264993158,1.086094
1616940988273721857,1616940988275237751,1.088324
1616940988283885099,1616940988285411887,1.105396
1616940988294096674,1616940988295727387,1.206879
1616940988304320592,1616940988305865999,1.135172
1616940988314441419,1616940988316067700,1.153629
1616940988324660383,1616940988326335363,1.264987
1616940988334779614,1616940988336474382,1.294784
1616940988344942464,1616940988346555583,1.169604
1616940988355115124,1616940988356702060,1.158175
1616940988365273250,1616940988366845534,1.115233
1616940988375424486,1616940988377012024,1.155683
1616940988385531537,1616940988387082646,1.141623
1616940988395710612,1616940988397209753,1.069614
1616940988405876276,1616940988407423183,1.070079
1616940988416060299,1616940988417605776,1.051437
1616940988426225960,1616940988427732621,0.995005
1616940988436450215,1616940988437958456,1.085355
1616940988446564152,1616940988448233570,1.263383
1616940988456724356,1616940988458278709,1.073479
1616940988466958309,1616940988468558047,1.185779
1616940988477172446,1616940988478699667,1.058382
1616940988487387670,1616940988488863114,1.071959
1616940988497603710,1616940988499193404,1.187328
1616940988507832240,1616940988509462961,1.203206
1616940988518079125,1616940988519790956,1.294447
1616940988528297580,1616940988529835193,1.074193
1616940988538466003,1616940988540151071,1.284298
1616940988548683340,1616940988550319250,1.212741
1616940988558841306,1616940988560517606,1.274672
1616940988568960372,1616940988570703066,1.337326
1616940988579191587,1616940988580892976,1.374449
1616940988589259072,1616940988590911237,1.213669
1616940988599295407,1616940988600847563,1.074248
1616940988609526970,1616940988611162245,1.151817
1616940988619683665,1616940988621412205,1.276885
1616940988629793012,1616940988631390818,1.121226
1616940988639905009,1616940988641630723,1.284755
1616940988650074492,1616940988651792137,1.299124
1616940988660173708,1616940988661732119,1.085116
1616940988670298321,1616940988671950476,1.204593
1616940988680465649,1616940988682110345,1.16128
1616940988690586070,1616940988692200493,1.143056
1616940988700737064,1616940988702294059,1.124846
1616940988710763461,1616940988712398788,1.161139
1616940988720790878,1616940988722338831,1.079865
1616940988731016840,1616940988732729475,1.258263
1616940988741072035,1616940988742737025,1.212168
1616940988751174956,1616940988752784131,1.134695
1616940988761420228,1616940988762936407,1.012283
1616940988771523477,1616940988773262085,1.287998
1616940988781672406,1616940988783197901,1.071223
1616940988791711642,1616940988793334474,1.2029
1616940988801755272,1616940988803365937,1.153999
1616940988811858603,1616940988813488851,1.21658
1616940988821939332,1616940988823669185,1.238975
1616940988831959580,1616940988833418138,1.081528
1616940988842087478,1616940988843642200,1.03843
1616940988852189432,1616940988853832651,1.169233
1616940988862291361,1616940988863926760,1.161103
1616940988872434049,1616940988874005221,1.095709
1616940988882592781,1616940988884127026,1.046308
1616940988892633753,1616940988894202738,1.084956
1616940988902792588,1616940988904316039,1.026923
1616940988912883476,1616940988914532392,1.19432
1616940988922959947,1616940988924576565,1.20185
1616940988933177656,1616940988935399598,1.874935
1616940988943401830,1616940988945013642,1.174388
1616940988953623127,1616940988955259796,1.229091
1616940988963840948,1616940988965392691,1.142644
1616940988974080142,1616940988975677387,1.118537
1616940988984316192,1616940988985878903,1.132558
1616940988994487033,1616940988996048125,1.099453
1616940989004707052,1616940989006265341,1.130555
1616940989014877106,1616940989016520901,1.186982
1616940989025108640,1616940989026661438,1.11948
1616940989035332735,1616940989036854307,1.033266
1616940989045560244,1616940989047108499,1.048311
1616940989055782061,1616940989057294502,1.0112
1616940989066010583,1616940989067550748,1.061131
1616940989076251467,1616940989077744643,1.088545
1616940989086421838,1616940989087948331,1.048456
1616940989096658980,1616940989098186833,1.105319
1616940989106827939,1616940989108392400,1.089303
1616940989116997223,1616940989118594721,1.173715
1616940989127112517,1616940989128672688,1.153223
1616940989137222618,1616940989138740890,1.050624
1616940989147386674,1616940989148950477,1.128544
1616940989157552322,1616940989162664381,4.708937
1616940989167712845,1616940989169224405,1.078774
1616940989177895482,1616940989179338840,1.065583
1616940989188111973,1616940989189599063,1.038671
1616940989198347603,1616940989199946753,1.200988
1616940989208514200,1616940989210035305,1.101094
1616940989218742549,1616940989220332128,1.192062
1616940989228985444,1616940989230592064,1.191509
1616940989239203101,1616940989240733606,1.103503
1616940989249427844,1616940989250979102,1.106924
1616940989259599145,1616940989261127364,1.097728
1616940989269819606,1616940989271416322,1.162479
1616940989280034273,1616940989281590538,1.153456
1616940989290180799,1616940989291814603,1.21589
1616940989300399711,1616940989302063228,1.265817
1616940989310520687,1616940989312129731,1.138549
1616940989320747220,1616940989322387384,1.232643
1616940989330976844,1616940989332555250,1.169093
1616940989341197724,1616940989342761259,1.140812
1616940989351426917,1616940989353015140,1.118832
1616940989361607410,1616940989363143945,1.132339
1616940989371783368,1616940989373344637,1.151116
1616940989381967385,1616940989383654333,1.281992
1616940989392194798,1616940989393708043,1.039316
1616940989402307522,1616940989403858082,1.124135
1616940989412530476,1616940989414080196,1.124912
1616940989422760081,1616940989424346657,1.118322
1616940989432978656,1616940989434645714,1.251257
1616940989443196493,1616940989444739974,1.136208
1616940989453430363,1616940989455021565,1.121486
1616940989463650029,1616940989465178440,1.041614
1616940989473893454,1616940989475457198,1.15178
1616940989484133743,1616940989485682416,1.124512
1616940989494300040,1616940989495915008,1.191026
1616940989504521021,1616940989506163644,1.20077
1616940989514692221,1616940989516187696,1.067879
1616940989524927042,1616940989526528945,1.209994
1616940989535148712,1616940989536760164,1.13764
1616940989545379972,1616940989546926008,1.132666
1616940989555620221,1616940989557138159,1.093868
1616940989565848730,1616940989567457258,1.13338
1616940989576088007,1616940989577757631,1.250713
1616940989586225687,1616940989587912126,1.265796
1616940989596443951,1616940989598092897,1.165426
1616940989606685274,1616940989608380921,1.366545
1616940989616914838,1616940989618608301,1.276895
1616940989627017099,1616940989628589752,1.10449
1616940989637232824,1616940989638893616,1.241972
1616940989647397875,1616940989649014073,1.200682
1616940989657617353,1616940989659271746,1.231566
1616940989667833162,1616940989669436992,1.189041
1616940989678084317,1616940989679727815,1.18699
1616940989688311482,1616940989689889522,1.167948
1616940989698479865,1616940989700472187,1.735369
1616940989708654498,1616940989710217479,1.043642
1616940989718819156,1616940989720394414,1.165491
1616940989728983431,1616940989730541531,1.092103
1616940989739203856,1616940989740739893,1.132923
1616940989749421322,1616940989750926235,1.086534
1616940989759646938,1616940989761166312,1.106485
1616940989769881267,1616940989771463434,1.165601
1616940989780103085,1616940989781634262,1.110047
1616940989790270597,1616940989791747949,1.082545
1616940989800489434,1616940989802011054,1.082797
1616940989810661022,1616940989812176986,1.107058
1616940989820908029,1616940989822505520,1.214597
1616940989831128738,1616940989832619984,1.073952
1616940989841350506,1616940989842897816,1.063551
1616940989851588264,1616940989853137013,1.123019
1616940989861809873,1616940989863297397,1.084092
1616940989872041628,1616940989873636024,1.167582
1616940989882225257,1616940989883820538,1.21115
1616940989892457387,1616940989894009483,1.086753
1616940989902627591,1616940989904192761,1.178149
1616940989912848573,1616940989914423354,1.166175
1616940989923073765,1616940989924604273,1.126134
1616940989933306114,1616940989934828786,1.083301
1616940989943524805,1616940989945060795,1.105807
1616940989953749903,1616940989955344650,1.181501
1616940989963877005,1616940989965427071,1.078054
1616940989974039934,1616940989975580632,1.134002
1616940989984270078,1616940989985833102,1.151921
1616940989994446720,1616940989995952820,1.091687
1616940990004666202,1616940990006185858,1.083195
1616940990014844954,1616940990016417638,1.157455
1616940990025061762,1616940990026574329,1.081514
1616940990035288298,1616940990036798496,1.127614
1616940990045515679,1616940990047079929,1.139672
1616940990055734985,1616940990057191422,0.976928
1616940990065951636,1616940990067512271,1.083699
1616940990076169497,1616940990077753257,1.133227
1616940990086338005,1616940990087808807,1.007715
1616940990096557688,1616940990098066791,1.099963
1616940990106733063,1616940990108364131,1.287482
1616940990116972262,1616940990118530877,1.118977
1616940990127193544,1616940990128803242,1.192237
1616940990137411760,1616940990138890699,1.089649
1616940990147632440,1616940990149153563,1.043831
1616940990157849260,1616940990159598711,1.352707
1616940990168091986,1616940990169569069,0.990182
1616940990178254566,1616940990179828073,1.170097
1616940990188487759,1616940990189981591,1.0706
1616940990198656779,1616940990200237459,1.174499
1616940990208876173,1616940990210563914,1.276588
1616940990219104536,1616940990220716024,1.195162
1616940990229277145,1616940990230774006,1.024903
1616940990239496423,1616940990241039701,1.069621
1616940990249666325,1616940990251322939,1.180418
1616940990259841705,1616940990261421275,1.110672
1616940990270009216,1616940990271651713,1.171587
1616940990280187113,1616940990281842905,1.198611
1616940990290431521,1616940990292077356,1.162697
1616940990300612168,1616940990302274656,1.215595
1616940990310724679,1616940990312349526,1.137229
1616940990320824410,1616940990322408611,1.073753
1616940990331044276,1616940990332614780,1.1044
1616940990341266581,1616940990342735978,0.957117
1616940990351474438,1616940990353067884,1.201076
1616940990361527062,1616940990363055022,1.050922
1616940990371643704,1616940990373217735,1.114683
1616940990381745802,1616940990383210026,0.96753
1616940990391915796,1616940990394006027,1.682591
1616940990402155218,1616940990403598056,0.915873
1616940990412363203,1616940990413932730,1.11041
1616940990422458952,1616940990423969713,1.026288
1616940990432555107,1616940990434177163,1.13761
1616940990442591954,1616940990444147917,1.1331
1616940990452812166,1616940990454630736,1.350737
1616940990462928506,1616940990464668661,1.252721
1616940990473029548,1616940990474640044,1.139091
1616940990483199801,1616940990484828160,1.148556
1616940990493398877,1616940990495452171,1.703503
1616940990503621824,1616940990505246847,1.159128
1616940990513723307,1616940990515309276,1.130286
1616940990523827019,1616940990525410433,1.121011
1616940990533984648,1616940990535636966,1.142797
1616940990544205600,1616940990545677420,1.052688
1616940990554232125,1616940990555770353,1.059824
1616940990564450658,1616940990566054673,1.112788
1616940990574555924,1616940990576196360,1.172702
1616940990584789502,1616940990586343172,1.078617
1616940990594902620,1616940990596456542,1.080475
1616940990605020925,1616940990606659688,1.188373
1616940990615121828,1616940990616753739,1.170337
1616940990625317837,1616940990626885285,1.088431
1616940990635534296,1616940990637122778,1.101779
1616940990645636285,1616940990647187951,1.080897
1616940990655733882,1616940990657265839,1.106483
1616940990665833672,1616940990667403190,1.160482
1616940990675989159,1616940990677611995,1.208787
1616940990686109732,1616940990687688100,1.129576
1616940990696199056,1616940990697828439,1.218113
1616940990706299243,1616940990708012990,1.246805
1616940990716507019,1616940990718089308,1.101366
1616940990726596170,1616940990728175257,1.201068
1616940990736747507,1616940990738312190,1.063952
1616940990746963513,1616940990748661687,1.231746
1616940990757181270,1616940990758780020,1.110886
1616940990767396555,1616940990768914030,1.09484
1616940990777615664,1616940990779124160,1.012093
1616940990787837093,1616940990789401574,1.165032
1616940990798075018,1616940990799613036,1.112224
1616940990808254892,1616940990809790122,1.118809
1616940990818437360,1616940990819977002,1.109304
1616940990828655235,1616940990830174066,1.095962
1616940990838823577,1616940990840372383,1.129707
1616940990849042883,1616940990850652257,1.201691
1616940990859263212,1616940990860856315,1.178621
1616940990869430864,1616940990870969192,1.111106
1616940990879648890,1616940990881203277,1.136414
1616940990889876104,1616940990891432281,1.158697
1616940990900109308,1616940990901659536,1.126482
1616940990910277994,1616940990911799627,1.093941
1616940990920495584,1616940990922006693,1.089185
1616940990930675001,1616940990932200087,1.124398
1616940990940903008,1616940990942459743,1.20359
1616940990951137372,1616940990952731744,1.180423
1616940990961354719,1616940990962993701,1.174584
1616940990971526466,1616940990973069563,1.059205
1616940990981748482,1616940990983373881,1.207316
1616940990991970631,1616940990993638545,1.253934
1616940991002163519,1616940991003763436,1.16727
1616940991012398401,1616940991014089250,1.295164
1616940991022568776,1616940991024284377,1.296155
1616940991032787943,1616940991034522013,1.339702
1616940991043015576,1616940991044682202,1.264373
1616940991053235122,1616940991054914676,1.256924
1616940991063465718,1616940991065161269,1.268368
1616940991073682747,1616940991075355865,1.263564
1616940991083899719,1616940991085618001,1.302077
1616940991094141436,1616940991095855240,1.316457
1616940991104359590,1616940991106075398,1.29984
1616940991114486899,1616940991116188003,1.289126
1616940991124647917,1616940991126253171,1.182085
1616940991134802128,1616940991136516249,1.247572
1616940991145025875,1616940991146701940,1.214596
1616940991155264684,1616940991156818757,1.136333
1616940991165493957,1616940991167123191,1.14456
1616940991175726186,1616940991177232584,1.100383
1616940991185946094,1616940991187601875,1.240215
1616940991196111713,1616940991197702385,1.13634
1616940991206334255,1616940991207946818,1.118275
1616940991216509522,1616940991218161491,1.177924
1616940991226631388,1616940991228283947,1.166625
1616940991236770170,1616940991238448247,1.234719
1616940991246941031,1616940991248584945,1.159375
1616940991257158061,1616940991258712408,1.126377
1616940991267275665,1616940991268882364,1.185589
1616940991277452754,1616940991279018206,1.124761
1616940991287617486,1616940991289199290,1.109804
1616940991297781343,1616940991300006221,1.889708
1616940991307929885,1616940991309583697,1.15352
1616940991318071254,1616940991319740593,1.197387
1616940991328286051,1616940991329956895,1.201447
1616940991338398277,1616940991340037579,1.185184
1616940991348615909,1616940991350186809,1.086448
1616940991358728351,1616940991360253702,1.051774
1616940991368858425,1616940991370441361,1.139643
1616940991378957848,1616940991380537791,1.114948
1616940991389145746,1616940991390790761,1.14848
1616940991399359976,1616940991400899361,1.055654
1616940991409534797,1616940991411110559,1.120916
1616940991419746968,1616940991421337647,1.136584
1616940991429914921,1616940991431528594,1.166639
1616940991440150497,1616940991441743924,1.093413
1616940991450266825,1616940991451931573,1.248779
1616940991460429778,1616940991462063408,1.233421
1616940991470543335,1616940991472113493,1.101303
1616940991480665986,1616940991482301297,1.239702
1616940991490828989,1616940991492312626,1.026423
1616940991501046838,1616940991502607930,1.192823
1616940991511201578,1616940991512792191,1.18309
1616940991521322772,1616940991522932012,1.18721
1616940991531488708,1616940991532964860,0.977109
1616940991541714077,1616940991543337339,1.135234
1616940991551835004,1616940991553438889,1.214288
1616940991562005548,1616940991563661196,1.246269
1616940991572173531,1616940991573765359,1.191731
1616940991582342379,1616940991583955710,1.219406
1616940991592514360,1616940991594054756,1.126058
1616940991602697337,1616940991604331128,1.216785
1616940991612871722,1616940991614416459,1.140702
1616940991622990073,1616940991624609948,1.118086
1616940991633152528,1616940991634808494,1.182119
1616940991643319767,1616940991644892021,1.096983
1616940991653482947,1616940991655001109,1.048584
1616940991663704778,1616940991665267305,1.076653
1616940991673869799,1616940991675426033,1.087424
1616940991684106510,1616940991685694952,1.187123
1616940991694273614,1616940991695860925,1.179536
1616940991704444257,1616940991706093033,1.233877
1616940991714562240,1616940991716097047,1.06478
1616940991724721181,1616940991726305608,1.148425
1616940991734842707,1616940991736421620,1.153881
1616940991745068078,1616940991746751488,1.222233
1616940991755291247,1616940991756930010,1.226047
1616940991765455121,1616940991766990481,1.060287
1616940991775674347,1616940991777332751,1.247841
1616940991785901364,1616940991787633821,1.309549
1616940991796119552,1616940991797771749,1.254344
1616940991806287608,1616940991807968820,1.257286
1616940991816519870,1616940991818191257,1.278525
1616940991826640949,1616940991828229653,1.101629
1616940991836867011,1616940991838532290,1.270164
1616940991847090960,1616940991848765957,1.252878
1616940991857320694,1616940991858926557,1.154773
1616940991867536128,1616940991869182645,1.254835
1616940991877752174,1616940991879435020,1.283921
1616940991887922737,1616940991889588712,1.24785
1616940991898121186,1616940991899700853,1.173817
1616940991908250228,1616940991909908529,1.16559
1616940991918368440,1616940991919985682,1.208058
1616940991928585984,1616940991930207749,1.206415
1616940991938709191,1616940991940376538,1.260768
1616940991948835190,1616940991950520745,1.311689
1616940991958934500,1616940991960487060,1.077774
1616940991969150685,1616940991970692604,1.043132
1616940991979281709,1616940991980889454,1.123431
1616940991989478450,1616940991991000827,1.014729
1616940991999687012,1616940992001320423,1.13671
1616940992009903004,1616940992011536316,1.129639
1616940992020119411,1616940992021741425,1.113111
1616940992030251083,1616940992031809462,1.07587
1616940992040468616,1616940992042006444,1.042429
1616940992050574032,1616940992052187665,1.117273
1616940992060740766,1616940992062310906,1.121327
1616940992070957272,1616940992072546121,1.171621
1616940992081122255,1616940992082792563,1.613532
1616940992091255849,1616940992092981684,1.594961
1616940992101440298,1616940992103073533,1.165502
1616940992111599590,1616940992113154401,1.063892
1616940992121744965,1616940992123355923,1.136315
1616940992131916728,1616940992133472949,1.072087
1616940992141985384,1616940992143773487,1.318417
1616940992152012374,1616940992153660135,1.245441
1616940992162235992,1616940992163831766,1.13769
1616940992172386283,1616940992174057012,1.163636
1616940992182481344,1616940992184095518,1.132979
1616940992192640395,1616940992194319935,1.204085
1616940992202683598,1616940992204372173,1.2589
1616940992212791983,1616940992214511515,1.250355
1616940992222940621,1616940992224550093,1.146047
1616940992233035348,1616940992234626884,1.183169
1616940992243136641,1616940992244696635,1.081817
1616940992253296539,1616940992254873176,1.116558
1616940992263388311,1616940992264929769,1.060218
1616940992273527378,1616940992275143159,1.149475
1616940992283562156,1616940992285081289,0.994224
1616940992293667209,1616940992295269696,1.126528
1616940992303849421,1616940992305371697,1.030323
1616940992314003745,1616940992315485494,0.987429
1616940992324223845,1616940992325705066,0.991533
1616940992334334601,1616940992335924942,1.111153
1616940992344367931,1616940992345961828,1.164347
1616940992354468010,1616940992356066040,1.210485
1616940992364619784,1616940992366189666,1.081128
1616940992374716823,1616940992376325242,1.130864
1616940992384870510,1616940992386544582,1.217378
1616940992395089082,1616940992396678696,1.114903
1616940992405315566,1616940992406850043,1.046479
1616940992415359606,1616940992416865041,1.020448
1616940992425586130,1616940992427248873,1.191645
1616940992435805291,1616940992437314254,1.026419
1616940992445951776,1616940992448086503,1.706911
1616940992456064744,1616940992457489657,0.993413
1616940992466170435,1616940992467696965,1.046833
1616940992476331683,1616940992477922430,1.12069
1616940992486431455,1616940992487902777,0.982852
1616940992496590514,1616940992498090034,1.009361
1616940992506752238,1616940992508282411,1.069966
1616940992516854147,1616940992518527212,1.222623
1616940992527015636,1616940992528616454,1.152992
1616940992537172134,1616940992538773816,1.122578
1616940992547275079,1616940992548882793,1.136621
1616940992557374537,1616940992558951900,1.095119
1616940992567611999,1616940992569181732,1.097605
1616940992577713571,1616940992579294839,1.156272
1616940992587786468,1616940992589470618,1.237018
1616940992597904608,1616940992599609824,1.23708
1616940992607923060,1616940992609524018,1.197725
1616940992618022120,1616940992619670180,1.152101
1616940992628178050,1616940992629739684,1.072932
1616940992638290964,1616940992639893553,1.187616
1616940992648527596,1616940992650204261,1.257087
1616940992658724912,1616940992660355604,1.227283
1616940992668942875,1616940992670624714,1.27691
1616940992679106744,1616940992680694314,1.175544
1616940992689333967,1616940992690814242,1.101575
1616940992699562622,1616940992701066214,1.106802
1616940992709793468,1616940992711233970,1.069353
1616940992719963876,1616940992721379884,0.999123
1616940992730196605,1616940992731629022,1.034158
1616940992740367339,1616940992741918858,1.116447
1616940992750539310,1616940992752119928,1.147994
1616940992760712095,1616940992762328928,1.187239
1616940992770876861,1616940992772430410,1.133941
1616940992781096483,1616940992782678492,1.166464
1616940992791256473,1616940992792831094,1.158227
1616940992801490740,1616940992803116489,1.207484
1616940992811721077,1616940992813249481,1.098751
1616940992821881407,1616940992823497545,1.130606
1616940992832052712,1616940992833638879,1.145297
1616940992842219096,1616940992843847490,1.194887
1616940992852375018,1616940992854033064,1.24435
1616940992862494809,1616940992864119973,1.208729
1616940992872657271,1616940992874170711,1.086361
1616940992882817301,1616940992884419152,1.184283
1616940992892936231,1616940992894987836,1.797383
1616940992903003869,1616940992904606048,1.12909
1616940992913229439,1616940992914875221,1.168505
1616940992923399833,1616940992924979388,1.113882
1616940992933628380,1616940992935182816,1.129384
1616940992943803982,1616940992945357370,1.153958
1616940992954026901,1616940992955659662,1.212828
1616940992964261612,1616940992965816820,1.135625
1616940992974483905,1616940992976108402,1.216245
1616940992984708949,1616940992986309840,1.142986
1616940992994879556,1616940992996508344,1.211457
1616940993005101542,1616940993006710775,1.143271
1616940993015352664,1616940993016911260,1.148636
1616940993025590139,1616940993027095618,1.036816
1616940993035808702,1616940993037349985,1.054717
1616940993045979357,1616940993047587350,1.127818
1616940993056211476,1616940993058152208,1.516078
1616940993066334467,1616940993067921729,1.114033
1616940993076519630,1616940993078095083,1.147145
1616940993086641531,1616940993088160861,1.106551
1616940993096821951,1616940993098366098,1.077051
1616940993107048043,1616940993108715411,1.255536
1616940993117230016,1616940993118886981,1.180175
1616940993127406502,1616940993128959863,1.130498
1616940993137580913,1616940993139169894,1.168559
1616940993147809404,1616940993149419062,1.164715
1616940993157991240,1616940993159634513,1.159304
1616940993168210148,1616940993169821384,1.207712
1616940993178381156,1616940993180001537,1.220575
1616940993188602956,1616940993190115783,1.09468
1616940993198771815,1616940993200338030,1.072142
1616940993208990768,1616940993210536421,1.156889
1616940993219223470,1616940993220786023,1.129165
1616940993229443805,1616940993230976154,1.12798
1616940993239665495,1616940993241204011,1.037354
1616940993249885634,1616940993251376127,1.081371
1616940993260105714,1616940993261631529,1.112233
1616940993270233429,1616940993271737624,1.078183
1616940993280452627,1616940993282101160,1.172898
1616940993290623199,1616940993292255850,1.160494
1616940993300845179,1616940993302397308,1.066118
1616940993310976023,1616940993312503830,1.123484
1616940993321208349,1616940993322779699,1.088634
1616940993331379245,1616940993332898699,1.102833
1616940993341611887,1616940993343220191,1.122906
1616940993351786609,1616940993353401249,1.193642
1616940993362027675,1616940993363603188,1.136261
1616940993372252642,1616940993373818114,1.156172
1616940993382369003,1616940993383937084,1.156251
1616940993392594058,1616940993394255901,1.260739
1616940993402693542,1616940993404269346,1.087395
1616940993412858942,1616940993414509081,1.246978
1616940993423096511,1616940993424651212,1.065001
1616940993433257285,1616940993434923952,1.260218
1616940993443486589,1616940993445077659,1.170606
1616940993453650324,1616940993455251642,1.185743
1616940993463883588,1616940993465611273,1.334592
1616940993474068029,1616940993475671902,1.122
1616940993484242667,1616940993485881960,1.2262
1616940993494410019,1616940993496064584,1.241831
1616940993504634132,1616940993506252245,1.203666
1616940993514749975,1616940993516394140,1.25064
1616940993524923767,1616940993526574504,1.229413
1616940993535165286,1616940993536755373,1.167076
1616940993545330292,1616940993546885321,1.068371
1616940993555493053,1616940993557082122,1.188598
1616940993565719582,1616940993567299859,1.176207
1616940993575880108,1616940993577464023,1.17749
1616940993586064008,1616940993587687356,1.172918
1616940993596223809,1616940993597774784,1.071066
1616940993606340470,1616940993607844011,1.081499
1616940993616574360,1616940993618173070,1.187029
1616940993626715656,1616940993628284730,1.158513
1616940993636949246,1616940993638584958,1.179815
1616940993647167468,1616940993648793868,1.227621
1616940993657386384,1616940993658941487,1.13051
1616940993667565878,1616940993669171113,1.18294
1616940993677789876,1616940993679396213,1.20256
1616940993688012776,1616940993689607816,1.164429
1616940993698219577,1616940993700453488,2.056867
1616940993708444086,1616940993710015336,1.210493
1616940993718617041,1616940993720171991,1.16887
1616940993728790059,1616940993730341415,1.112162
1616940993738966497,1616940993740645360,1.287228
1616940993749184151,1616940993750763212,1.174575
1616940993759355079,1616940993760948959,1.195177
1616940993769527532,1616940993771193536,1.265244
1616940993779747599,1616940993781327782,1.173228
1616940993789966860,1616940993791531976,1.15266
1616940993800200714,1616940993801868224,1.659191
1616940993810227023,1616940993811802366,1.156679
1616940993820312722,1616940993821887577,1.11384
1616940993830342455,1616940993831866996,1.111781
1616940993840494355,1616940993841988294,1.095556
1616940993850570004,1616940993852097352,1.115625
1616940993860592401,1616940993862214040,1.211492
1616940993870658942,1616940993872232243,1.189682
1616940993880767363,1616940993882390351,1.191442
1616940993890920493,1616940993892593171,1.273107
1616940993901051614,1616940993902660568,1.160512
1616940993911311518,1616940993912845275,1.111495
1616940993921502198,1616940993923065811,1.071338
1616940993931719215,1616940993933279836,1.110377
1616940993941750563,1616940993943327661,1.178098
1616940993951857208,1616940993953392153,1.103563
1616940993961957631,1616940993963590569,1.156981
1616940993972115075,1616940993973728203,1.155638
1616940993982218832,1616940993983752130,1.043489
1616940993992410163,1616940993994032660,1.218674
1616940994002570927,1616940994004175053,1.132164
1616940994012714049,1616940994014211804,1.080201
1616940994022895045,1616940994024514464,1.185626
1616940994033113541,1616940994034661783,1.086546
1616940994043350617,1616940994044887405,1.110348
1616940994053453778,1616940994054962077,1.050327
1616940994063525750,1616940994065045370,1.091094
1616940994073642623,1616940994075154141,1.018895
1616940994083859721,1616940994085490613,1.158484
1616940994094008467,1616940994095566208,1.122958
1616940994104227328,1616940994105711552,1.042223
1616940994114332101,1616940994115885348,1.074177
1616940994124407577,1616940994126025846,1.223326
1616940994134509374,1616940994136228501,1.310726
1616940994144662159,1616940994146241200,1.165658
1616940994154811294,1616940994156436432,1.134046
1616940994164938240,1616940994166646045,1.284298
1616940994175087970,1616940994176746998,1.242857
1616940994185303666,1616940994186930112,1.148521
1616940994195404088,1616940994196997977,1.098644
1616940994205566773,1616940994207228039,1.252929
1616940994215804539,1616940994217480703,1.189821
1616940994225888416,1616940994227485492,1.126241
1616940994235941396,1616940994237583027,1.232368
1616940994246086682,1616940994247607784,1.033766
1616940994256320219,1616940994258021136,1.223499
1616940994266495569,1616940994268178571,1.20535
1616940994276655339,1616940994278306878,1.229833
1616940994286755740,1616940994288446694,1.278018
1616940994296848671,1616940994298501588,1.274486
1616940994307005096,1616940994308693563,1.200837
1616940994317226275,1616940994318912983,1.206441
1616940994327378362,1616940994329029182,1.255625
1616940994337465347,1616940994339118028,1.1835
1616940994347638135,1616940994349304505,1.194261
1616940994357806851,1616940994359531969,1.328428
1616940994367977215,1616940994369618544,1.228869
1616940994378212375,1616940994379900146,1.264571
1616940994388381804,1616940994389964103,1.162146
1616940994398556172,1616940994400206267,1.250861
1616940994408773459,1616940994410420650,1.233866
1616940994418993028,1616940994420682140,1.280537
1616940994429229559,1616940994430948904,1.263596
1616940994439452699,1616940994442602907,2.770142
1616940994449488267,1616940994450968132,1.046774
1616940994459658121,1616940994461206160,1.136575
1616940994469875575,1616940994471429727,1.128609
1616940994480096857,1616940994481639280,1.116612
1616940994490264709,1616940994491858093,1.157752
1616940994500493992,1616940994502582326,1.769342
1616940994510663277,1616940994512282584,1.143277
1616940994520895265,1616940994522405787,1.041802
1616940994531005799,1616940994532542759,1.069617
1616940994541243454,1616940994542727935,1.045535
1616940994551469253,1616940994552990909,1.089677
1616940994561643600,1616940994563166990,1.037864
1616940994571765157,1616940994573320102,1.077416
1616940994581938611,1616940994583477688,1.096216
1616940994592072750,1616940994593560898,1.024248
1616940994602200351,1616940994603803003,1.14492
1616940994612317288,1616940994613808337,0.998258
1616940994622430440,1616940994623957661,1.030873
1616940994632543294,1616940994634145351,1.124468
1616940994642654219,1616940994644179190,1.036818
1616940994652828909,1616940994654393393,1.073964
1616940994663003458,1616940994664573265,1.145106
1616940994673185577,1616940994674805405,1.135089
1616940994683356977,1616940994684936345,1.098616
1616940994693472606,1616940994695067897,1.108017
1616940994703686455,1616940994705307118,1.19389
1616940994713856572,1616940994715373556,1.080757
1616940994724071845,1616940994725587037,1.032099
1616940994734193087,1616940994735774146,1.091472
1616940994744360257,1616940994745863561,1.01076
1616940994754484724,1616940994756074992,1.158918
1616940994764645364,1616940994766190209,1.06957
1616940994774752277,1616940994776253251,1.015935
1616940994784922492,1616940994786534982,1.145129
1616940994795096141,1616940994796711039,1.196824
1616940994805321756,1616940994806857516,1.066398
1616940994815518337,1616940994817026503,1.07583
1616940994825743199,1616940994827213089,1.047695
1616940994835917952,1616940994837557482,1.166104
1616940994846114012,1616940994847731273,1.230766
1616940994856275027,1616940994857926884,1.234327
1616940994866394189,1616940994867932529,1.068354
1616940994876516575,1616940994878027497,1.080946
1616940994886696438,1616940994888245729,1.154383
1616940994896924389,1616940994898454006,1.151612
1616940994907140656,1616940994908688801,1.166372
1616940994917366278,1616940994918920647,1.068084
1616940994927586994,1616940994929100377,1.086225
1616940994937754979,1616940994939249351,1.015755
1616940994947920571,1616940994949436483,1.105765
1616940994958093785,1616940994959718860,1.19727
1616940994968319374,1616940994969867251,1.138537
1616940994978437979,1616940994979998045,1.138427
1616940994988656150,1616940994990220398,1.153269
1616940994998780951,1616940995000329540,1.069638
1616940995009014925,1616940995010577279,1.128749
1616940995019251657,1616940995020738314,1.056662
1616940995029479680,1616940995031030357,1.119915
1616940995039720827,1616940995041192616,1.032659
1616940995049942156,1616940995051578298,1.215336
1616940995060171536,1616940995061745563,1.14415
1616940995070340924,1616940995071980901,1.236478
1616940995080558627,1616940995082116399,1.133014
1616940995090729438,1616940995092247409,1.101527
1616940995100947859,1616940995102609486,1.252009
1616940995111191509,1616940995112723956,1.05152
1616940995121363883,1616940995122882105,1.040583
1616940995131533256,1616940995133065516,1.125951
1616940995141702268,1616940995143277655,1.16392
1616940995151947096,1616940995153495901,1.128051
1616940995162184628,1616940995163688744,1.077378
1616940995172359492,1616940995173985684,1.232255
1616940995182520520,1616940995184114308,1.184498
1616940995192756312,1616940995194267423,1.074793
1616940995202990331,1616940995204578950,1.143513
1616940995213163092,1616940995214726793,1.14816
1616940995223404943,1616940995224960976,1.137977
1616940995233590894,1616940995235114746,1.054854
1616940995243822108,1616940995245290863,1.031329
1616940995254068228,1616940995255536005,1.047708
1616940995264297002,1616940995265800537,1.07239
1616940995274518159,1616940995276012566,1.085913
1616940995284707913,1616940995286251585,1.11034
1616940995294816554,1616940995296411938,1.184428
1616940995305039709,1616940995306651191,1.225344
1616940995315200116,1616940995316858567,1.259769
1616940995325426078,1616940995326980116,1.135979
1616940995335647607,1616940995337251244,1.123426
1616940995345805667,1616940995347448199,1.185242
1616940995355967862,1616940995357589054,1.148445
1616940995366134677,1616940995367673994,1.097853
1616940995376310552,1616940995377862511,1.112366
1616940995386486264,1616940995388070207,1.066806
1616940995396654600,1616940995398240678,1.103299
1616940995406769963,1616940995408286114,1.057026
1616940995416924036,1616940995418350782,0.922514
1616940995427015979,1616940995428466119,0.959232
1616940995437203731,1616940995438751677,1.071559
1616940995447350393,1616940995448854303,1.00209
1616940995457563688,1616940995459139640,1.132959
1616940995467779221,1616940995469305285,1.107798
1616940995478022978,1616940995479583947,1.093267
1616940995488237691,1616940995489677235,1.033686
1616940995498363096,1616940995499850135,1.079168
1616940995508540760,1616940995510073270,1.110661
1616940995518665011,1616940995520092420,0.954348
1616940995528888047,1616940995531235750,1.871142
1616940995539018369,1616940995540474743,0.963427
1616940995549202436,1616940995550765952,1.088925
1616940995559291118,1616940995560724836,1.013297
1616940995569368624,1616940995570872461,1.031293
1616940995579471752,1616940995580907490,1.033842
1616940995589640953,1616940995591152905,1.015951
1616940995599874060,1616940995601406595,1.055939
1616940995610068168,1616940995611613987,1.076935
1616940995620315627,1616940995621855536,1.05927
1616940995630390130,1616940995631971434,1.104112
1616940995640482150,1616940995642047820,1.106685
1616940995650647680,1616940995652174813,1.07055
1616940995660865120,1616940995662400977,1.064308
1616940995671018992,1616940995672571721,1.065584
1616940995681172806,1616940995682744702,1.131118
1616940995691392071,1616940995692921637,1.07213
1616940995701620050,1616940995703189420,1.084293
1616940995711850700,1616940995713484141,1.153761
1616940995721947926,1616940995723584259,1.171415
1616940995732051109,1616940995733547006,1.017704
1616940995742163364,1616940995743731585,1.51864
1616940995752385164,1616940995754021230,1.236305
1616940995762484743,1616940995764135859,1.171432
1616940995772664505,1616940995774325689,1.199541
1616940995782832703,1616940995784473491,1.184619
1616940995792932175,1616940995794575034,1.204034
1616940995803104987,1616940995804644571,1.074861
1616940995813273478,1616940995814976101,1.236871
1616940995823431165,1616940995825109176,1.284392
1616940995833460249,1616940995835098613,1.16924
1616940995843585967,1616940995845305614,1.271007
1616940995853744376,1616940995855429745,1.197832
1616940995863900986,1616940995865627947,1.274306
1616940995873999346,1616940995875698277,1.258857
1616940995884227740,1616940995885957493,1.239804
1616940995894324070,1616940995896058292,1.247782
1616940995904542709,1616940995906197831,1.177223
1616940995914659130,1616940995916406782,1.296946
1616940995924779974,1616940995926378102,1.18992
1616940995934827980,1616940995936482424,1.246789
1616940995944851489,1616940995946565985,1.319902
1616940995954953019,1616940995956663062,1.215487
1616940995965105949,1616940995966742120,1.153107
1616940995975288514,1616940995976911144,1.205607
1616940995985467088,1616940995987111185,1.212618
1616940995995687489,1616940995997349615,1.201383
1616940996005869587,1616940996007499680,1.246101
1616940996016089604,1616940996017713409,1.221203
1616940996026318455,1616940996028098689,1.321851
1616940996036490919,1616940996038147710,1.34844
1616940996046658630,1616940996048359442,1.291525
1616940996056883385,1616940996058579464,1.258817
1616940996067111875,1616940996068792383,1.272559
1616940996077332390,1616940996078966835,1.167486
1616940996087551211,1616940996089150151,1.127674
1616940996097771122,1616940996099395027,1.208199
1616940996107992836,1616940996109700972,1.246436
1616940996118237966,1616940996120389800,1.689254
1616940996128457785,1616940996130081766,1.135024
1616940996138697039,1616940996140555227,1.444887
1616940996148920218,1616940996150441531,1.034238
1616940996159143554,1616940996160671127,1.091378
1616940996169309763,1616940996170778440,1.043157
1616940996179529652,1616940996181136908,1.129369
1616940996189766844,1616940996191407936,1.220599
1616940996199992633,1616940996201513196,1.110316
1616940996210188779,1616940996211827386,1.231235
1616940996220408469,1616940996221967137,1.156244
1616940996230533302,1616940996232079222,1.073058
1616940996240656748,1616940996242227082,1.193814
1616940996250808723,1616940996252349402,1.114437
1616940996261057584,1616940996262732456,1.267166
1616940996271276196,1616940996272811961,1.075032
1616940996281453937,1616940996282990346,1.106266
1616940996291685512,1616940996293231550,1.114727
1616940996301921102,1616940996303444781,1.018606
1616940996312116947,1616940996313733716,1.12111
1616940996322287544,1616940996323787177,1.030128
1616940996332509140,1616940996334139529,1.226868
1616940996342694646,1616940996344260982,1.167374
1616940996352925021,1616940996354424985,1.039983
1616940996363101043,1616940996364769132,1.266008
1616940996373344069,1616940996374916376,1.160115
1616940996383567807,1616940996385082153,1.081298
1616940996393792824,1616940996395312325,1.117269
1616940996404012508,1616940996405529667,1.096011
1616940996414245894,1616940996415813692,1.146163
1616940996424467866,1616940996426048860,1.158084
1616940996434702000,1616940996436252617,1.115721
1616940996444919373,1616940996446557537,1.225162
1616940996455144898,1616940996456748484,1.206481
1616940996465316729,1616940996466874680,1.174759
1616940996475554363,1616940996477110946,1.129061
1616940996485786239,1616940996487376188,1.178325
1616940996496012439,1616940996497530338,1.10339
1616940996506175132,1616940996507687143,1.079708
1616940996516341181,1616940996517818092,1.044961
1616940996526535512,1616940996528087685,1.130176
1616940996536702106,1616940996538400005,1.260877
1616940996546934676,1616940996548503130,1.161156
1616940996557092890,1616940996558797183,1.282898
1616940996567310624,1616940996568860204,1.083118
1616940996577528896,1616940996579064866,1.10953
1616940996587748626,1616940996589404376,1.24155
1616940996597965169,1616940996599578739,1.184468
1616940996608183015,1616940996609812174,1.206863
1616940996618351518,1616940996619963588,1.191737
1616940996628581028,1616940996630307550,1.317715
1616940996638740138,1616940996640374576,1.243668
1616940996648898186,1616940996650615554,1.308986
1616940996659116124,1616940996660862170,1.336533
1616940996669350848,1616940996670957418,1.143001
1616940996679576136,1616940996681168024,1.175285
1616940996689795622,1616940996691423736,1.213394
1616940996700026003,1616940996701658575,1.206758
1616940996710180512,1616940996711817745,1.235419
1616940996720333689,1616940996721958248,1.205827
1616940996730451701,1616940996732073186,1.217857
1616940996740670410,1616940996742322461,1.22898
1616940996750839602,1616940996752524985,1.273556
1616940996761003218,1616940996762654187,1.192362
1616940996771179173,1616940996772772153,1.137799
1616940996781398190,1616940996782967242,1.148142
1616940996791618868,1616940996793127112,1.094987
1616940996801858940,1616940996803331709,1.053064
1616940996812079834,1616940996813624392,1.139795
1616940996822247021,1616940996823778046,1.129549
1616940996832467450,1616940996834080691,1.20278
1616940996842636526,1616940996844363065,1.319435
1616940996852864901,1616940996854527615,1.217781
1616940996863093936,1616940996864732251,1.258775
1616940996873322066,1616940996874921243,1.189781
1616940996883543602,1616940996885134167,1.159462
1616940996893760802,1616940996895313164,1.124299
1616940996903932968,1616940996905602160,1.233713
1616940996914108566,1616940996916069204,1.633504
1616940996924278658,1616940996925824599,1.061191
1616940996934452070,1616940996936077651,1.212977
1616940996944634543,1616940996946151269,1.032444
1616940996954809691,1616940996956318415,1.094709
1616940996965052059,1616940996966639472,1.624299
1616940996975270439,1616940996976807827,1.078912
1616940996985491716,1616940996987026957,1.108447
1616940996995726509,1616940996997231362,1.094406
1616940997005965904,1616940997007593171,1.19604
1616940997016128219,1616940997017783136,1.259665
1616940997026284376,1616940997027922241,1.204885
1616940997036467233,1616940997038027650,1.144078
1616940997046626646,1616940997048172870,1.122325
1616940997056869541,1616940997058524499,1.260567
1616940997067042170,1616940997068658620,1.205362
1616940997077211192,1616940997078844290,1.227362
1616940997087438463,1616940997089105144,1.249991
1616940997097597439,1616940997099135011,1.064853
1616940997107760280,1616940997109301345,1.118868
1616940997117918421,1616940997119576452,1.271759
1616940997128081895,1616940997129664564,1.201164
1616940997138237712,1616940997139796863,1.129939
1616940997148408377,1616940997150047702,1.238385
1616940997158578525,1616940997160242294,1.249747
1616940997168800659,1616940997170416629,1.204909
1616940997178907094,1616940997180541568,1.238647
1616940997189142963,1616940997190789936,1.218957
1616940997199370527,1616940997201006636,1.230367
1616940997209539035,1616940997211121522,1.159199
1616940997219779654,1616940997221290889,1.114779
1616940997229940239,1616940997231612375,1.252476
1616940997240095681,1616940997242125512,1.546955
1616940997250218495,1616940997251784755,1.164343
1616940997260360310,1616940997261956897,1.135963
1616940997270468700,1616940997272063775,1.116928
1616940997280624327,1616940997282187317,1.144556
1616940997290680329,1616940997292256911,1.143553
1616940997300909375,1616940997302583180,1.293997
1616940997311133761,1616940997312752551,1.212048
1616940997321280558,1616940997322876418,1.13133
1616940997331506501,1616940997333147875,1.187257
1616940997341606650,1616940997343134675,1.050483
1616940997351684168,1616940997353254872,1.144218
1616940997361837658,1616940997363440652,1.144134
1616940997371862103,1616940997373450848,1.098171
1616940997382099132,1616940997383712870,1.146319
1616940997392205530,1616940997393833680,1.220547
1616940997402233526,1616940997403860253,1.175217
1616940997412396606,1616940997414047134,1.15492
1616940997422498541,1616940997424091799,1.131912
1616940997432623508,1616940997434239983,1.144886
1616940997442706557,1616940997444253144,1.074714
1616940997452728234,1616940997454362968,1.166719
1616940997462827955,1616940997464513394,1.256944
1616940997472947456,1616940997474598571,1.279743
1616940997483035150,1616940997484670619,1.208539
1616940997493112616,1616940997494679810,1.104134
1616940997503328498,1616940997504975122,1.18942
1616940997513483833,1616940997515164838,1.204099
1616940997523662721,1616940997525274811,1.160742
1616940997533767332,1616940997535318202,1.051682
1616940997543950626,1616940997545639897,1.209121
1616940997554157290,1616940997555884532,1.255529
1616940997564384144,1616940997566055543,1.214138
1616940997574510675,1616940997576105586,1.113336
1616940997584665645,1616940997586340066,1.21513
1616940997594721875,1616940997596377860,1.257706
1616940997604885478,1616940997606658079,1.263716
1616940997614986587,1616940997616691401,1.23938
1616940997625022630,1616940997626776066,1.316798
1616940997635074090,1616940997636797080,1.323621
1616940997645244276,1616940997646901214,1.208033
1616940997655346751,1616940997656961361,1.14163
1616940997665466442,1616940997667066580,1.124624
1616940997675624564,1616940997677246142,1.226701
1616940997685784104,1616940997687351678,1.088577
1616940997695838595,1616940997697455423,1.205463
1616940997706040250,1616940997707835407,1.952162
1616940997716277793,1616940997717997607,1.304436
1616940997726466678,1616940997728078165,1.189931
1616940997736693325,1616940997738227747,1.122549
1616940997746718223,1616940997748302156,1.1548
1616940997756799042,1616940997758311362,1.064596
1616940997766969035,1616940997768452590,1.017452
1616940997777105029,1616940997778629195,1.041961
1616940997787266497,1616940997788899374,1.153878
1616940997797446551,1616940997798941154,0.999793
1616940997807530952,1616940997809117599,1.116385
1616940997817634856,1616940997819194072,1.117101
1616940997827748059,1616940997829292845,1.048128
1616940997837967704,1616940997839539910,1.089236
1616940997848188304,1616940997849799966,1.178685
1616940997858345852,1616940997860003781,1.229161
1616940997868580263,1616940997870272170,1.279478
1616940997878736491,1616940997880428498,1.271324
1616940997888954912,1616940997890628943,1.270267
1616940997899174374,1616940997900739945,1.115713
1616940997909408247,1616940997911008438,1.122975
1616940997919628118,1616940997921242614,1.183711
1616940997929847123,1616940997931401679,1.140048
1616940997940075343,1616940997941840118,1.324114
1616940997950176622,1616940997951741981,1.071066
1616940997960315625,1616940997961847346,1.014423
1616940997970432625,1616940997972045871,1.116597
1616940997980645718,1616940997982155244,1.094778
1616940997990761335,1616940997992259951,1.080665
1616940998000979022,1616940998002574173,1.137743
1616940998011150709,1616940998012691438,1.108303
1616940998021367966,1616940998022860315,1.046986
1616940998031581380,1616940998033122449,1.107811
1616940998041798750,1616940998043386993,1.14557
1616940998051964021,1616940998053565663,1.117329
1616940998062153073,1616940998063730792,1.168866
1616940998072278792,1616940998073970971,1.278092
1616940998082401364,1616940998084128679,1.321243
1616940998092535342,1616940998094268813,1.319654
1616940998102657367,1616940998104411521,1.335197
1616940998112777053,1616940998114372453,1.109117
1616940998122948643,1616940998124566725,1.118853
1616940998133069101,1616940998134730833,1.16851
1616940998143306559,1616940998144840718,1.103146
1616940998153530468,1616940998155091278,1.135265
1616940998163757709,1616940998165413068,1.225973
1616940998173976790,1616940998175472401,1.056973
1616940998184211248,1616940998185848216,1.201608
1616940998194340192,1616940998195868115,1.105207
1616940998204571539,1616940998206202710,1.210045
1616940998214740013,1616940998216379263,1.23509
1616940998224956986,1616940998226631060,1.329759
1616940998235180598,1616940998236828057,1.241822
1616940998245398793,1616940998246922843,1.099229
1616940998255624603,1616940998257156933,1.108904
1616940998265844076,1616940998267378081,1.132065
1616940998276081625,1616940998277751655,1.251957
1616940998286177165,1616940998287818839,1.21749
1616940998296398479,1616940998298025857,1.215186
1616940998306518801,1616940998308102318,1.17112
1616940998316741563,1616940998318439054,1.346271
1616940998326925287,1616940998328641317,1.299833
1616940998337160499,1616940998338816376,1.190157
1616940998347382030,1616940998349024482,1.225139
1616940998357600338,1616940998359244263,1.218406
1616940998367818384,1616940998370695907,2.498753
1616940998377993652,1616940998379878197,1.449406
1616940998388165715,1616940998389598482,0.997021
1616940998398308235,1616940998399806751,1.081658
1616940998408529818,1616940998410163393,1.208526
1616940998418708197,1616940998420320920,1.227712
1616940998428925293,1616940998430613366,1.296856
1616940998439144095,1616940998440794824,1.219131
1616940998449372455,1616940998450976559,1.15275
1616940998459594181,1616940998461223982,1.200022
1616940998469812516,1616940998471444656,1.21295
1616940998480036690,1616940998481554808,1.096992
1616940998490181634,1616940998491772348,1.154036
1616940998500364826,1616940998502396071,1.730467
1616940998510538060,1616940998512169179,1.140782
1616940998520711226,1616940998522351254,1.237183
1616940998530926903,1616940998532546682,1.202115
1616940998541149289,1616940998542700675,1.073518
1616940998551367271,1616940998552978378,1.19699
1616940998561538895,1616940998563122124,1.172465
1616940998571774587,1616940998573380471,1.182199
1616940998581948372,1616940998583560554,1.192766
1616940998592121937,1616940998593735677,1.187812
1616940998602249986,1616940998603832391,1.153039
1616940998612468540,1616940998613992405,1.091411
1616940998622596550,1616940998624165400,1.15423
1616940998632825479,1616940998634413108,1.192303
1616940998643069617,1616940998644661303,1.181381
1616940998653289995,1616940998654879645,1.14811
1616940998663456087,1616940998665158357,1.277425
1616940998673624164,1616940998675211663,1.109274
1616940998683814692,1616940998685384077,1.134158
1616940998694034712,1616940998695643571,1.18635
1616940998704260705,1616940998705892744,1.169131
1616940998714391774,1616940998715962939,1.084329
1616940998724616797,1616940998726145477,1.119715
1616940998734780023,1616940998736354837,1.105154
1616940998744959538,1616940998746588365,1.233918
1616940998755180583,1616940998756738737,1.138899
1616940998765399452,1616940998766991339,1.176195
1616940998775618469,1616940998777066274,0.939791
1616940998785840566,1616940998787475150,1.171264
1616940998796077069,1616940998797559008,0.979058
1616940998806245004,1616940998807739265,1.037726
1616940998816465323,1616940998818007125,1.080755
1616940998826633954,1616940998828161251,1.042233
1616940998836867746,1616940998838437097,1.098698
1616940998847089805,1616940998848701452,1.14993
1616940998857314690,1616940998858860480,1.093612
1616940998867496040,1616940998868989654,1.075551
1616940998877670958,1616940998879268447,1.167319
1616940998887873864,1616940998889398756,1.089799
1616940998898012093,1616940998899547540,1.061213
1616940998908139506,1616940998909770689,1.230035
1616940998918264289,1616940998919927147,1.246876
1616940998928482023,1616940998930119680,1.217237
1616940998938607425,1616940998940237454,1.168569
1616940998948833183,1616940998950584327,1.303047
1616940998958995787,1616940998960612927,1.101743
1616940998969214848,1616940998970839085,1.214605
1616940998979443982,1616940998981159770,1.295208
1616940998989665701,1616940998991254079,1.10421
1616940998999885048,1616940999001392812,1.0213
1616940999010089922,1616940999012025581,1.529934
1616940999020228444,1616940999021880614,1.185278
1616940999030401610,1616940999032121828,1.256551
1616940999040506025,1616940999042063567,1.143954
1616940999050607656,1616940999052171191,1.169426
1616940999060725566,1616940999062269768,1.11896
1616940999070779126,1616940999072406548,1.160893
1616940999080805501,1616940999082448185,1.197029
1616940999090953364,1616940999092648755,1.301211
1616940999101201661,1616940999102789504,1.116523
1616940999111288349,1616940999112945517,1.227632
1616940999121505982,1616940999123145011,1.147768
1616940999131571187,1616940999133211639,1.190553
1616940999141674791,1616940999143276420,1.137299
1616940999151848966,1616940999153470880,1.144942
1616940999161900107,1616940999163448020,1.063783
1616940999171945644,1616940999173581385,1.23274
1616940999182064048,1616940999183646879,1.166005
1616940999192164061,1616940999193879053,1.245292
1616940999202298441,1616940999203932729,1.151139
1616940999212330392,1616940999214058862,1.236053
1616940999222347168,1616940999223924425,1.144402
1616940999232523538,1616940999234197002,1.185345
1616940999242635663,1616940999244587156,1.46968
1616940999252693377,1616940999254341639,1.164228
1616940999262849526,1616940999264448592,1.101637
1616940999273073647,1616940999274704850,1.146147
1616940999283165761,1616940999284708251,1.083425
1616940999293396755,1616940999295341116,1.53242
1616940999303562779,1616940999305616918,1.690704
1616940999313729037,1616940999315335158,1.176232
1616940999323888690,1616940999325443363,1.071837
1616940999334085453,1616940999335676315,1.106896
1616940999344264421,1616940999345837590,1.087285
1616940999354441204,1616940999356105336,1.194132
1616940999364667970,1616940999366266104,1.1177
1616940999374823800,1616940999376469058,1.26469
1616940999384934971,1616940999386587590,1.244162
1616940999395109910,1616940999396721052,1.219025
1616940999405238800,1616940999406832441,1.115521
1616940999415291297,1616940999416862223,1.147282
1616940999425496546,1616940999427062905,1.06936
1616940999435640356,1616940999437176320,1.086474
1616940999445778792,1616940999447348863,1.074766
1616940999455934976,1616940999457524011,1.120949
1616940999466107896,1616940999467672500,1.050984
1616940999476285952,1616940999477801464,1.031343
1616940999486462636,1616940999488043238,1.154725
1616940999496583363,1616940999498219382,1.226425
1616940999506697266,1616940999508248721,1.071735
1616940999516864545,1616940999518400629,1.028428
1616940999526987225,1616940999528602245,1.210881
1616940999537213130,1616940999538833204,1.209157
1616940999547431678,1616940999548981819,1.115894
1616940999557606075,1616940999559210127,1.178765
1616940999567824711,1616940999569478616,1.193242
1616940999578092258,1616940999579615258,1.11498
1616940999588312418,1616940999589887644,1.174123
1616940999598437808,1616940999600030037,1.163871
1616940999608629388,1616940999610158404,1.134899
1616940999618798624,1616940999620498312,1.277543
1616940999628967247,1616940999631433333,2.043786
1616940999639188221,1616940999640804216,1.203296
1616940999649306707,1616940999650888515,1.092134
1616940999659481825,1616940999661078035,1.177807
1616940999669656386,1616940999671217531,1.160929
1616940999679890840,1616940999681518159,1.197616
1616940999690092872,1616940999691713613,1.199662
1616940999700330266,1616940999701824420,1.094145
1616940999710503338,1616940999712087158,1.144961
1616940999720721272,1616940999722232524,1.088662
1616940999730891730,1616940999732327220,1.009872
1616940999741111585,1616940999742650468,1.116495
1616940999751288827,1616940999752836807,1.123017
1616940999761478374,1616940999763001605,1.103387
1616940999771588054,1616940999773170455,1.166865
1616940999781764821,1616940999783282551,1.106535
1616940999791940531,1616940999793614014,1.256248
1616940999802115315,1616940999803638716,1.113828
1616940999812286845,1616940999814088617,1.391614
1616940999822463932,1616940999824150881,1.302731
1616940999832637078,1616940999834353832,1.26595
1616940999842744934,1616940999844386677,1.173733
1616940999852920293,1616940999854643749,1.332454
1616940999863093668,1616940999864702787,1.132453
1616940999873265936,1616940999874794383,1.051878
1616940999883439495,1616940999885078728,1.226193
1616940999893618674,1616940999895314231,1.220085
1616940999903839436,1616940999905365139,1.097024
1616940999913995910,1616940999915598670,1.181175
1616940999924215840,1616940999925870215,1.248488
1616940999934329246,1616940999935967711,1.208432
1616940999944514779,1616940999946158864,1.235935
1616940999954696865,1616940999956323097,1.13215
1616940999964813630,1616940999966437520,1.189108
1616940999974918214,1616940999976593613,1.188563
1616940999985076538,1616940999986646738,1.121045
1616940999995230219,1616940999996802577,1.155942
1616941000005394937,1616941000006927176,1.07764
1616941000015515227,1616941000017066139,1.12449
1616941000025630885,1616941000027246979,1.200344
1616941000035801862,1616941000037244209,0.98742
1616941000046014736,1616941000047498257,1.045649
1616941000056229595,1616941000057719618,1.099447
1616941000066346889,1616941000067795080,1.027684
1616941000076515640,1616941000077971995,1.052877
1616941000086633609,1616941000088167884,1.123564
1616941000096819991,1616941000098584270,1.708169
1616941000106924971,1616941000108413339,1.051683
1616941000117146663,1616941000118667424,1.027938
1616941000127368567,1616941000128997542,1.222933
1616941000137613421,1616941000139106574,1.039165
1616941000147833987,1616941000149345441,1.094674
1616941000158077238,1616941000159606616,1.042439
1616941000168304434,1616941000169873159,1.160592
1616941000178471335,1616941000179948918,1.073162
1616941000188639245,1616941000190173813,1.124245
1616941000198805959,1616941000200334939,1.110132
1616941000208966576,1616941000210544195,1.143242
1616941000219131242,1616941000220652696,1.102446
1616941000229304857,1616941000230839103,1.072085
1616941000239526747,1616941000241102829,1.168673
1616941000249698590,1616941000251193119,1.023863
1616941000259933209,1616941000261580882,1.254686
1616941000270104201,1616941000271644507,1.151913
1616941000280244587,1616941000281781437,1.117426
1616941000290365848,1616941000291949907,1.17538
1616941000300488992,1616941000302036504,1.070789
1616941000310607396,1616941000312083738,0.991542
1616941000320827911,1616941000322283342,1.045439
1616941000330940317,1616941000332423035,1.017439
1616941000341106490,1616941000342624513,1.033748
1616941000351214875,1616941000352732031,1.038931
1616941000361388628,1616941000362861057,0.985852
1616941000371563163,1616941000373068202,1.019519
1616941000381737472,1616941000383251013,1.03187
1616941000391902089,1616941000393443577,1.10775
1616941000402135365,1616941000403657726,1.044749
1616941000412305885,1616941000413894757,1.081266
1616941000422473317,1616941000424036980,1.091891
1616941000432638924,1616941000434181156,1.045294
1616941000442803338,1616941000444328484,1.022843
1616941000452926377,1616941000454564755,1.179869
1616941000463101843,1616941000464708131,1.110002
1616941000473263335,1616941000474806132,1.118859
1616941000483486494,1616941000485098232,1.181865
1616941000493722588,1616941000495291233,1.102256
1616941000503949570,1616941000505530748,1.178397
1616941000514157058,1616941000515675067,1.099297
1616941000524402679,1616941000525893692,1.018424
1616941000534572725,1616941000536072710,1.056
1616941000544794065,1616941000546334765,1.056132
1616941000554965136,1616941000556442361,0.984827
1616941000565195619,1616941000566703577,1.03687
1616941000575434077,1616941000576974506,1.11529
1616941000585657122,1616941000587085044,0.983641
1616941000595820897,1616941000597276046,1.038361
1616941000606080088,1616941000607638756,1.101653
1616941000616238350,1616941000617770236,1.121503
1616941000626396326,1616941000627889665,1.002167
1616941000636566148,1616941000638307979,1.323257
1616941000646700918,1616941000648352027,1.172775
1616941000656924604,1616941000658584958,1.239331
1616941000667141983,1616941000668825230,1.264695
1616941000677300281,1616941000678986040,1.270103
1616941000687531852,1616941000689107307,1.162146
1616941000697692521,1616941000699250418,1.131095
1616941000707845122,1616941000709472719,1.199789
1616941000718087659,1616941000719777352,1.274065
1616941000728307610,1616941000729916853,1.183494
1616941000738434424,1616941000740052193,1.21459
1616941000748653649,1616941000750322394,1.249626
1616941000758807793,1616941000760562344,1.347831
1616941000768998124,1616941000770598336,1.148076
1616941000779104468,1616941000780677615,1.087898
1616941000789221346,1616941000791309277,1.603215
1616941000799368198,1616941000800958860,1.116477
1616941000809470233,1616941000811120914,1.186347
1616941000819506818,1616941000821096634,1.101404
1616941000829601067,1616941000831327081,1.207554
1616941000839757596,1616941000841554651,1.305728
1616941000849882916,1616941000851562878,1.2072
1616941000860102413,1616941000861686280,1.092656
1616941000870201150,1616941000871747918,1.084521
1616941000880408323,1616941000881932376,1.027249
1616941000890518492,1616941000892018922,0.995385
1616941000900683233,1616941000902776385,1.736651
1616941000910849278,1616941000912457767,1.108638
1616941000921069819,1616941000922803096,1.246846
1616941000931181936,1616941000932677981,1.090965
1616941000941397350,1616941000942987938,1.109585
1616941000951498842,1616941000953064278,1.14698
1616941000961669850,1616941000963221604,1.069717
1616941000971887496,1616941000973514271,1.202014
1616941000982004585,1616941000983577466,1.093568
1616941000992109210,1616941000993618902,1.032828
1616941001002204502,1616941001003705470,1.052453
1616941001012434226,1616941001014046126,1.152754
1616941001022556221,1616941001024248864,1.276065
1616941001032704770,1616941001034269773,1.159469
1616941001042862872,1616941001044471112,1.202082
1616941001053013450,1616941001054703353,1.222863
1616941001063174820,1616941001064818756,1.182072
1616941001073333804,1616941001074933310,1.126545
1616941001083433078,1616941001085072254,1.226742
1616941001093654959,1616941001095265053,1.193984
1616941001103754791,1616941001105397533,1.210473
1616941001113975764,1616941001115485566,1.05238
1616941001124134081,1616941001125795348,1.213925
1616941001134259733,1616941001135733598,1.061802
1616941001144417593,1616941001146041625,1.146747
1616941001154571813,1616941001156169833,1.107746
1616941001164629454,1616941001166329059,1.210625
1616941001174705149,1616941001176262489,1.082679
1616941001184925554,1616941001186451050,1.087251
1616941001195027131,1616941001196534794,1.033818
1616941001205189819,1616941001206799534,1.130118
1616941001215348569,1616941001216910078,1.055352
1616941001225442548,1616941001227020144,1.092228
1616941001235554705,1616941001237126175,1.07611
1616941001245657609,1616941001247151901,1.030776
1616941001255877882,1616941001257413751,1.103379
1616941001266078313,1616941001267700301,1.136741
1616941001276302170,1616941001277926021,1.126931
1616941001286404617,1616941001288039548,1.157515
1616941001296574716,1616941001298169556,1.089934
1616941001306701615,1616941001308335350,1.143799
1616941001316879912,1616941001318573387,1.231919
1616941001326989371,1616941001328620910,1.166388
1616941001337142432,1616941001338730659,1.099137
1616941001347297815,1616941001348824562,1.016344
1616941001357452126,1616941001358990208,1.042846
1616941001367561800,1616941001369139194,1.063402
1616941001377782627,1616941001379272904,0.99335
1616941001387947940,1616941001389602888,1.174143
1616941001398149350,1616941001399731669,1.10916
1616941001408371620,1616941001409953339,1.090123
1616941001418480649,1616941001420090824,1.143179
1616941001428688504,1616941001430220616,1.023694
1616941001438850132,1616941001440460795,1.13357
1616941001449033094,1616941001450723023,1.280715
1616941001459248275,1616941001460811071,1.094875
1616941001469379967,1616941001471022553,1.159546
1616941001479487223,1616941001481004873,1.035503
1616941001489723462,1616941001491301116,1.146991
1616941001499946393,1616941001501515500,1.146628
1616941001510197560,1616941001511766951,1.167277
1616941001520377762,1616941001522009433,1.241465
1616941001530493413,1616941001532139806,1.166519
1616941001540660936,1616941001542284544,1.204473
1616941001550769250,1616941001552492437,1.258852
1616941001560885562,1616941001562660756,1.295519
1616941001571069800,1616941001572828674,1.272365
1616941001581175080,1616941001582788781,1.115942
1616941001591283064,1616941001592952228,1.247248
1616941001601408142,1616941001602945843,1.064549
1616941001611578176,1616941001613313681,1.349993
1616941001621730576,1616941001623342234,1.160445
1616941001631865384,1616941001633508661,1.168971
1616941001641995855,1616941001643667932,1.268227
1616941001652117837,1616941001653819251,1.27949
1616941001662227092,1616941001663960511,1.317803
1616941001672341074,1616941001674024265,1.264029
1616941001682459243,1616941001684156142,1.270079
1616941001692567704,1616941001694271749,1.656909
1616941001702669416,1616941001704409866,1.264836
1616941001712796865,1616941001714411104,1.130347
1616941001722924315,1616941001724500595,1.169421
1616941001733049312,1616941001734731701,1.186577
1616941001743292712,1616941001744920892,1.206485
1616941001753459896,1616941001754995250,1.055026
1616941001763683472,1616941001765224123,1.100107
1616941001773911419,1616941001775577890,1.171492
1616941001784089368,1616941001785615849,1.031345
1616941001794261857,1616941001795870609,1.152702
1616941001804498797,1616941001806119825,1.206361
1616941001814668330,1616941001816347613,1.200868
1616941001824903543,1616941001826553567,1.224492
1616941001835130557,1616941001836813726,1.217269
1616941001845360752,1616941001846906799,1.058317
1616941001855533592,1616941001857140213,1.113881
1616941001865703471,1616941001867322397,1.207211
1616941001875949485,1616941001877596712,1.241045
1616941001886099389,1616941001887703400,1.120234
1616941001896259982,1616941001897830926,1.140641
1616941001906418352,1616941001908005255,1.141143
1616941001916590278,1616941001918173678,1.107097
1616941001926757924,1616941001928377213,1.143196
1616941001936980541,1616941001938557313,1.173087
1616941001947137971,1616941001948744246,1.163696
1616941001957374573,1616941001958940345,1.076823
1616941001967541294,1616941001969081546,1.035359
1616941001977779611,1616941001979335468,1.077938
1616941001987935369,1616941001989417552,0.951221
1616941001998114456,1616941001999729597,1.133552
1616941002008288877,1616941002009774347,0.990377
1616941002018402301,1616941002019919691,1.025944
1616941002028538302,1616941002030157409,1.121485
1616941002038654113,1616941002040195990,1.056056
1616941002048780401,1616941002050434498,1.176312
1616941002058883452,1616941002060423443,1.05666
1616941002069097949,1616941002070660342,1.132781
1616941002079336247,1616941002080908748,1.176572
1616941002089487756,1616941002091024448,1.093664
1616941002099701733,1616941002101247441,1.105258
1616941002109938240,1616941002111510318,1.13793
1616941002120061525,1616941002121538290,0.996897
1616941002130283169,1616941002131846322,1.140871
1616941002140520876,1616941002142036522,1.103243
1616941002150706953,1616941002152250945,1.11134
1616941002160878771,1616941002162508572,1.23637
1616941002171109405,1616941002172757008,1.229303
1616941002181332756,1616941002182843829,1.035449
1616941002191460881,1616941002193027793,1.141211
1616941002201691256,1616941002203241987,1.133897
1616941002211911987,1616941002213451835,1.106251
1616941002222159421,1616941002223688976,1.111958
1616941002232383180,1616941002234021732,1.222655
1616941002242550141,1616941002244192142,1.244321
1616941002252721582,1616941002254392116,1.239818
1616941002262885984,1616941002264565054,1.247283
1616941002273106751,1616941002274822099,1.211366
1616941002283267153,1616941002284969762,1.289558
1616941002293505063,1616941002295095247,1.118002
1616941002303629536,1616941002305212399,1.107856
1616941002313866978,1616941002315499850,1.21273
1616941002324104310,1616941002325678168,1.104357
1616941002334218042,1616941002335854392,1.224177
1616941002344448741,1616941002346175499,1.314563
1616941002354619167,1616941002356346089,1.314695
1616941002364841510,1616941002366556844,1.263808
1616941002375001840,1616941002376576971,1.08657
1616941002385113072,1616941002386809266,1.204633
1616941002395359515,1616941002397055348,1.292383
1616941002405547798,1616941002407287040,1.351006
1616941002415763055,1616941002417425928,1.237865
1616941002425940250,1616941002427640941,1.28617
1616941002436158325,1616941002437859983,1.29463
1616941002446338804,1616941002448092721,1.355051
1616941002456459933,1616941002458174483,1.241508
1616941002466631170,1616941002468397437,1.292746
1616941002476869676,1616941002478620869,1.345665
1616941002487055994,1616941002488667085,1.19633
1616941002497275518,1616941002498954748,1.605797
1616941002507494880,1616941002509021399,1.034781
1616941002517715313,1616941002519257278,1.101662
1616941002527936010,1616941002529507644,1.167021
1616941002538163933,1616941002539822647,1.239323
1616941002548385081,1616941002549950932,1.552815
1616941002558523354,1616941002560102759,1.093826
1616941002568630916,1616941002570144427,1.030878
1616941002578765928,1616941002580327312,1.101327
1616941002588841559,1616941002590536823,1.263888
1616941002599009984,1616941002600507840,1.018667
1616941002609238213,1616941002610730956,1.005225
1616941002619464475,1616941002620980684,1.031338
1616941002629695800,1616941002631220056,1.045573
1616941002639909424,1616941002641468061,1.065722
1616941002649946600,1616941002651529057,1.154297
1616941002660128575,1616941002661649204,1.093313
1616941002670230721,1616941002671754735,1.100474
1616941002680384843,1616941002681915812,1.055483
1616941002690497019,1616941002692076333,1.107872
1616941002700536348,1616941002702128038,1.159442
1616941002710720072,1616941002712245608,1.037598
1616941002720950318,1616941002722495145,1.05761
1616941002731106130,1616941002732608859,1.009296
1616941002741142192,1616941002742657937,1.03116
1616941002751294770,1616941002752778088,1.044109
1616941002761517426,1616941002763083096,1.069782
1616941002771578829,1616941002773112540,1.069615
1616941002781679094,1616941002783256250,1.077497
1616941002791797800,1616941002793298423,1.060283
1616941002801839483,1616941002803408860,1.130048
1616941002812085283,1616941002813665439,1.144885
1616941002822184905,1616941002823748369,1.131539
1616941002832336695,1616941002833853653,1.042159
1616941002842375066,1616941002843917393,1.04693
1616941002852527546,1616941002854103711,1.123026
1616941002862690756,1616941002864219057,1.093846
1616941002872841888,1616941002874417121,1.144952
1616941002883082894,1616941002884629876,1.121087
1616941002893184299,1616941002894734332,1.092106
1616941002903293457,1616941002904815219,1.041469
1616941002913476530,1616941002915121326,1.145574
1616941002923512079,1616941002925062637,1.060644
1616941002933612619,1616941002935214464,1.130375
1616941002943646155,1616941002945210893,1.088714
1616941002953748880,1616941002955290053,1.059946
1616941002963847983,1616941002965319241,0.981744
1616941002974001148,1616941002975601672,1.114325
1616941002984104272,1616941002985626615,1.040579
1616941002994280293,1616941002995757268,0.989583
1616941003004498137,1616941003006024709,1.03928
1616941003014676189,1616941003016174417,1.075997
1616941003024893847,1616941003026411977,1.100792
1616941003035045649,1616941003036628526,1.160012
1616941003045297125,1616941003046798860,1.077047
1616941003055519105,1616941003057099794,1.152024
1616941003065737464,1616941003067351155,1.124772
1616941003075983968,1616941003077535599,1.131929
1616941003086223770,1616941003087746242,1.111757
1616941003096460134,1616941003098093898,1.249747
1616941003106632680,1616941003108254153,1.195013
1616941003116863405,1616941003118394009,1.08269
1616941003127089203,1616941003128697679,1.170991
1616941003137254690,1616941003138808847,1.133741
1616941003147474666,1616941003149022179,1.122696
1616941003157690399,1616941003159330110,1.215819
1616941003167913554,1616941003169471305,1.12885
1616941003178110811,1616941003179800701,1.19317
1616941003188335457,1616941003189910797,1.15223
1616941003198508090,1616941003200166835,1.237779
1616941003208728983,1616941003210309292,1.118278
1616941003218897125,1616941003220452110,1.134779
1616941003229139503,1616941003230753175,1.151412
1616941003239357687,1616941003240886846,1.103507
1616941003249595384,1616941003251163118,1.095721
1616941003259810183,1616941003261403123,1.16958
1616941003269993340,1616941003271693541,1.216988
1616941003280160040,1616941003281750540,1.157631
1616941003290384420,1616941003291965490,1.107964
1616941003300556654,1616941003302594041,1.694925
1616941003310730690,1616941003312295298,1.075476
1616941003320976235,1616941003322594442,1.200696
1616941003331198224,1616941003332768064,1.187528
1616941003341454777,1616941003342986595,1.055348
1616941003351670276,1616941003353245170,1.175118
1616941003361884138,1616941003363435918,1.071146
1616941003372105296,1616941003373668668,1.165326
1616941003382232226,1616941003383767744,1.109418
1616941003392446268,1616941003393980286,1.070791
1616941003402565158,1616941003404172615,1.181541
1616941003412798293,1616941003414389553,1.126724
1616941003423035964,1616941003424578735,1.175015
1616941003433281819,1616941003434847245,1.079321
1616941003443527253,1616941003445087941,1.187251
1616941003453747255,1616941003455259257,1.064485
1616941003463967739,1616941003465450245,1.026775
1616941003474194415,1616941003475718943,1.112564
1616941003484414334,1616941003485927277,1.097321
1616941003494585456,1616941003496157429,1.099967
1616941003504804559,1616941003506342422,1.113434
1616941003515021480,1616941003516567990,1.061663
1616941003525241881,1616941003526840939,1.140584
1616941003535458583,1616941003537063232,1.190997
1616941003545683973,1616941003547211732,1.104069
1616941003555904262,1616941003557544504,1.216834
1616941003566082857,1616941003567774019,1.280235
1616941003576300330,1616941003582920439,6.220519
1616941003586405517,1616941003587986909,1.116458
1616941003596626625,1616941003598171364,1.145096
1616941003606794238,1616941003608380871,1.200334
1616941003616970066,1616941003618546287,1.120095
1616941003627141636,1616941003628790601,1.226698
1616941003637263267,1616941003638848077,1.124416
1616941003647431174,1616941003649058852,1.21584
1616941003657610227,1616941003659160603,1.075627
1616941003667773288,1616941003669257855,1.025201
1616941003677999957,1616941003679552522,1.147461
1616941003688223608,1616941003689743498,1.066906
1616941003698393350,1616941003699954213,1.127948
1616941003708621052,1616941003710295724,1.197523
1616941003718775508,1616941003720309062,1.056898
1616941003729009726,1616941003730754693,1.289819
1616941003739228399,1616941003740878241,1.246818
1616941003749392020,1616941003751015657,1.15053
1616941003759609490,1616941003761206223,1.175358
1616941003769776461,1616941003771285875,1.109936
1616941003780024807,1616941003781588599,1.126101
1616941003790225241,1616941003791834189,1.215432
1616941003800460217,1616941003801929880,1.088584
1616941003810629313,1616941003812172418,1.160546
1616941003820848742,1616941003822355674,1.134197
1616941003830997129,1616941003832552160,1.159187
1616941003841171386,1616941003842682353,1.106194
1616941003851298061,1616941003852756333,0.955751
1616941003861533646,1616941003863117201,1.174362
1616941003871765774,1616941003873320988,1.148127
1616941003881988652,1616941003883864565,1.463258
1616941003892175764,1616941003893827019,1.203313
1616941003902293034,1616941003903823192,1.127314
1616941003912535606,1616941003914180791,1.178853
1616941003922711011,1616941003924386018,1.27194
1616941003932972813,1616941003934637170,1.210339
1616941003943189392,1616941003944845770,1.252613
1616941003953428578,1616941003955168392,1.332622
1616941003963646705,1616941003965296042,1.18211
1616941003973828319,1616941003975435088,1.122065
1616941003984048868,1616941003985730258,1.269049
1616941003994272425,1616941003995932689,1.186391
1616941004004445081,1616941004006017759,1.091715
1616941004014620544,1616941004016361601,1.272081
1616941004024841494,1616941004026432923,1.119915
1616941004035010207,1616941004036594602,1.135295
1616941004045228986,1616941004046905535,1.193249
1616941004055450518,1616941004057083062,1.193758
1616941004065671521,1616941004067264897,1.116125
1616941004075892874,1616941004077549342,1.243178
1616941004086111009,1616941004087732455,1.151953
1616941004096331297,1616941004097987618,1.237532
1616941004106517771,1616941004109049013,2.310496
1616941004116737083,1616941004118344263,1.176706
1616941004126903407,1616941004128381439,0.99157
1616941004137067117,1616941004138579422,1.090673
1616941004147225592,1616941004148803358,1.15231
1616941004157387330,1616941004158884695,0.986305
1616941004167549714,1616941004169089814,1.120018
1616941004177712579,1616941004179201577,0.99919
1616941004187874189,1616941004189378431,1.097901
1616941004197992991,1616941004199525714,1.109235
1616941004208166582,1616941004209730642,1.087745
1616941004218288017,1616941004219850979,1.135311
1616941004228450783,1616941004230045861,1.176557
1616941004238576903,1616941004240163481,1.169451
1616941004248750402,1616941004250274777,1.130995
1616941004258867340,1616941004260341952,0.976453
1616941004269087319,1616941004270685817,1.146576
1616941004279308127,1616941004280784806,0.970526
1616941004289545859,1616941004291677241,1.709194
1616941004299722117,1616941004301278228,1.120231
1616941004309983316,1616941004311590700,1.22151
1616941004320204714,1616941004321776344,1.160138
1616941004330364428,1616941004331928797,1.13672
1616941004340473567,1616941004342042967,1.160738
1616941004350640429,1616941004352255023,1.181561
1616941004360690828,1616941004362154462,1.008022
1616941004370706380,1616941004372247287,1.051972
1616941004380886449,1616941004382427155,1.119855
1616941004391046602,1616941004392552665,1.051514
1616941004401147267,1616941004402668137,1.113241
1616941004411298239,1616941004412758596,1.002381
1616941004421453694,1616941004422967684,1.028288
1616941004431528363,1616941004433027487,1.053967
1616941004441582858,1616941004443036770,1.002478
1616941004451737689,1616941004453291949,1.083131
1616941004461892641,1616941004463488152,1.150717
1616941004471955028,1616941004473492255,1.110033
1616941004481997880,1616941004483571368,1.134823
1616941004492157377,1616941004493614938,0.971042
1616941004502286428,1616941004503859461,1.10435
1616941004512382494,1616941004513938797,1.120798
1616941004522485963,1616941004524047467,1.127957
1616941004532706107,1616941004534310312,1.128325
1616941004542805627,1616941004544329270,1.040829
1616941004553029652,1616941004554630915,1.149098
1616941004563128474,1616941004564664854,1.124394
1616941004573355755,1616941004574879799,1.048679
1616941004583573521,1616941004585124825,1.061253
1616941004593693316,1616941004595212011,1.049978
1616941004603910233,1616941004605514858,1.124973
1616941004613997018,1616941004615599570,1.118793
1616941004624222289,1616941004625787211,1.092354
1616941004634335087,1616941004635873474,1.036584
1616941004644436694,1616941004645951213,1.006216
1616941004654536074,1616941004656152547,1.121222
1616941004664647297,1616941004666243214,1.116078
1616941004674809449,1616941004676428488,1.212219
1616941004684882608,1616941004686586782,1.245352
1616941004695040501,1616941004696642856,1.127482
1616941004705214076,1616941004706799004,1.084822
1616941004715326170,1616941004716861847,1.054044
1616941004725369025,1616941004726952415,1.085238
1616941004735533677,1616941004737122664,1.113973
1616941004745701273,1616941004747290208,1.109239
1616941004755927350,1616941004757506571,1.080097
1616941004766093706,1616941004767718327,1.141253
1616941004776328155,1616941004777932409,1.09941
1616941004786441766,1616941004788129637,1.194724
1616941004796498732,1616941004798172061,1.206615
1616941004806590079,1616941004808221281,1.163102
1616941004816708286,1616941004818332790,1.130936
1616941004826834462,1616941004828482278,1.159187
1616941004837065966,1616941004838742195,1.19473
1616941004847283533,1616941004848880765,1.116268
1616941004857502697,1616941004859150085,1.217365
1616941004867679291,1616941004869317936,1.227973
1616941004877854085,1616941004879417676,1.066581
1616941004887975794,1616941004889483080,1.044981
1616941004898138113,1616941004900271805,1.909071
1616941004908360575,1616941004909962719,1.214135
1616941004918485833,1616941004920040311,1.162467
1616941004928709032,1616941004930293403,1.162178
1616941004938831363,1616941004940481235,1.212448
1616941004949050653,1616941004950610928,1.090724
1616941004959218726,1616941004960779141,1.130714
1616941004969391932,1616941004970972881,1.101639
1616941004979608535,1616941004981177340,1.137454
1616941004989763016,1616941004991283279,1.095785
1616941004999988991,1616941005001558315,1.138353
1616941005010213722,1616941005011814530,1.185438
1616941005020431640,1616941005022045698,1.192956
1616941005030601201,1616941005032235037,1.213394
1616941005040825122,1616941005042370345,1.124771
1616941005050994438,1616941005052593685,1.169837
1616941005061225664,1616941005062712896,1.054953
1616941005071444181,1616941005073007326,1.152759
1616941005081664466,1616941005083203241,1.111635
1616941005091885074,1616941005093416063,1.146853
1616941005102105082,1616941005103688742,1.16816
1616941005112341754,1616941005113948993,1.190097
1616941005122519844,1616941005124181314,1.248788
1616941005132738652,1616941005134394800,1.242657
1616941005142895707,1616941005144422438,1.046285
1616941005153113817,1616941005154683672,1.179059
1616941005163332174,1616941005164917036,1.176448
1616941005173561560,1616941005175087299,1.094297
1616941005183778175,1616941005185357861,1.160542
1616941005194011318,1616941005195633057,1.240087
1616941005204231928,1616941005205728205,1.001263
1616941005214454377,1616941005216056851,1.178846
1616941005224706959,1616941005226208251,1.060327
1616941005234872186,1616941005236335616,1.056966
1616941005245092390,1616941005246562736,1.045791
1616941005255319880,1616941005256713756,0.99978
1616941005265552117,1616941005266987202,1.011313
1616941005275783488,1616941005277264608,1.053763
1616941005286001327,1616941005287632573,1.208581
1616941005296170428,1616941005297781250,1.180417
1616941005306287994,1616941005307899366,1.17725
1616941005316503342,1616941005318143957,1.219862
1616941005326613856,1616941005328232481,1.192006
1616941005336840047,1616941005338532458,1.285143
1616941005346947783,1616941005348578756,1.107023
1616941005357175396,1616941005358839549,1.1632
1616941005367338348,1616941005369643007,1.870504
1616941005377525956,1616941005378997259,1.016169
1616941005387746887,1616941005389330614,1.152002
1616941005397857630,1616941005399480116,1.138517
1616941005408093745,1616941005409612559,1.057439
1616941005418201819,1616941005419798894,1.130607
1616941005428359085,1616941005429918875,1.074815
1616941005438481178,1616941005440032626,1.124631
1616941005448650820,1616941005450300580,1.216722
1616941005458753266,1616941005460304236,1.064758
1616941005468979862,1616941005470671906,1.229034
1616941005479232950,1616941005480834475,1.189769
1616941005489477548,1616941005491046479,1.14701
1616941005499697853,1616941005501349117,1.240211
1616941005509920006,1616941005511585831,1.25145
1616941005520094382,1616941005521850042,1.330566
1616941005530271494,1616941005531930181,1.226025
1616941005540511566,1616941005542233461,1.306508
1616941005550647001,1616941005552288844,1.153689
1616941005560821170,1616941005562455359,1.286899
1616941005571056100,1616941005572708817,1.165426
1616941005581227593,1616941005582797937,1.156698
1616941005591455752,1616941005592987523,1.09612
1616941005601673307,1616941005603291567,1.202103
1616941005611845912,1616941005613459868,1.213202
1616941005622087079,1616941005623802562,1.311682
1616941005632208354,1616941005633994326,1.379718
1616941005642376683,1616941005643972562,1.117411
1616941005652608724,1616941005654176894,1.144569
1616941005662778830,1616941005664378395,1.150456
1616941005672956514,1616941005674623858,1.279229
1616941005683116774,1616941005684721301,1.184682
1616941005693344201,1616941005695004393,1.888063
1616941005703514805,1616941005705120253,1.184627
1616941005713679271,1616941005715252222,1.145681
1616941005723903809,1616941005725559690,1.236839
1616941005734122577,1616941005735646671,1.10704
1616941005744342849,1616941005745941651,1.179242
1616941005754507615,1616941005756117268,1.196549
1616941005764729789,1616941005766350294,1.201358
1616941005774901169,1616941005776455092,1.07461
1616941005785119384,1616941005786753757,1.157778
1616941005795230935,1616941005796786891,1.043643
1616941005805385502,1616941005806977591,1.112389
1616941005815629809,1616941005817206745,1.157158
1616941005825859444,1616941005827484540,1.224633
1616941005836087009,1616941005837828567,1.342082
1616941005846226466,1616941005847806831,1.094093
1616941005856454292,1616941005858029558,1.153276
1616941005866625457,1616941005868143727,1.097282
1616941005876850878,1616941005878457552,1.251494
1616941005887079149,1616941005888730623,1.254615
1616941005897308989,1616941005898958526,1.239954
1616941005907556599,1616941005909134306,1.171597
1616941005917776587,1616941005919317884,1.093655
1616941005928096413,1616941005929604744,1.057423
1616941005938265097,1616941005939790670,1.104851
1616941005948485191,1616941005950088250,1.187299
1616941005958656580,1616941005960172719,1.042432
1616941005968879295,1616941005970368504,1.013036
1616941005978995523,1616941005980621116,1.158571
1616941005989210190,1616941005990797887,1.175638
1616941005999430180,1616941006000960550,1.094592
1616941006009603375,1616941006011197733,1.174367
1616941006019822829,1616941006021379872,1.065255
1616941006030078507,1616941006031587896,1.085025
1616941006040295956,1616941006041929523,1.22896
1616941006050465244,1616941006052023535,1.135073
1616941006060643187,1616941006062200432,1.137399
1616941006070812383,1616941006072390049,1.168023
1616941006081029948,1616941006083048350,1.556129
1616941006091256328,1616941006092836246,1.10309
1616941006101332478,1616941006102871398,1.046904
1616941006111437813,1616941006112960700,1.043476
1616941006121540675,1616941006123170763,1.137111
1616941006131640375,1616941006133197665,1.076344
1616941006141752465,1616941006143373712,1.135573
1616941006151973013,1616941006153602766,1.176096
1616941006162128263,1616941006163713021,1.114579
1616941006172264629,1616941006173929143,1.23272
1616941006182379982,1616941006183997463,1.148128
1616941006192601173,1616941006194208280,1.12368
1616941006202659796,1616941006204227834,1.128104
1616941006212754237,1616941006214309797,1.071814
1616941006222833222,1616941006224436380,1.134406
1616941006232895407,1616941006234452192,1.181569
1616941006243067258,1616941006244624073,1.137217
1616941006253217913,1616941006254732389,1.040675
1616941006263327721,1616941006264884900,1.086767
1616941006273432185,1616941006274991087,1.078427
1616941006283531519,1616941006285020981,1.061153
1616941006293601682,1616941006295147051,1.059458
1616941006303770545,1616941006305387654,1.147974
1616941006313943341,1616941006315424764,1.045073
1616941006324207422,1616941006325683465,1.017315
1616941006334313847,1616941006335790183,1.062171
1616941006344479911,1616941006346156597,1.243379
1616941006354581694,1616941006356098385,1.131927
1616941006364748066,1616941006366338899,1.113781
1616941006374970339,1616941006376487972,1.035282
1616941006385195868,1616941006386921165,1.231927
1616941006395417954,1616941006396954854,1.117435
1616941006405637906,1616941006407187636,1.064013
1616941006415685449,1616941006417196852,1.091763
1616941006425752995,1616941006427381137,1.159703
1616941006435865270,1616941006437352448,1.01413
1616941006446028463,1616941006447656673,1.167727
1616941006456175505,1616941006457762345,1.091623
1616941006466338750,1616941006468001132,1.185544
1616941006476442148,1616941006478024238,1.158573
1616941006486547803,1616941006488105502,1.071381
1616941006496712793,1616941006498267642,1.044024
1616941006506867969,1616941006508716663,1.452311
1616941006517055720,1616941006518698942,1.258912
1616941006527273038,1616941006528763635,1.084032
1616941006537491708,1616941006539043293,1.119524
1616941006547710506,1616941006549359346,1.245416
1616941006557931918,1616941006559487392,1.135984
1616941006568152771,1616941006569641732,1.07299
1616941006578322458,1616941006579898328,1.153154
1616941006588550656,1616941006590148968,1.17897
1616941006598724183,1616941006600337348,1.212872
1616941006608946349,1616941006610516654,1.163764
1616941006619166584,1616941006620774094,1.188697
1616941006629387399,1616941006630915679,1.047891
1616941006639639302,1616941006641181407,1.120853
1616941006649856988,1616941006651440596,1.145838
1616941006660077902,1616941006661561017,1.081652
1616941006670218352,1616941006671825060,1.183606
1616941006680459074,1616941006681968595,1.090392
1616941006690631077,1616941006692227151,1.175446
1616941006700852031,1616941006702524728,1.293239
1616941006711079692,1616941006712673756,1.170657
1616941006721311185,1616941006722857225,1.117027
1616941006731470733,1616941006733013005,1.125529
1616941006741689166,1616941006743206850,1.09924
1616941006751908030,1616941006753492883,1.150164
1616941006762126886,1616941006763698828,1.181464
1616941006772365527,1616941006773965465,1.197767
1616941006782535353,1616941006784138782,1.194276
1616941006792779212,1616941006794311140,1.08456
1616941006802935286,1616941006804423173,1.07775
1616941006813155142,1616941006814703043,1.109202
1616941006823374965,1616941006824890121,1.081887
1616941006833597085,1616941006835155416,1.120341
1616941006843763069,1616941006845360559,1.207881
1616941006853936730,1616941006855571684,1.219115
1616941006864154635,1616941006866642965,2.103834
1616941006874313744,1616941006876394414,1.683072
1616941006884535263,1616941006886129735,1.106217
1616941006894704476,1616941006896320435,1.192815
1616941006904923152,1616941006906493941,1.174427
1616941006915098055,1616941006916636411,1.025048
1616941006925317807,1616941006926830726,1.075509
1616941006935535787,1616941006937063829,1.063703
1616941006945756220,1616941006947176995,0.974478
1616941006955987784,1616941006957484246,1.047483
1616941006966223214,1616941006967755615,1.095402
1616941006976441347,1616941006978024401,1.161669
1616941006986565328,1616941006988143384,1.161378
1616941006996738308,1616941006998331611,1.1535
1616941007006976625,1616941007008544443,1.09031
1616941007017205672,1616941007018761574,1.119263
1616941007027423767,1616941007029056348,1.199453
1616941007037655730,1616941007039302555,1.153367
1616941007047886646,1616941007049623541,1.31592
1616941007058110851,1616941007059794560,1.287498
1616941007068339428,1616941007070063160,1.243313
1616941007078454531,1616941007080155907,1.266671
1616941007088613448,1616941007090139401,1.131448
1616941007098716471,1616941007100316026,1.166129
1616941007108936550,1616941007110692438,1.289981
1616941007119164427,1616941007120938856,1.360759
1616941007129385690,1616941007130982311,1.117765
1616941007139608010,1616941007141275096,1.232814
1616941007149831483,1616941007151488811,1.246141
1616941007160004885,1616941007161631250,1.207608
1616941007170181138,1616941007171800466,1.211983
1616941007180402457,1616941007182067109,1.276174
1616941007190569647,1616941007192181939,1.22018
1616941007200790033,1616941007202364149,1.132281
1616941007210900186,1616941007212464023,1.098287
1616941007221120266,1616941007222668044,1.055684
1616941007231356841,1616941007232903195,1.134008
1616941007241597591,1616941007243302639,1.283162
1616941007251768783,1616941007253430784,1.252418
1616941007261993888,1616941007263612294,1.225407
1616941007272234138,1616941007273892714,1.249032
1616941007282402497,1616941007284060415,1.239415
1616941007292626465,1616941007294242541,1.215447
1616941007302791190,1616941007304371713,1.167402
1616941007313011480,1616941007315167075,1.923153
1616941007323251779,1616941007324769767,1.081312
1616941007333470311,1616941007335068802,1.192952
1616941007343701624,1616941007345238584,1.13908
1616941007353952360,1616941007355499009,1.142261
1616941007364175186,1616941007365672274,1.070588
1616941007374400411,1616941007375972310,1.172101
1616941007384626300,1616941007386156391,1.109749
1616941007394795882,1616941007396317480,1.092657
1616941007405014110,1616941007406551860,1.077074
1616941007415229902,1616941007416737724,1.096623
1616941007425467464,1616941007426985787,1.074345
1616941007435696794,1616941007437226846,1.117224
1616941007445839868,1616941007447324438,1.038481
1616941007456081379,1616941007457645679,1.151381
1616941007466250539,1616941007467781186,1.092168
1616941007476475374,1616941007478098053,1.201706
1616941007486646664,1616941007488165050,1.032467
1616941007496866755,1616941007498390988,1.028306
1616941007507088227,1616941007508598745,1.049889
1616941007517315348,1616941007518804649,1.060125
1616941007527537133,1616941007529047864,1.065613
1616941007537754628,1616941007539335782,1.164997
1616941007547973357,1616941007549599971,1.182623
1616941007558196304,1616941007559756712,1.133676
1616941007568433405,1616941007569998322,1.151456
1616941007578602766,1616941007580111092,1.081091
1616941007588769387,1616941007590308911,1.102987
1616941007598990963,1616941007600495291,1.013112
1616941007609159354,1616941007610714687,1.133483
1616941007619387998,1616941007620967428,1.170844
1616941007629629562,1616941007631099853,1.052691
1616941007639859550,1616941007641410895,1.120772
1616941007650101683,1616941007651648603,1.113631
1616941007660350171,1616941007661892455,1.125669
1616941007670520025,1616941007672092316,1.136985
1616941007680737840,1616941007682297994,1.147081
1616941007690924684,1616941007692429652,1.093545
1616941007701097570,1616941007702658168,1.145973
1616941007711208840,1616941007712706316,1.006674
1616941007721429115,1616941007722951957,1.098547
1616941007731648970,1616941007733149887,1.058042
1616941007741880221,1616941007743438845,1.143381
1616941007752102090,1616941007753585713,1.062524
1616941007762228919,1616941007763867535,1.211762
1616941007772448016,1616941007774063603,1.205191
1616941007782618672,1616941007784139400,1.041121
1616941007792838250,1616941007794459281,1.249727
1616941007803058038,1616941007804629549,1.148765
1616941007813299113,1616941007814820395,1.087793
1616941007823518447,1616941007825059834,1.137064
1616941007833739324,1616941007835276874,1.102682
1616941007843959163,1616941007845555815,1.181276
1616941007854215214,1616941007855779898,1.141913
1616941007864452341,1616941007866682489,1.849695
1616941007874486480,1616941007876096572,1.216646
1616941007884650508,1616941007886280910,1.15411
1616941007894813749,1616941007896410231,1.121107
1616941007904876753,1616941007906599556,1.262001
1616941007915017034,1616941007916671018,1.203988
1616941007925121755,1616941007926759938,1.178409
1616941007935168814,1616941007936782257,1.137545
1616941007945272010,1616941007946912146,1.162985
1616941007955431243,1616941007956975044,1.056295
1616941007965582331,1616941007967225403,1.178842
1616941007975728661,1616941007977292034,1.077516
1616941007985878963,1616941007987459231,1.163281
1616941007995939187,1616941007997576835,1.174829
1616941008006098271,1616941008007670105,1.128392
1616941008016202779,1616941008017850129,1.239341
1616941008026304628,1616941008027987054,1.258142
1616941008036540858,1616941008038127308,1.168333
1616941008046710311,1616941008048336275,1.219364
1616941008056812353,1616941008058527677,1.254245
1616941008067051170,1616941008068754673,1.232705
1616941008077223698,1616941008078872381,1.171965
1616941008087250819,1616941008088909553,1.234637
1616941008097354245,1616941008099052959,1.227073
1616941008107540761,1616941008109248578,1.688202
1616941008117600615,1616941008119321764,1.2376
1616941008127836539,1616941008129417471,1.119414
1616941008137968019,1616941008139540031,1.124952
1616941008147991146,1616941008149582235,1.164512
1616941008158157615,1616941008159714949,1.089576
1616941008168239295,1616941008169916560,1.211189
1616941008178412219,1616941008179899417,0.999365
1616941008188631750,1616941008190388681,1.280149
1616941008198788590,1616941008200353549,1.126525
1616941008208973598,1616941008210617783,1.195385
1616941008219027754,1616941008220522406,1.052243
1616941008229215924,1616941008230850583,1.190582
1616941008239327817,1616941008241015651,1.234143
1616941008249556463,1616941008251091071,1.074243
1616941008259780151,1616941008261385293,1.113894
1616941008270007381,1616941008271683297,1.20432
1616941008280241176,1616941008281857431,1.20246
1616941008290399430,1616941008291913452,1.078421
1616941008300619695,1616941008302151587,1.059909
1616941008310781998,1616941008312355370,1.111399
1616941008320950024,1616941008322637957,1.244813
1616941008331177480,1616941008332857568,1.200638
1616941008341315482,1616941008342882219,1.161231
1616941008351476703,1616941008353046407,1.15059
1616941008361695992,1616941008363189977,1.033203
1616941008371929661,1616941008373351606,1.024499
1616941008382159168,1616941008383717971,1.149858
1616941008392380875,1616941008393964290,1.182884
1616941008402549415,1616941008404159835,1.185666
1616941008412779468,1616941008414411459,1.206587
1616941008422996274,1616941008424551297,1.139831
1616941008433226105,1616941008434697034,1.083806
1616941008443448126,1616941008444961085,1.11022
1616941008453664945,1616941008455191404,1.091254
1616941008463882603,1616941008465416850,1.117209
1616941008474118983,1616941008475636095,1.08823
1616941008484336378,1616941008485906415,1.170899
1616941008494506850,1616941008496103209,1.197609
1616941008504733752,1616941008506294408,1.122529
1616941008514903424,1616941008516528474,1.214559
1616941008525121925,1616941008526751372,1.237891
1616941008535355208,1616941008536879496,1.095915
1616941008545574919,1616941008547264805,1.287578
1616941008555792749,1616941008557407272,1.196972
1616941008566011000,1616941008567730645,1.331696
1616941008576235222,1616941008577946074,1.28585
1616941008586405024,1616941008588050250,1.235459
1616941008596622574,1616941008598250162,1.215551
1616941008606793972,1616941008608439894,1.242693
1616941008616980502,1616941008618644938,1.252862
1616941008627110070,1616941008628815708,1.295367
1616941008637233762,1616941008638832998,1.122572
1616941008647411661,1616941008648975986,1.166927
1616941008657631950,1616941008659260077,1.205126
1616941008667850137,1616941008669488138,1.230868
1616941008678016851,1616941008679690791,1.258375
1616941008688257164,1616941008690002347,1.338909
1616941008698425863,1616941008700084430,1.261791
1616941008708605685,1616941008710216569,1.193401
1616941008718825911,1616941008720459726,1.214555
1616941008729046703,1616941008730748596,1.298339
1616941008739234747,1616941008740787763,1.112816
1616941008749453633,1616941008751095158,1.251214
1616941008759671909,1616941008761211625,1.109209
1616941008769844870,1616941008771459026,1.193802
1616941008780076565,1616941008781601041,1.088333
1616941008790221583,1616941008791862697,1.219912
1616941008800440408,1616941008802039969,1.176741
1616941008810608894,1616941008812265378,1.232304
1616941008820834985,1616941008822445033,1.246154
1616941008831007473,1616941008832661647,1.271678
1616941008841230680,1616941008842836896,1.137613
1616941008851449111,1616941008852990841,1.130501
1616941008861675524,1616941008863326879,1.240183
1616941008871912748,1616941008873468658,1.131474
1616941008882158263,1616941008883757365,1.190947
1616941008892375968,1616941008893924871,1.14406
1616941008902498270,1616941008904111869,1.215905
1616941008912749658,1616941008914338524,1.202711
1616941008922969141,1616941008924979299,1.768696
1616941008933016365,1616941008934590109,1.161882
1616941008943238486,1616941008944827339,1.122204
1616941008953457768,1616941008955034044,1.124389
1616941008963689989,1616941008965276412,1.13993
1616941008973926989,1616941008975501369,1.133132
1616941008984144164,1616941008985607620,1.063905
1616941008994314284,1616941008995809238,1.078151
1616941009004535014,1616941009006015303,1.101154
1616941009014704114,1616941009018935392,3.888144
1616941009024879116,1616941009026433946,1.147928
1616941009035098541,1616941009036623382,1.09638
1616941009045318942,1616941009046914527,1.13955
1616941009055554532,1616941009057164416,1.189188
1616941009065775094,1616941009067369908,1.158512
1616941009075994618,1616941009077580767,1.148146
1616941009086236729,1616941009087789156,1.126932
1616941009096459410,1616941009098030982,1.087814
1616941009106629589,1616941009108240880,1.141894
1616941009116855608,1616941009118554501,1.288807
1616941009127076196,1616941009128806830,1.30901
1616941009137298666,1616941009138945837,1.2218
1616941009147517964,1616941009149092423,1.11445
1616941009157738269,1616941009159375241,1.206846
1616941009167970642,1616941009169622352,1.232548
1616941009178207394,1616941009179851214,1.219725
1616941009188435653,1616941009190045911,1.133336
1616941009198605669,1616941009200211895,1.198226
1616941009208825314,1616941009210526493,1.25852
1616941009219043622,1616941009220714966,1.264227
1616941009229261985,1616941009230863135,1.183975
1616941009239487065,1616941009241130345,1.223915
1616941009249705968,1616941009251334014,1.245891
1616941009259880058,1616941009261546896,1.242211
1616941009270108682,1616941009271775881,1.272454
1616941009280326557,1616941009281986018,1.242256
1616941009290498005,1616941009292197961,1.238456
1616941009300735441,1616941009302368094,1.21527
1616941009310957752,1616941009312613904,1.182697
1616941009321196651,1616941009322784659,1.105909
1616941009331431186,1616941009333029107,1.184846
1616941009341672272,1616941009343434908,1.285866
1616941009351906197,1616941009353573114,1.263661
1616941009362124657,1616941009363797547,1.24392
1616941009372345486,1616941009374068890,1.251567
1616941009382571427,1616941009384287295,1.309743
1616941009392790690,1616941009394389677,1.127288
1616941009403016624,1616941009404756248,1.271567
1616941009413235870,1616941009414896275,1.250973
1616941009423456306,1616941009425153448,1.27507
1616941009433675889,1616941009435291206,1.197913
1616941009443896622,1616941009445578281,1.200547
1616941009454130824,1616941009455757121,1.161256
1616941009464361376,1616941009466117464,1.360958
1616941009474531183,1616941009476237600,1.293906
1616941009484749839,1616941009486536361,1.389217
1616941009494968776,1616941009496562962,1.119699
1616941009505186330,1616941009506750235,1.101647
1616941009515357443,1616941009516910542,1.141258
1616941009525575618,1616941009527315084,1.241195
1616941009535821865,1616941009537439546,1.202127
1616941009546077057,1616941009547655975,1.184126
1616941009556254085,1616941009558002044,1.339063
1616941009566378168,1616941009568042756,1.182507
1616941009576616604,1616941009578203177,1.116873
1616941009586795276,1616941009588983818,1.827948
1616941009596816838,1616941009598522203,1.33541
1616941009607011528,1616941009608670828,1.246924
1616941009617173139,1616941009618845839,1.212804
1616941009627334174,1616941009628944775,1.117887
1616941009637489738,1616941009639191177,1.234359
1616941009647649804,1616941009649332501,1.167246
1616941009657750622,1616941009659401244,1.16532
1616941009667983132,1616941009669551305,1.144872
1616941009678094856,1616941009679652801,1.065476
1616941009688141395,1616941009689736155,1.113419
1616941009698238004,1616941009699758272,1.037279
1616941009708398259,1616941009710026528,1.153287
1616941009718566894,1616941009720019081,0.980478
1616941009728666607,1616941009730560519,1.498232
1616941009738825549,1616941009740356671,1.026779
1616941009748860488,1616941009750533708,1.25293
1616941009758962554,1616941009760533119,1.152228
1616941009769064795,1616941009770601058,1.119921
1616941009779289768,1616941009780785115,1.059593
1616941009789511511,1616941009791021787,1.047144
1616941009799565985,1616941009801119058,1.112771
1616941009809723752,1616941009811315481,1.115299
1616941009819946039,1616941009821452152,1.032773
1616941009830091787,1616941009831581387,1.015554
1616941009840191679,1616941009841635258,1.031888
1616941009850289174,1616941009851760874,1.05355
1616941009860505095,1616941009862124905,1.147518
1616941009870630481,1616941009872239434,1.181577
1616941009880782128,1616941009882374345,1.208388
1616941009890921206,1616941009892528901,1.188011
1616941009901082501,1616941009902731306,1.165845
1616941009911282775,1616941009912869027,1.10947
1616941009921518156,1616941009923075060,1.084689
1616941009931672877,1616941009933183004,1.077528
1616941009941847192,1616941009943326188,1.081576
1616941009952005450,1616941009953532203,1.121264
1616941009962102644,1616941009963640474,1.035913
1616941009972202738,1616941009973617004,0.888837
1616941009982318104,1616941009983882902,1.048242
1616941009992537121,1616941009994068918,1.055852
1616941010002694563,1616941010004156914,1.185043
1616941010012864423,1616941010014427448,1.166139
1616941010022891783,1616941010024495762,1.188153
1616941010032930191,1616941010034520751,1.17048
1616941010043033768,1616941010044547581,1.102216
1616941010053214764,1616941010054728994,1.039311
1616941010063452986,1616941010064979888,1.099969
1616941010073607742,1616941010075265732,1.177796
1616941010083714157,1616941010085317119,1.170815
1616941010093886237,1616941010095490062,1.175739
1616941010104111157,1616941010105755166,1.178748
1616941010114149752,1616941010115757351,1.202131
1616941010124368400,1616941010125958642,1.171127
1616941010134494412,1616941010136096433,1.173553
1616941010144598853,1616941010146272403,1.263424
1616941010154667941,1616941010156288941,1.22236
1616941010164818839,1616941010166436903,1.202417
1616941010175062606,1616941010176619626,1.123596
1616941010185210691,1616941010186822451,1.129601
1616941010195436882,1616941010197036685,1.127299
1616941010205556502,1616941010207131559,1.084089
1616941010215714198,1616941010217333568,1.16411
1616941010225787695,1616941010227283241,1.059593
1616941010236013057,1616941010237602080,1.119268
1616941010246182248,1616941010247708936,1.041222
1616941010256406373,1616941010257958893,1.078304
1616941010266574106,1616941010268101535,1.095256
1616941010276734910,1616941010278289667,1.153308
1616941010286968203,1616941010288580949,1.188172
1616941010297152443,1616941010298819240,1.210862
1616941010307295454,1616941010308829833,1.052222
1616941010317499133,1616941010319024194,1.150037
1616941010327658082,1616941010329211107,1.337523
1616941010337760606,1616941010339315061,1.066601
1616941010347869319,1616941010349315824,0.962032
1616941010357979637,1616941010359561648,1.089409
1616941010368089844,1616941010369536840,0.937712
1616941010378201193,1616941010379646452,0.961327
1616941010388308649,1616941010389822694,1.014758
1616941010398412527,1616941010399916693,1.012661
1616941010408581254,1616941010410116388,1.034434
1616941010418713028,1616941010420195572,0.994037
1616941010428931102,1616941010430404181,0.968733
1616941010439025489,1616941010440459203,0.927865
1616941010449180704,1616941010450684472,0.995929
1616941010459282240,1616941010460749388,1.040274
1616941010469495491,1616941010470962101,1.006584
1616941010479718715,1616941010481229733,1.073957
1616941010489942271,1616941010491438437,1.057524
1616941010500179849,1616941010501672717,1.046468
1616941010510348098,1616941010511936994,1.098051
1616941010520566160,1616941010522445091,1.590181
1616941010530689859,1616941010532238530,1.036072
1616941010540912036,1616941010542566441,1.275527
1616941010551128221,1616941010552608215,1.080794
1616941010561344531,1616941010562839531,1.059944
1616941010571559137,1616941010573094947,1.07662
1616941010581788329,1616941010583372414,1.151502
1616941010592009223,1616941010593511902,1.067636
1616941010602175337,1616941010603719197,1.091421
1616941010612396159,1616941010613916791,1.083766
1616941010622567883,1616941010624097500,1.110381
1616941010632735015,1616941010634231328,1.054661
1616941010642905915,1616941010644397055,1.100091
1616941010653126461,1616941010654668864,1.121498
1616941010663346801,1616941010664841589,1.057904
1616941010673575929,1616941010675182255,1.185773
1616941010683741044,1616941010685254058,1.104198
1616941010693967616,1616941010695568561,1.200875
1616941010704215917,1616941010705870358,1.221203
1616941010714387607,1616941010716005361,1.203144
1616941010724610938,1616941010726262972,1.246533
1616941010734778947,1616941010736392499,1.218759
1616941010744998394,1616941010746574303,1.156981
1616941010755233398,1616941010756868608,1.196521
1616941010765455200,1616941010767018047,1.055905
1616941010775688913,1616941010777217946,1.13006
1616941010785906432,1616941010787523719,1.19037
1616941010796138644,1616941010797735169,1.111568
1616941010806309365,1616941010808012557,1.290279
1616941010816533113,1616941010818085699,1.137703
1616941010826702982,1616941010828200466,1.075146
1616941010836936323,1616941010838588442,1.202304
1616941010847097170,1616941010848822915,1.240296
1616941010857320056,1616941010858934809,1.140433
1616941010867495422,1616941010869033382,1.091292
1616941010877673214,1616941010879264986,1.161549
1616941010887892191,1616941010889428112,1.121599
1616941010898113298,1616941010899736246,1.205458
1616941010908287899,1616941010909994653,1.254757
1616941010918469093,1616941010920041586,1.086318
1616941010928688102,1616941010930238553,1.064007
1616941010938849720,1616941010940358283,1.055307
1616941010948966897,1616941010950669221,1.18792
1616941010959184632,1616941010960887604,1.218675
1616941010969402759,1616941010970983138,1.091747
1616941010979625559,1616941010981257765,1.1377
1616941010989843299,1616941010991386254,1.118171
1616941011000075957,1616941011001728795,1.228184
1616941011010187494,1616941011011739117,1.13459
1616941011020415200,1616941011022120478,1.309415
1616941011030543443,1616941011032116807,1.096726
1616941011040734169,1616941011042268577,1.089791
1616941011050904745,1616941011052594440,1.266154
1616941011061079467,1616941011062710494,1.202762
1616941011071300280,1616941011072891574,1.114936
1616941011081531835,1616941011083105401,1.152374
1616941011091750993,1616941011093304509,1.129812
1616941011101973980,1616941011103564396,1.159997
1616941011112145302,1616941011113703816,1.151159
1616941011122269160,1616941011123867249,1.156732
1616941011132498979,1616941011134064344,1.155269
1616941011142682549,1616941011144202907,1.067807
1616941011152903644,1616941011154530466,1.169785
1616941011163135942,1616941011164694378,1.072729
1616941011173370645,1616941011174943711,1.087501
1616941011183603874,1616941011185184067,1.105601
1616941011193829285,1616941011195447673,1.128308
1616941011204048972,1616941011205738016,1.211256
1616941011214196672,1616941011215900591,1.238435
1616941011224309739,1616941011225826910,1.038943
1616941011234424352,1616941011236041101,1.167728
1616941011244540006,1616941011246191969,1.230268
1616941011254662003,1616941011256297240,1.156586
1616941011264836734,1616941011266393491,1.131613
1616941011274966345,1616941011276533009,1.074044
1616941011285188279,1616941011286707755,1.046883
1616941011295353883,1616941011296979956,1.145511
1616941011305571390,1616941011307210622,1.157208
1616941011315793112,1616941011317496604,1.728555
1616941011325953812,1616941011327520717,1.104766
1616941011336168535,1616941011338055459,1.384005
1616941011346360769,1616941011347911916,1.055092
1616941011356573011,1616941011358247929,1.189336
1616941011366729757,1616941011368314916,1.091114
1616941011376950438,1616941011378576496,1.1629
1616941011387049232,1616941011388717909,1.187515
1616941011397266441,1616941011398853393,1.094265
1616941011407430412,1616941011408963409,1.002487
1616941011417531122,1616941011419108867,1.087411
1616941011427628765,1616941011429145246,1.058874
1616941011437784537,1616941011439391842,1.110332
1616941011447880573,1616941011449591256,1.244713
1616941011458137024,1616941011459770995,1.149628
1616941011468379466,1616941011469918505,1.115974
1616941011478454745,1616941011479943502,0.992755
1616941011488608424,1616941011490193974,1.084174
1616941011498775517,1616941011500289533,1.006283
1616941011508997173,1616941011510653243,1.180406
1616941011519143213,1616941011520750972,1.137666
1616941011529361689,1616941011530937474,1.093025
1616941011539552417,1616941011541187618,1.170879
1616941011549650817,1616941011551194727,1.064606
1616941011559806820,1616941011561322731,1.0371
1616941011569962997,1616941011571653553,1.218548
1616941011580065339,1616941011581659790,1.146097
1616941011590139571,1616941011591794087,1.166616
1616941011600262366,1616941011601789885,1.049221
1616941011610417052,1616941011612060137,1.228649
1616941011620452462,1616941011622033331,1.099857
1616941011630553799,1616941011632168885,1.145337
1616941011640712023,1616941011642363176,1.1653
1616941011650875813,1616941011652531931,1.179395
1616941011661022876,1616941011662690602,1.227181
1616941011671177793,1616941011672690699,1.021485
1616941011681336113,1616941011682870489,1.058801
1616941011691559142,1616941011693078296,1.048358
1616941011701789109,1616941011703338062,1.064445
1616941011711840059,1616941011713399615,1.149689
1616941011721992110,1616941011723616220,1.143919
1616941011732153132,1616941011733788297,1.158115
1616941011742227741,1616941011743755011,1.376141
1616941011752453659,1616941011754040645,1.162595
1616941011762563968,1616941011764086165,1.090264
1616941011772709544,1616941011774227334,1.065583
1616941011782805344,1616941011784371306,1.106402
1616941011793028012,1616941011794649216,1.139138
1616941011803208712,1616941011804728743,1.08534
1616941011813424445,1616941011814984176,1.091948
1616941011823657782,1616941011825197414,1.112356
1616941011833754691,1616941011835348891,1.188501
1616941011843997252,1616941011845558882,1.134467
1616941011854103993,1616941011855798606,1.24785
1616941011864208059,1616941011865720748,1.08991
1616941011874319288,1616941011875844164,1.107272
1616941011884543526,1616941011886139076,1.107432
1616941011894715936,1616941011896305284,1.162572
1616941011904953801,1616941011906671443,1.255917
1616941011915184538,1616941011916868938,1.274562
1616941011925418455,1616941011927026207,1.121996
1616941011935647717,1616941011937235271,1.18281
1616941011945868570,1616941011947443862,1.156072
1616941011956094604,1616941011957715520,1.127578
1616941011966230886,1616941011967783610,1.051904
1616941011976454409,1616941011978048891,1.091603
1616941011986620947,1616941011988155907,1.02468
1616941011996886365,1616941011998411774,9.240488
1616941012007005403,1616941012008657344,1.115117
1616941012017104263,1616941012018658157,0.999806
1616941012027195825,1616941012028751253,1.027504
1616941012037286965,1616941012038852175,1.026803
1616941012047379165,1616941012048914433,1.002604
1616941012057512404,1616941012059089336,1.049489
1616941012067676032,1616941012069240903,1.028651
1616941012077719032,1616941012079285160,1.026228
1616941012087845435,1616941012089430424,1.072538
1616941012098009505,1616941012099639486,1.145237
1616941012108180979,1616941012109835749,1.253708
1616941012118344690,1616941012119881582,1.103682
1616941012128509543,1616941012130174979,1.204918
1616941012138631410,1616941012140192508,1.133271
1616941012148864929,1616941012150401471,1.104506
1616941012159018780,1616941012160575029,1.12142
1616941012169232449,1616941012170770238,1.124378
1616941012179391082,1616941012180977420,1.170812
1616941012189628417,1616941012191165325,1.11318
1616941012199861845,1616941012201378073,1.083138
1616941012210102915,1616941012211632739,1.114627
1616941012220336348,1616941012221907624,1.129803
1616941012230503150,1616941012232146190,1.240159
1616941012240678919,1616941012242354321,1.215346
1616941012250836657,1616941012252492450,1.237671
1616941012261072593,1616941012262769512,1.230901
1616941012271232198,1616941012272814981,1.164869
1616941012281453538,1616941012283019429,1.078328
1616941012291641994,1616941012293132183,1.06394
1616941012301812123,1616941012303305414,1.066882
1616941012311981796,1616941012313620598,1.230891
1616941012322154192,1616941012323720611,1.094842
1616941012332389831,1616941012333940646,1.136662
1616941012342554435,1616941012344149378,1.162923
1616941012352790373,1616941012354371368,1.195768
1616941012362949052,1616941012364455156,1.136074
1616941012373200408,1616941012374782459,1.180141
1616941012383428070,1616941012385094541,1.251382
1616941012393642691,1616941012395202272,1.141881
1616941012403886300,1616941012405504547,1.188885
1616941012414082940,1616941012415650699,1.103215
1616941012424271908,1616941012425774945,1.071372
1616941012434439861,1616941012436075701,1.227448
1616941012444613953,1616941012446156116,1.058679
1616941012454786722,1616941012456336564,1.121981
1616941012465015066,1616941012466587769,1.155293
1616941012475235554,1616941012476737933,1.076819
1616941012485453245,1616941012486988302,1.09266
1616941012495633616,1616941012497154356,1.097894
1616941012505852649,1616941012507365625,1.077735
1616941012516071193,1616941012517559268,1.08692
1616941012526235163,1616941012527771732,1.107864
1616941012536473990,1616941012538033037,1.145638
1616941012546633208,1616941012548139741,1.087018
1616941012556804515,1616941012558371234,1.151793
1616941012566966214,1616941012568537200,1.16076
1616941012577183110,1616941012578678752,1.092305
1616941012587403691,1616941012589005486,1.182623
1616941012597631890,1616941012599182939,1.130978
1616941012607851284,1616941012609468731,1.201197
1616941012618095629,1616941012619690197,1.203295
1616941012628255235,1616941012629797245,1.072797
1616941012638423775,1616941012639929923,1.11196
1616941012648654801,1616941012650325523,1.255664
1616941012658814253,1616941012660437138,1.217708
1616941012669036796,1616941012670649517,1.190674
1616941012679162762,1616941012680745672,1.195066
1616941012689287090,1616941012690875391,1.100849
1616941012699514744,1616941012701172587,1.241699
1616941012709737042,1616941012711299022,1.138001
1616941012719982845,1616941012721504209,1.107993
1616941012730167709,1616941012731791980,1.142355
1616941012740390368,1616941012742017114,1.211228
1616941012750568702,1616941012752206112,1.211337
1616941012760787583,1616941012762318981,1.123592
1616941012771013878,1616941012772658648,1.180911
1616941012781137323,1616941012782708002,1.109542
1616941012791354813,1616941012792945998,1.180794
1616941012801587126,1616941012803242686,1.237332
1616941012811816187,1616941012813388682,1.160987
1616941012822035284,1616941012823628120,1.170296
1616941012832255204,1616941012833841350,1.098099
1616941012842424186,1616941012844111897,1.287916
1616941012852652900,1616941012854294622,1.220146
1616941012862810629,1616941012864363729,1.153583
1616941012873024727,1616941012874641859,1.220286
1616941012883131319,1616941012884752997,1.164198
1616941012893351050,1616941012894970860,1.11382
1616941012903563005,1616941012905069507,1.070807
1616941012913776915,1616941012915333821,1.120019
1616941012923996320,1616941012926066246,1.91845
1616941012934153949,1616941012935746738,1.165337
1616941012944332584,1616941012945986606,1.173477
1616941012954453888,1616941012955950313,1.007707
1616941012964679137,1616941012966230423,1.129959
1616941012974847230,1616941012976468350,1.207295
1616941012985077556,1616941012986789550,1.301945
1616941012995253048,1616941012996802590,1.084375
1616941013005413622,1616941013006886009,1.057655
1616941013015637205,1616941013023496620,7.457711
1616941013025855285,1616941013027360250,1.039712
1616941013036072729,1616941013037523147,1.076218
1616941013046223273,1616941013047805041,1.177892
1616941013056392106,1616941013058048160,1.174939
1616941013066563237,1616941013068166997,1.200589
1616941013076784600,1616941013078364364,1.154016
1616941013086954823,1616941013089056646,1.702568
1616941013097146682,1616941013098798253,1.183867
1616941013107297887,1616941013108908824,1.124753
1616941013117400287,1616941013118929977,1.06801
1616941013127502194,1616941013129049439,1.048755
1616941013137663311,1616941013139088095,0.940873
1616941013147704363,1616941013149108946,1.013206
1616941013157810809,1616941013159262629,0.972446
1616941013167915292,1616941013169368676,0.980291
1616941013178153197,1616941013179660633,1.0371
1616941013188214599,1616941013189680371,1.021725
1616941013198318797,1616941013199758729,0.960328
1616941013208476100,1616941013209999381,1.066021
1616941013218652222,1616941013220133449,1.028389
1616941013228690729,1616941013230256499,1.070758
1616941013238793488,1616941013240303795,1.07135
1616941013248916385,1616941013250551773,1.239894
1616941013258978706,1616941013260517795,1.090584
1616941013268999985,1616941013270740058,1.279825
1616941013279169725,1616941013280846323,1.244887
1616941013289388642,1616941013291056313,1.199075
1616941013299485606,1616941013301190760,1.202129
1616941013309647854,1616941013311279003,1.146704
1616941013319872442,1616941013321425986,1.072103
1616941013329975740,1616941013331669459,1.219462
1616941013340157705,1616941013341831557,1.196853
1616941013350256563,1616941013351903265,1.172174
1616941013360421789,1616941013362099677,1.269759
1616941013370579237,1616941013372225541,1.175761
1616941013380714877,1616941013382353859,1.215928
1616941013390758372,1616941013392464719,1.227336
1616941013400814245,1616941013402532499,1.32385
1616941013410847508,1616941013412558966,1.287755
1616941013420951661,1616941013422645496,1.261865
1616941013431189311,1616941013432937148,1.356735
1616941013441289279,1616941013442996311,1.237074
1616941013451352140,1616941013453041547,1.265753
1616941013461585175,1616941013463295009,1.234713
1616941013471745987,1616941013473509368,1.256918
1616941013481778015,1616941013483421121,1.170036
1616941013491827605,1616941013493401663,1.085841
1616941013501984748,1616941013503670441,1.210749
1616941013512052707,1616941013513768516,1.237809
1616941013522164284,1616941013523825400,1.200932
1616941013532344186,1616941013534016218,1.200274
1616941013542441541,1616941013544152835,1.234825
1616941013552598315,1616941013554330863,1.25074
1616941013562757098,1616941013564296989,1.031486
1616941013572987928,1616941013574687118,1.233246
1616941013583213402,1616941013584846493,1.158086
1616941013593258860,1616941013594910773,1.194677
1616941013603355693,1616941013605018200,1.20258
1616941013613384048,1616941013615021197,1.141356
1616941013623543645,1616941013625088660,1.081605
1616941013633586483,1616941013635126606,1.044268
1616941013643784802,1616941013645419910,1.140293
1616941013653962259,1616941013655670102,1.25912
1616941013664156091,1616941013665788667,1.18751
1616941013674279977,1616941013675962143,1.227997
1616941013684464256,1616941013686095545,1.179325
1616941013694641029,1616941013696218596,1.085728
1616941013704813904,1616941013706348658,1.050614
1616941013714992240,1616941013716698197,1.53509
1616941013725167800,1616941013726744423,1.089617
1616941013735343267,1616941013736963291,1.186868
1616941013745520151,1616941013747239582,1.263924
1616941013755696901,1616941013757309727,1.107397
1616941013765882277,1616941013767469997,1.125448
1616941013776059198,1616941013777532556,0.980511
1616941013786235329,1616941013787806672,1.113161
1616941013796408936,1616941013797914068,1.090265
1616941013806574754,1616941013808044669,1.090113
1616941013816744590,1616941013818210050,1.009604
1616941013826964401,1616941013828521809,1.087641
1616941013837141537,1616941013838657213,1.01988
1616941013847316783,1616941013848977280,1.215341
1616941013857491259,1616941013859102320,1.11366
1616941013867677455,1616941013869283936,1.140226
1616941013877852115,1616941013879430896,1.153021
1616941013888028562,1616941013889587816,1.068927
1616941013898176915,1616941013899717090,1.069325
1616941013908354584,1616941013909898380,1.056307
1616941013918468911,1616941013920091412,1.196995
1616941013928638100,1616941013930128794,1.076492
1616941013938792545,1616941013940390175,1.208882
1616941013948961019,1616941013950643167,1.282417
1616941013959119630,1616941013960732010,1.098431
1616941013969283637,1616941013970781357,1.008245
1616941013979475749,1616941013981049971,1.07861
1616941013989644324,1616941013991177066,1.124054
1616941013999818974,1616941014001405846,1.175337
1616941014009986147,1616941014011617422,1.151778
1616941014020209139,1616941014021845709,1.148339
1616941014030382956,1616941014031996844,1.190426
1616941014040616428,1616941014042190477,1.165584
1616941014050786763,1616941014052394327,1.193368
1616941014061004541,1616941014062483929,1.108947
1616941014071223831,1616941014072877549,1.252801
1616941014081453693,1616941014082975339,1.107751
1616941014091673428,1616941014093197993,1.094465
1616941014101892129,1616941014103484518,1.142976
1616941014112019043,1616941014113563334,1.052476
1616941014122243357,1616941014123695282,0.951615
1616941014132465163,1616941014133995573,1.068886
1616941014142644333,1616941014144177913,1.055419
1616941014152872773,1616941014154411506,1.062955
1616941014163103704,1616941014164665588,1.101695
1616941014173280983,1616941014174841154,1.146355
1616941014183505157,1616941014185114862,1.141024
1616941014193756143,1616941014195365249,1.133481
1616941014203977330,1616941014205598859,1.132417
1616941014214181442,1616941014215786863,1.121999
1616941014224307908,1616941014226009058,1.287567
1616941014234484807,1616941014236101103,1.200563
1616941014244699208,1616941014246256276,1.136181
1616941014254869564,1616941014256403720,1.112961
1616941014265117140,1616941014266679956,1.166984
1616941014275283696,1616941014276898573,1.167446
1616941014285508180,1616941014287063525,1.12969
1616941014295747472,1616941014297237086,1.042212
1616941014305915212,1616941014307483029,1.056274
1616941014316134780,1616941014317715963,1.115789
1616941014326309570,1616941014327843661,1.136074
1616941014336481593,1616941014338047528,1.143753
1616941014346599132,1616941014348123604,1.041385
1616941014356720099,1616941014358272935,1.121392
1616941014366880294,1616941014368508512,1.219912
1616941014377104436,1616941014378774210,1.189484
1616941014387262156,1616941014388871349,1.158813
1616941014397442818,1616941014398951429,1.035162
1616941014407659972,1616941014413327049,5.240356
1616941014417773718,1616941014419231197,0.948797
1616941014427991272,1616941014429547932,1.053767
1616941014438162017,1616941014439701848,1.122492
1616941014448359128,1616941014450019983,1.233668
1616941014458528133,1616941014460224222,1.292352
1616941014468751074,1616941014470460474,1.371651
1616941014478904232,1616941014480535599,1.149202
1616941014489131754,1616941014490715686,1.184077
1616941014499359440,1616941014500974095,1.175598
1616941014509581240,1616941014511168406,1.161516
1616941014519749863,1616941014521381832,1.155409
1616941014529983680,1616941014532123533,1.809556
1616941014540081170,1616941014541724928,1.229858
1616941014550334114,1616941014551919386,1.155418
1616941014560575217,1616941014562108681,1.090417
1616941014570759750,1616941014572435125,1.260637
1616941014580920250,1616941014582661233,1.343412
1616941014591151979,1616941014592748589,1.178447
1616941014601384748,1616941014602972204,1.151122
1616941014611552376,1616941014613084555,1.040291
1616941014621675797,1616941014623206062,1.056061
1616941014631788332,1616941014633221397,0.934362
1616941014641894845,1616941014643409978,1.036485
1616941014652003590,1616941014653583925,1.127747
1616941014662130542,1616941014663713858,1.086015
1616941014672252659,1616941014673778402,1.112884
1616941014682357206,1616941014684022058,1.205467
1616941014692513407,1616941014694162476,1.19431
1616941014702678525,1616941014704240995,1.082385
1616941014712787111,1616941014714382440,1.123612
1616941014722902096,1616941014724501246,1.10633
1616941014733005240,1616941014734616783,1.175326
1616941014743167335,1616941014744767280,1.183474
1616941014753338147,1616941014754827243,1.008016
1616941014763495904,1616941014765049033,1.1346
1616941014773664904,1616941014775312417,1.218281
1616941014783793702,1616941014785442633,1.170819
1616941014793909266,1616941014795520967,1.124685
1616941014804020616,1616941014805763887,1.262277
1616941014814124494,1616941014815696660,1.104206
1616941014824291080,1616941014825984014,1.276631
1616941014834405527,1616941014836016568,1.218515
1616941014844521941,1616941014846182409,1.263338
1616941014854637326,1616941014856279712,1.256831
1616941014864830524,1616941014866819024,1.519697
1616941014874987322,1616941014876630306,1.169011
1616941014885053157,1616941014886608340,1.133584
1616941014895146480,1616941014896764914,1.177956
1616941014905398326,1616941014906933326,1.058967
1616941014915500833,1616941014917062401,1.080198
1616941014925651295,1616941014927290196,1.153974
1616941014935691032,1616941014937421208,1.256406
1616941014945797830,1616941014947491157,1.209838
1616941014955844582,1616941014957506848,1.182744
1616941014965917726,1616941014967486236,1.103182
1616941014976090018,1616941014977766015,1.168191
1616941014986191649,1616941014987911819,1.242261
1616941014996287220,1616941014998027800,1.262822
1616941015006335246,1616941015007962078,1.152944
1616941015016433719,1616941015018044281,1.144587
1616941015026540260,1616941015028203088,1.181745
1616941015036688637,1616941015038355402,1.188957
1616941015046847663,1616941015048530778,1.21546
1616941015056947686,1616941015058565172,1.176466
1616941015067113533,1616941015068708794,1.101688
1616941015077288821,1616941015078946602,1.166829
1616941015087389676,1616941015089061814,1.202033
1616941015097564654,1616941015099166436,1.127565
1616941015107740860,1616941015109435885,1.228887
1616941015117901780,1616941015119573792,1.189865
1616941015127981110,1616941015129632629,1.276575
1616941015138154104,1616941015139828961,1.1831
1616941015148372928,1616941015150041570,1.185997
1616941015158477801,1616941015160122038,1.152253
1616941015168653016,1616941015170309784,1.189179
1616941015178813474,1616941015180469131,1.196068
1616941015188965457,1616941015190721932,1.28919
1616941015199120351,1616941015200810001,1.226646
1616941015209275766,1616941015210923092,1.182081
1616941015219372516,1616941015220980029,1.209784
1616941015229429779,1616941015231083755,1.179504
1616941015239647086,1616941015241308808,1.225317
1616941015249881442,1616941015251650691,1.297558
1616941015260031872,1616941015261648929,1.152689
1616941015270103100,1616941015271730159,1.144872
1616941015280205523,1616941015281791344,1.109277
1616941015290318803,1616941015291960156,1.154744
1616941015300484287,1616941015302169280,1.212263
1616941015310522766,1616941015312224411,1.214985
1616941015320705616,1616941015322827816,1.736654
1616941015330865200,1616941015332516080,1.156579
1616941015340918583,1616941015342712988,1.324659
1616941015351038348,1616941015352638563,1.109582
1616941015361135230,1616941015362833220,1.31248
1616941015371294546,1616941015372816665,1.051818
1616941015381414169,1616941015383016152,1.105809
1616941015391508501,1616941015393068625,1.082072
1616941015401736789,1616941015403352760,1.150292
1616941015411839976,1616941015413397779,1.064244
1616941015421947233,1616941015423558549,1.123016
1616941015432106143,1616941015433694802,1.099006
1616941015442213981,1616941015443775092,1.059117
1616941015452433540,1616941015454011332,1.093652
1616941015462599348,1616941015464170238,1.129539
1616941015472817415,1616941015474547816,1.316638
1616941015482984663,1616941015484595958,1.128259
1616941015493167781,1616941015494792113,1.162041
1616941015503328238,1616941015504870798,1.086572
1616941015513573135,1616941015515107560,1.08455
1616941015523791961,1616941015525306077,1.076463
1616941015533969578,1616941015535599203,1.191035
1616941015544185848,1616941015545713989,1.091071
1616941015554308686,1616941015555896126,1.158884
1616941015564535995,1616941015566040057,1.053763
1616941015574661010,1616941015576250613,1.194208
1616941015584828436,1616941015586394061,1.154818
1616941015595045895,1616941015596681964,1.217408
1616941015605265428,1616941015606830045,1.090433
1616941015615488148,1616941015617159904,1.18948
1616941015625744147,1616941015627392089,1.160526
1616941015635990514,1616941015637560863,1.178205
1616941015646236921,1616941015647883174,1.241647
1616941015656461721,1616941015658014447,1.079714
1616941015666631406,1616941015668287654,1.244787
1616941015676863964,1616941015678413381,1.139833
1616941015687085904,1616941015688707004,1.202572
1616941015697260025,1616941015698865018,1.119157
1616941015707482397,1616941015709026898,1.152487
1616941015717706949,1616941015719337961,1.220475
1616941015727835660,1616941015729494636,1.256554
1616941015738091357,1616941015739630550,1.095271
1616941015748262107,1616941015749894861,1.223428
1616941015758441694,1616941015760074226,1.203246
1616941015768569695,1616941015770151843,1.106062
1616941015778687126,1616941015780194433,1.087649
1616941015788912198,1616941015790513254,1.213149
1616941015799084677,1616941015800743909,1.193891
1616941015809312223,1616941015810825245,1.020232
1616941015819533847,1616941015821019806,1.048771
1616941015829704037,1616941015831297555,1.172539
1616941015839880371,1616941015841418014,1.113787
1616941015850081630,1616941015851546558,1.016127
1616941015860322952,1616941015861846828,1.099707
1616941015870496684,1616941015871997003,1.057668
1616941015880672047,1616941015882209196,1.145309
1616941015890848132,1616941015892445762,1.16245
1616941015901069485,1616941015902733660,1.242915
1616941015911246735,1616941015912829313,1.174885
1616941015921430973,1616941015923049189,1.138431
1616941015931649588,1616941015933124653,1.051301
1616941015941883674,1616941015943362305,1.052131
1616941015952060773,1616941015953508010,0.956186
1616941015962217539,1616941015963897454,1.19701
1616941015972306413,1616941015973752379,0.927007
1616941015982469220,1616941015984000007,1.029959
1616941015992637246,1616941015994160681,1.063622
1616941016002809176,1616941016004427395,1.107795
1616941016013042703,1616941016014724695,1.203987
1616941016023279314,1616941016024817132,1.100392
1616941016033507274,1616941016035011256,1.015384
1616941016043680138,1616941016045240521,1.14161
1616941016053855890,1616941016055423954,1.142171
1616941016064075917,1616941016065688516,1.147649
1616941016074232014,1616941016075873683,1.128984
1616941016084467861,1616941016086240896,1.323502
1616941016094638709,1616941016096099956,0.973371
1616941016104859410,1616941016106395563,1.035719
1616941016115085901,1616941016116725175,1.246634
1616941016125304433,1616941016127646704,2.037705
1616941016135543118,1616941016137155317,1.130166
1616941016145714526,1616941016147390501,1.27897
1616941016155933016,1616941016157473002,1.054701
1616941016166170425,1616941016167737137,1.124472
1616941016176392169,1616941016177913204,1.091525
1616941016186525105,1616941016188208842,1.218005
1616941016196744663,1616941016198316597,1.153205
1616941016206963039,1616941016208599535,1.235246
1616941016217190396,1616941016218781893,1.163787
1616941016227318954,1616941016228875684,1.138661
1616941016237542956,1616941016239063013,1.072659
1616941016247763613,1616941016249353862,1.180805
1616941016257951205,1616941016259615269,1.241266
1616941016268173022,1616941016269740634,1.163753
1616941016278296575,1616941016279862187,1.129367
1616941016288413304,1616941016289902958,1.033739
1616941016298544348,1616941016300135995,1.175883
1616941016308765228,1616941016310418680,1.257383
1616941016318997196,1616941016320561353,1.151725
1616941016329229456,1616941016330656523,0.935832
1616941016339446931,1616941016341039439,1.156197
1616941016349686205,1616941016351229902,1.14966
1616941016359905836,1616941016361446396,1.119656
1616941016370159255,1616941016371663032,1.1008
1616941016380395433,1616941016381902037,1.083041
1616941016390564391,1616941016392132312,1.143514
1616941016400752087,1616941016402385372,1.211111
1616941016410968757,1616941016412470014,1.004745
1616941016421197284,1616941016422749260,1.142515
1616941016431415637,1616941016432983186,1.160409
1616941016441641880,1616941016443328389,1.26882
1616941016451874449,1616941016453426618,1.086142
1616941016462106340,1616941016463594794,1.082946
1616941016472329822,1616941016473895624,1.14909
1616941016482498449,1616941016484058149,1.148445
1616941016492740374,1616941016494369786,1.198598
1616941016502973244,1616941016504508889,1.111263
1616941016513168219,1616941016514682131,1.082011
1616941016523332824,1616941016524888571,1.189576
1616941016533498428,1616941016535025402,1.04944
1616941016543608649,1616941016545148566,1.051699
1616941016553764914,1616941016555456105,1.193368
1616941016563966413,1616941016565546881,1.103668
1616941016574096177,1616941016575726234,1.113312
1616941016584245911,1616941016585816442,1.06752
1616941016594408321,1616941016595974712,1.11968
1616941016604623430,1616941016606112894,1.082122
1616941016614790152,1616941016616355625,1.129555
1616941016624960849,1616941016626700684,1.28194
1616941016635192328,1616941016636871549,1.280669
1616941016645411570,1616941016647040957,1.219893
1616941016655637249,1616941016657299816,1.241348
1616941016665859921,1616941016667378717,1.59896
1616941016676056780,1616941016677616899,1.087818
1616941016686167378,1616941016687828599,1.187541
1616941016696424344,1616941016698153265,1.256011
1616941016706525856,1616941016708218163,1.338457
1616941016716604806,1616941016718224866,1.146022
1616941016726634042,1616941016728319796,1.254782
1616941016736866427,1616941016738566665,1.304375
1616941016747071266,1616941016748823510,1.273344
1616941016757209844,1616941016758881171,1.200648
1616941016767365031,1616941016768973224,1.213703
1616941016777454751,1616941016779056815,1.134222
1616941016787607263,1616941016789193050,1.180391
1616941016797738848,1616941016799320849,1.100303
1616941016807970543,1616941016809506747,1.071954
1616941016818161696,1616941016819756639,1.182183
1616941016828329646,1616941016830002553,1.178999
1616941016838433243,1616941016840011567,1.164456
1616941016848469878,1616941016850140312,1.281482
1616941016858583917,1616941016860294546,1.279154
1616941016868697274,1616941016870381516,1.242533
1616941016878860451,1616941016880451024,1.128448
1616941016888957910,1616941016890549557,1.134816
1616941016898995392,1616941016900649032,1.228185
1616941016909042111,1616941016910717580,1.213397
1616941016919117094,1616941016920748591,1.167691
1616941016929290409,1616941016931391410,1.874115
1616941016939505027,1616941016941014236,1.120581
1616941016949736037,1616941016951325035,1.091892
1616941016959855609,1616941016961367993,1.03973
1616941016969960265,1616941016971455638,1.048651
1616941016980086145,1616941016981590039,1.014932
1616941016990185560,1616941016991813512,1.124162
1616941017000275757,1616941017001818528,1.102457
1616941017010435370,1616941017012006293,1.07598
1616941017020505791,1616941017021987068,1.031029
1616941017030529470,1616941017031909400,0.976086
1616941017040625601,1616941017042162583,1.101426
1616941017050729612,1616941017052343930,1.240379
1616941017060783961,1616941017062311001,1.062228
1616941017071008289,1616941017072533310,1.05405
1616941017081077621,1616941017082717789,1.174135
1616941017091179803,1616941017092772583,1.182359
1616941017101336457,1616941017102842802,1.055888
1616941017111460307,1616941017112985440,1.112906
1616941017121562514,1616941017123109407,1.069497
1616941017131782293,1616941017133319702,1.057319
1616941017141827789,1616941017143398698,1.138813
1616941017151854279,1616941017153411696,1.133986
1616941017162094423,1616941017163613991,1.094791
1616941017172315125,1616941017173964880,1.231854
1616941017182488937,1616941017184053048,1.080715
1616941017192710732,1616941017194388760,1.250781
1616941017202933503,1616941017204613442,1.246882
1616941017213152987,1616941017214786864,1.201631
1616941017223383642,1616941017225026785,1.216197
1616941017233613044,1616941017235190281,1.149611
1616941017243846893,1616941017245437236,1.178159
1616941017254094897,1616941017255710435,1.20393
1616941017264316713,1616941017265917606,1.179748
1616941017274486008,1616941017276131905,1.226816
1616941017284708214,1616941017286350259,1.214288
1616941017294864651,1616941017296415378,1.075851
1616941017305088223,1616941017306780122,1.26686
1616941017315308055,1616941017316920491,1.20134
1616941017325559815,1616941017327160650,1.196014
1616941017335772035,1616941017337329441,1.125606
1616941017345991937,1616941017347617628,1.136782
1616941017356211987,1616941017357771566,1.091847
1616941017366381427,1616941017367952171,1.089027
1616941017376601126,1616941017378161053,1.143293
1616941017386829939,1616941017388383701,1.105645
1616941017397056883,1616941017398682491,1.216526
1616941017407287641,1616941017408875007,1.179344
1616941017417509469,1616941017419153783,1.231711
1616941017427729452,1616941017429352179,1.192789
1616941017437953502,1616941017439680387,1.298444
1616941017448112614,1616941017449760602,1.216786
1616941017458275675,1616941017459940852,1.272686
1616941017468496055,1616941017470173541,1.199321
1616941017478674178,1616941017480285235,1.20365
1616941017488833799,1616941017490402824,1.093186
1616941017499004458,1616941017500576651,1.05893
1616941017509224454,1616941017510885866,1.15002
1616941017519346414,1616941017520931446,1.165959
1616941017529566165,1616941017531203103,1.209538
1616941017539784911,1616941017541479331,1.28943
1616941017549998876,1616941017551648484,1.177086
1616941017560222472,1616941017561913808,1.272616
1616941017570392420,1616941017572103512,1.286009
1616941017580577846,1616941017582305994,1.317947
1616941017590693504,1616941017592309650,1.1266
1616941017600856376,1616941017602594495,1.288032
1616941017610977509,1616941017612665548,1.222872
1616941017621150860,1616941017622840328,1.235291
1616941017631380386,1616941017633126672,1.294555
1616941017641551679,1616941017643251196,1.228495
1616941017651717990,1616941017653388412,1.200598
1616941017661857457,1616941017663445295,1.114683
1616941017672077457,1616941017673665904,1.093014
1616941017682183528,1616941017683700649,1.037122
1616941017692349600,1616941017693888704,1.050277
1616941017702468183,1616941017704082105,1.187912
1616941017712588585,1616941017714135202,1.067576
1616941017722754464,1616941017724351681,1.113153
1616941017732917655,1616941017734983410,1.793235
1616941017742996590,1616941017744582228,1.174922
1616941017753230866,1616941017754746971,1.047199
1616941017763455945,1616941017764980264,1.08498
1616941017773683119,1616941017775193510,1.09289
1616941017783904939,1616941017785396433,1.061389
1616941017794140933,1616941017795650009,1.079722
1616941017804370832,1616941017805863158,1.055464
1616941017814541753,1616941017816131422,1.155133
1616941017824764934,1616941017826346081,1.151634
1616941017834986957,1616941017836524957,1.110485
1616941017845215165,1616941017846695835,1.075154
1616941017855457229,1616941017856990502,1.092028
1616941017865692221,1616941017867251018,1.07497
1616941017875912157,1616941017877585643,1.221517
1616941017886186825,1616941017887744178,1.114357
1616941017896408676,1616941017897923123,1.031321
1616941017906577944,1616941017908119169,1.04908
1616941017916812821,1616941017918537422,1.30447
1616941017927031697,1616941017928668754,1.189416
1616941017937158078,1616941017938759811,1.130212
1616941017947287910,1616941017948856746,1.08123
1616941017957417182,1616941017958988929,1.107565
1616941017967543543,1616941017969185879,1.176052
1616941017977717945,1616941017979354641,1.190279
1616941017987848069,1616941017989435812,1.093563
1616941017998087596,1616941017999698171,1.146416
1616941018008306525,1616941018009990725,1.210908
1616941018018476643,1616941018020001799,1.035248
1616941018028699731,1616941018030380103,1.200879
1616941018038874548,1616941018040568354,1.232298
1616941018049094908,1616941018050750521,1.215828
1616941018059257539,1616941018060860671,1.137119
1616941018069486915,1616941018071067713,1.129294
1616941018079704132,1616941018081263471,1.093261
1616941018089866632,1616941018091420308,1.082412
1616941018100090994,1616941018101654151,1.104655
1616941018110257468,1616941018111811811,1.090139
1616941018120485772,1616941018122012083,1.05013
1616941018130655718,1616941018132120170,0.968793
1616941018140888043,1616941018142386183,1.018193
1616941018151124887,1616941018152705316,1.109645
1616941018161341535,1616941018162928093,1.115248
1616941018171574171,1616941018173101292,1.041968
1616941018181800387,1616941018183390857,1.142936
1616941018191967026,1616941018193518469,1.053145
1616941018202235467,1616941018203910366,1.218025
1616941018212399779,1616941018213988898,1.115885
1616941018222516817,1616941018224104839,1.143099
1616941018232732536,1616941018234291151,1.089443
1616941018242898751,1616941018244467034,1.103644
1616941018253121170,1616941018254675974,1.085419
1616941018263355532,1616941018264901905,1.103619
1616941018273583686,1616941018275118589,1.101751
1616941018283810221,1616941018285381504,1.138084
1616941018294033782,1616941018295647328,1.210351
1616941018304256263,1616941018305822991,1.151701
1616941018314485842,1616941018316037093,1.143477
1616941018324715639,1616941018326390563,1.246783
1616941018334886000,1616941018336480255,1.213719
1616941018345104965,1616941018346555272,0.970182
1616941018355326097,1616941018359416327,3.680154
1616941018365507345,1616941018367012969,1.008754
1616941018375726666,1616941018377261315,1.115337
1616941018385902754,1616941018387490110,1.140552
1616941018396131092,1616941018397663616,1.212507
1616941018406312065,1616941018407930440,1.14866
1616941018416377014,1616941018418066552,1.211018
1616941018426499006,1616941018428194454,1.222943
1616941018436723720,1616941018438360422,1.274024
1616941018446786615,1616941018448431114,1.242766
1616941018456941373,1616941018458534859,1.206822
1616941018467097193,1616941018468778417,1.260761
1616941018477253656,1616941018478844340,1.113349
1616941018487275193,1616941018490879898,3.15201
1616941018497303868,1616941018498909399,1.160069
1616941018507460422,1616941018508973309,1.054769
1616941018517562992,1616941018519194935,1.179845
1616941018527716796,1616941018529266283,1.121487
1616941018537861035,1616941018539895042,1.634922
1616941018548097487,1616941018549610871,1.060336
1616941018558162348,1616941018559664879,1.033532
1616941018568317196,1616941018569831230,1.048345
1616941018578422429,1616941018580048673,1.163769
1616941018588565286,1616941018590156244,1.107689
1616941018598671801,1616941018600299713,1.21643
1616941018608827164,1616941018610504607,1.290525
1616941018619045729,1616941018620631608,1.173008
1616941018629087760,1616941018630723259,1.160623
1616941018639150140,1616941018640701054,1.159521
1616941018649394937,1616941018651011927,1.130581
1616941018659429544,1616941018661009959,1.161848
1616941018669451282,1616941018671078069,1.148075
1616941018679511562,1616941018681176224,1.224569
1616941018689609895,1616941018691160834,1.132971
1616941018699856611,1616941018701373684,1.083788
1616941018709969439,1616941018711585609,1.154054
1616941018720067058,1616941018721700649,1.211569
1616941018730178881,1616941018731864316,1.271501
1616941018740331330,1616941018742011398,1.272246
1616941018750423208,1616941018752092979,1.153705
1616941018760578844,1616941018762200975,1.141643
1616941018770677935,1616941018772292498,1.193574
1616941018780788082,1616941018782420243,1.233467
1616941018790892558,1616941018792519300,1.204143
1616941018801035975,1616941018802699030,1.219662
1616941018811142380,1616941018812805386,1.223715
1616941018821317563,1616941018822973179,1.18652
1616941018831474613,1616941018833071395,1.176818
1616941018841636488,1616941018843216265,1.152809
1616941018851735321,1616941018853433391,1.261488
1616941018861825245,1616941018863485200,1.187947
1616941018871979486,1616941018873637296,1.192986
1616941018882175115,1616941018883655436,1.023649
1616941018892338314,1616941018893953876,1.168563
1616941018902439594,1616941018903907246,0.994944
1616941018912611928,1616941018914090312,1.028574
1616941018922765482,1616941018924317404,1.074281
1616941018932798724,1616941018934435952,1.176886
1616941018943044691,1616941018944547865,1.046823
1616941018953259069,1616941018954790321,1.038598
1616941018963314037,1616941018964859826,1.124109
1616941018973532652,1616941018975078593,1.06801
1616941018983685104,1616941018985248445,1.082142
1616941018993785538,1616941018995317964,1.040599
1616941019003843819,1616941019005509966,1.237354
1616941019014084648,1616941019015690765,1.215298
1616941019024301413,1616941019025841555,1.070474
1616941019034399918,1616941019035991585,1.113722
1616941019044593982,1616941019046292215,1.221248
1616941019054750198,1616941019056426216,1.287062
1616941019064972098,1616941019066570758,1.20106
1616941019075073301,1616941019076677494,1.141269
1616941019085273059,1616941019086906252,1.148213
1616941019095327551,1616941019096971723,1.223188
1616941019105354248,1616941019106921145,1.087064
1616941019115381200,1616941019116992713,1.134677
1616941019125576568,1616941019127182853,1.125304
1616941019135681881,1616941019137273758,1.122568
1616941019145838213,1616941019147471888,1.150788
1616941019156010270,1616941019157564242,1.127609
1616941019166186407,1616941019167893483,1.305737
1616941019176412070,1616941019178004406,1.186162
1616941019186583887,1616941019188217852,1.160762
1616941019196815813,1616941019198365413,1.139802
1616941019207041757,1616941019208697234,1.182259
1616941019217213158,1616941019218798449,1.171437
1616941019227430876,1616941019229034318,1.177343
1616941019237684632,1616941019239344700,1.24149
1616941019247903118,1616941019249552177,1.240349
1616941019258095486,1616941019259640530,1.12648
1616941019268271624,1616941019269856573,1.164004
1616941019278440644,1616941019280067104,1.212186
1616941019288664993,1616941019290253486,1.165458
1616941019298852802,1616941019300412691,1.107739
1616941019309026087,1616941019310690647,1.192243
1616941019319205943,1616941019320793929,1.08243
1616941019329447058,1616941019331187431,1.990451
1616941019339623380,1616941019341229883,1.146912
1616941019349848824,1616941019351374464,1.123573
1616941019360043240,1616941019361538370,1.066463
1616941019370213187,1616941019371908064,1.273958
1616941019380430693,1616941019382794630,1.906049
1616941019390545145,1616941019392165343,1.24596
1616941019400764073,1616941019402342649,1.162226
1616941019411007173,1616941019412657686,1.31804
1616941019421242440,1616941019422765295,1.044026
1616941019431456924,1616941019433075793,1.211212
1616941019441676860,1616941019443246497,1.133496
1616941019451896530,1616941019453435373,1.060615
1616941019462127399,1616941019463715605,1.105738
1616941019472348170,1616941019473968359,1.196893
1616941019482522373,1616941019484113167,1.171741
1616941019492750617,1616941019494361063,1.178347
1616941019502980228,1616941019504522154,1.125296
1616941019513209005,1616941019514775870,1.150537
1616941019523443812,1616941019525041512,1.187318
1616941019533670107,1616941019535267669,1.168036
1616941019543842239,1616941019545453717,1.193862
1616941019554096834,1616941019555719465,1.177815
1616941019564334416,1616941019565957158,1.199843
1616941019574455575,1616941019576080220,1.195524
1616941019584684022,1616941019586268977,1.163222
1616941019594853120,1616941019596445716,1.182894
1616941019605083071,1616941019606617748,1.13478
1616941019615309338,1616941019616933484,1.201044
1616941019625535344,1616941019627044773,1.081509
1616941019635753110,1616941019637343997,1.15817
1616941019645974269,1616941019647596861,1.192798
1616941019656190078,1616941019657806239,1.179892
1616941019666411300,1616941019668071641,1.258247
1616941019676631685,1616941019678265156,1.238591
1616941019686791927,1616941019688350893,1.136661
1616941019697011164,1616941019698636428,1.238468
1616941019707235082,1616941019708817120,1.119559
1616941019717353447,1616941019718864496,1.080526
1616941019727572111,1616941019729141556,1.139471
1616941019737792709,1616941019739401286,1.133456
1616941019748013691,1616941019749581921,1.156444
1616941019758229255,1616941019759852647,1.196425
1616941019768452783,1616941019770068367,1.192556
1616941019778686276,1616941019780233286,1.118856
1616941019788917835,1616941019790603795,1.30826
1616941019799139286,1616941019800694151,1.079081
1616941019809310820,1616941019810910012,1.130657
1616941019819540351,1616941019821112435,1.163208
1616941019829760446,1616941019831287424,1.088704
1616941019839978958,1616941019841633061,1.235231
1616941019850218609,1616941019851778763,1.135624
1616941019860437075,1616941019862003630,1.127692
1616941019870606626,1616941019872160892,1.125977
1616941019880825547,1616941019882446691,1.261026
1616941019891058770,1616941019892644003,1.193278
1616941019901296798,1616941019902835585,1.148039
1616941019911519335,1616941019913008218,1.042541
1616941019921737999,1616941019923312560,1.111575
1616941019931956014,1616941019933451804,1.1015
1616941019942189723,1616941019943740198,1.11255
1616941019952414410,1616941019954008407,1.166051
1616941019962582793,1616941019964278616,1.20484
1616941019972683094,1616941019974216120,1.020638
1616941019982902745,1616941019984484703,1.096526
1616941019993135182,1616941019994766483,1.23234
1616941020003352724,1616941020004930552,1.184786
1616941020013534083,1616941020018618419,4.660743
1616941020023753708,1616941020025292020,1.201962
1616941020033974163,1616941020035561335,1.186823
1616941020044194284,1616941020045766096,1.179959
1616941020054320869,1616941020055939224,1.20599
1616941020064543007,1616941020066155320,1.196797
1616941020074712103,1616941020076416292,1.285825
1616941020084930702,1616941020086461415,1.112066
1616941020095157867,1616941020096707732,1.059184
1616941020105384611,1616941020106899955,1.085428
1616941020115602714,1616941020117076450,1.067364
1616941020125820873,1616941020127344209,1.060247
1616941020136038068,1616941020137938022,1.49973
1616941020146222315,1616941020147882919,1.214958
1616941020156440132,1616941020158099954,1.188639
1616941020166610400,1616941020168120914,1.583017
1616941020176791998,1616941020178412851,1.144772
1616941020187022431,1616941020188565272,1.069698
1616941020197122701,1616941020198701250,1.095054
1616941020207245973,1616941020208894155,1.190042
1616941020217351194,1616941020218867766,1.024516
1616941020227527359,1616941020229107154,1.110467
1616941020237624502,1616941020239204228,1.14732
1616941020247848932,1616941020249411239,1.069242
1616941020257951334,1616941020259462645,1.056268
1616941020268057995,1616941020269617972,1.068029
1616941020278163626,1616941020279780551,1.157687
1616941020288316393,1616941020289834955,1.029464
1616941020298443054,1616941020300057428,1.130375
1616941020308688419,1616941020310240866,1.039765
1616941020318849300,1616941020320338276,0.995745
1616941020329001162,1616941020330560062,1.127301
1616941020339223944,1616941020340746833,1.041529
1616941020349443474,1616941020350951031,1.015218
1616941020359669589,1616941020361213873,1.080664
1616941020369830641,1616941020371393765,1.069147
1616941020379932527,1616941020381542448,1.130156
1616941020390035205,1616941020391678298,1.155253
1616941020400254106,1616941020401804949,1.065347
1616941020410370186,1616941020411793199,0.931262
1616941020420592005,1616941020422096565,1.020459
1616941020430696892,1616941020432172303,0.987408
1616941020440785342,1616941020442244938,0.959616
1616941020450841234,1616941020452318046,0.954203
1616941020460937921,1616941020462355479,0.917184
1616941020471041928,1616941020472430381,0.858405
1616941020481135083,1616941020482554527,0.899573
1616941020491354216,1616941020492764741,0.953537
1616941020501566341,1616941020503075520,1.045459
1616941020511628968,1616941020513152239,1.028346
1616941020521647477,1616941020523204758,1.129339
1616941020531668823,1616941020533094859,0.991665
1616941020541816027,1616941020543255882,0.96953
1616941020552037831,1616941020553491510,0.996026
1616941020562161336,1616941020563775495,1.128797
1616941020572191354,1616941020573712461,1.067369
1616941020582303084,1616941020583906296,1.139479
1616941020592420210,1616941020593927815,1.094177
1616941020602565039,1616941020604156741,1.105942
1616941020612655785,1616941020614277366,1.120176
1616941020622756295,1616941020624362043,1.14014
1616941020632939718,1616941020634629835,1.235844
1616941020643093914,1616941020644568089,1.043036
1616941020653253691,1616941020654836537,1.092564
1616941020663411837,1616941020665073933,1.185221
1616941020673606763,1616941020675223110,1.193875
1616941020683828124,1616941020685467887,1.171226
1616941020694041025,1616941020695722151,1.20918
1616941020704272576,1616941020705943905,1.194356
1616941020714374244,1616941020716011379,1.146055
1616941020724478227,1616941020726047145,1.14881
1616941020734574326,1616941020736250231,1.263862
1616941020744726541,1616941020746426665,1.254159
1616941020754955006,1616941020756676475,1.235441
1616941020765175111,1616941020766870518,1.210401
1616941020775395610,1616941020776988077,1.111731
1616941020785617109,1616941020787167668,1.060866
1616941020795844719,1616941020797414478,1.085559
1616941020806095120,1616941020807632590,1.061695
1616941020816320969,1616941020817900312,1.100252
1616941020826496377,1616941020828095444,1.203172
1616941020836716449,1616941020838391177,1.259245
1616941020846888720,1616941020848549231,1.22989
1616941020857109049,1616941020858809615,1.223254
1616941020867330544,1616941020868958547,1.194183
1616941020877551008,1616941020879121644,1.085833
1616941020887790367,1616941020889330038,1.103668
1616941020898010238,1616941020899789183,1.363372
1616941020908230226,1616941020909907399,1.273595
1616941020918400240,1616941020920053445,1.228655
1616941020928621558,1616941020930237435,1.248808
1616941020938781400,1616941020941002214,2.017771
1616941020949004144,1616941020950673028,1.213104
1616941020959186872,1616941020960740934,1.14182
1616941020969423467,1616941020970949853,1.0852
1616941020979642841,1616941020981244048,1.180507
1616941020989819720,1616941020991346494,1.093331
1616941021000070414,1616941021001631887,1.137242
1616941021010231531,1616941021011732679,1.062965
1616941021020403909,1616941021022032989,1.199601
1616941021030626409,1616941021032181765,1.144967
1616941021040846288,1616941021042495803,1.255201
1616941021051089083,1616941021052683907,1.182194
1616941021061308629,1616941021062839446,1.120914
1616941021071526206,1616941021072992855,1.016541
1616941021081704165,1616941021083237395,1.045923
1616941021091920388,1616941021093477779,1.081946
1616941021102160454,1616941021103730008,1.097068
1616941021112379785,1616941021113905139,1.081311
1616941021122508505,1616941021124175916,1.263418
1616941021132747119,1616941021134304626,1.130233
1616941021142963799,1616941021144552904,1.173076
1616941021153181162,1616941021154720489,1.11682
1616941021163348038,1616941021164919533,1.158558
1616941021173582585,1616941021175103932,1.104152
1616941021183813275,1616941021185468448,1.245109
1616941021194034588,1616941021195679051,1.247787
1616941021204216533,1616941021205833874,1.200766
1616941021214340615,1616941021215881963,1.112692
1616941021224462462,1616941021226113003,1.213912
1616941021234585185,1616941021236122403,1.028567
1616941021244801932,1616941021246352281,1.033134
1616941021254937964,1616941021256482966,1.056691
1616941021265055734,1616941021266713176,1.202056
1616941021275237059,1616941021276791375,1.13382
1616941021285403122,1616941021286888263,1.014079
1616941021295512584,1616941021297042003,1.060133
1616941021305670305,1616941021307311658,1.182442
1616941021315824623,1616941021317226684,0.93388
1616941021325986776,1616941021327531719,1.021405
1616941021336218061,1616941021337795723,1.079504
1616941021346388005,1616941021347977952,1.079987
1616941021356605392,1616941021358274887,1.158282
1616941021366772539,1616941021368364154,1.069804
1616941021376990987,1616941021378500044,0.993486
1616941021387179117,1616941021388705035,1.046036
1616941021397347556,1616941021398848199,0.989555
1616941021407503933,1616941021409071017,1.062043
1616941021417680254,1616941021419344632,1.135813
1616941021427756935,1616941021429436252,1.123387
1616941021437867786,1616941021439504257,1.125474
1616941021448034411,1616941021449689672,1.188503
1616941021458189201,1616941021459787823,1.137161
1616941021468402753,1616941021469905242,1.001075
1616941021478523189,1616941021480020945,1.021154
1616941021488771656,1616941021490433837,1.263078
1616941021498925318,1616941021500566262,1.208967
1616941021509096964,1616941021510781440,1.20661
1616941021519259613,1616941021520831453,1.138051
1616941021529504605,1616941021531074927,1.08086
1616941021539742060,1616941021541346536,1.184009
1616941021549970112,1616941021551678990,1.296998
1616941021560206745,1616941021561819878,1.188616
1616941021570378512,1616941021571905935,1.091759
1616941021580597991,1616941021582229196,1.203093
1616941021590772636,1616941021592297073,1.032269
1616941021600990555,1616941021602639455,1.283696
1616941021611231841,1616941021612764674,1.101456
1616941021621444003,1616941021622972255,1.032839
1616941021631563903,1616941021633047232,1.096783
1616941021641784179,1616941021643280074,1.081105
1616941021652019134,1616941021653503483,1.055055
1616941021662241556,1616941021663806809,1.086527
1616941021672459916,1616941021673996484,1.104161
1616941021682624821,1616941021684131098,1.004508
1616941021692845892,1616941021694675263,1.371032
1616941021703066986,1616941021704574953,1.03366
1616941021713286372,1616941021714816313,1.04111
1616941021723445664,1616941021724955939,1.02029
1616941021733671917,1616941021735739906,1.857622
1616941021743805648,1616941021745397339,1.124877
1616941021754028247,1616941021755655004,1.227596
1616941021764213899,1616941021765793361,1.154257
1616941021774383071,1616941021775901581,1.109687
1616941021784615289,1616941021786291580,1.283165
1616941021794738613,1616941021796304412,1.081648
1616941021804905017,1616941021806515948,1.215112
1616941021815128552,1616941021816683666,1.142069
1616941021825352801,1616941021826928990,1.140782
1616941021835513224,1616941021837047220,1.104719
1616941021845735601,1616941021847339257,1.184477
1616941021855961776,1616941021857508959,1.137406
1616941021866169049,1616941021867706928,1.126234
1616941021876356284,1616941021877977168,1.213269
1616941021886480775,1616941021888079111,1.13106
1616941021896701225,1616941021898390821,1.805827
1616941021906895943,1616941021908562312,1.193722
1616941021917088624,1616941021918686478,1.122631
1616941021927221581,1616941021928737575,1.041533
1616941021937409149,1616941021938987971,1.102574
1616941021947573439,1616941021949175670,1.120603
1616941021957623883,1616941021959326718,1.228069
1616941021967791952,1616941021969392746,1.087357
1616941021977945210,1616941021979482369,1.038546
1616941021988057020,1616941021989603861,1.037515
1616941021998156298,1616941021999682541,1.054115
1616941022008252388,1616941022009854793,1.114536
1616941022018355024,1616941022019957297,1.109928
1616941022028454808,1616941022030027442,1.089345
1616941022038552266,1616941022040115147,1.077902
1616941022048647102,1616941022050260453,1.12798
1616941022058745612,1616941022060375391,1.198209
1616941022068851095,1616941022070441286,1.131085
1616941022078941250,1616941022080583877,1.154207
1616941022089040334,1616941022090670972,1.17038
1616941022099262926,1616941022100787317,1.038161
1616941022109321530,1616941022110958638,1.145654
1616941022119417866,1616941022121003282,1.106731
1616941022129436517,1616941022131042262,1.128873
1616941022139534918,1616941022141116130,1.213962
1616941022149636057,1616941022151211756,1.090963
1616941022159787253,1616941022161386270,1.159207
1616941022169944629,1616941022171577489,1.154476
1616941022180038957,1616941022181654269,1.212379
1616941022190168541,1616941022191844430,1.202579
1616941022200275722,1616941022201906502,1.173851
1616941022210437577,1616941022212131120,1.261086
1616941022220507561,1616941022222156136,1.188702
1616941022230564056,1616941022232373547,1.366497
1616941022240667666,1616941022242330554,1.261819
1616941022250694143,1616941022252358689,1.208891
1616941022260811011,1616941022262442351,1.188007
1616941022270919542,1616941022272570540,1.157787
1616941022281084845,1616941022282809176,1.25299
1616941022291192829,1616941022292899278,1.279695
1616941022301282629,1616941022302964996,1.212416
1616941022311457033,1616941022313030182,1.145117
1616941022321470789,1616941022323072996,1.114392
1616941022331640607,1616941022333174465,1.045498
1616941022341739826,1616941022343322272,1.076951
1616941022351898120,1616941022353401365,1.017803
1616941022362093339,1616941022363724955,1.173217
1616941022372192077,1616941022373786856,1.125172
1616941022382321521,1616941022383901752,1.091313
1616941022392400566,1616941022393897332,1.084167
1616941022402447750,1616941022410122336,7.265092
1616941022412687598,1616941022414184627,1.034384
1616941022422792122,1616941022424394654,1.14989
1616941022432890161,1616941022434373447,1.059656
1616941022442975679,1616941022444547287,1.144607
1616941022453023177,1616941022454695401,1.242476
1616941022463075076,1616941022464548919,0.981165
1616941022473182359,1616941022474730082,1.068239
1616941022483302407,1616941022485056548,1.256687
1616941022493503357,1616941022495012434,1.069737
1616941022503638138,1616941022505223185,1.099018
1616941022513742150,1616941022515306149,1.081502
1616941022523847898,1616941022525625020,1.584089
1616941022534041714,1616941022535610202,1.169785
1616941022544137653,1616941022545659400,1.089877
1616941022554183426,1616941022555816649,1.170101
1616941022564411718,1616941022566059168,1.226822
1616941022574534550,1616941022576207319,1.243124
1616941022584772328,1616941022586380394,1.182271
1616941022594943265,1616941022596539153,1.172523
1616941022605174564,1616941022606822067,1.189023
1616941022615394171,1616941022616972978,1.100807
1616941022625612506,1616941022627147657,1.036048
1616941022635842247,1616941022637416341,1.090242
1616941022646087249,1616941022647616706,1.090332
1616941022656333777,1616941022657892262,1.150914
1616941022666503326,1616941022668083486,1.174016
1616941022676721697,1616941022678283888,1.169685
1616941022686843265,1616941022688466662,1.231425
1616941022697018764,1616941022698677617,1.289424
1616941022707189114,1616941022708742711,1.114566
1616941022717410648,1616941022718954313,1.085517
1616941022727628566,1616941022729212398,1.132101
1616941022737850231,1616941022739384822,1.113612
1616941022748068758,1616941022749576393,1.045339
1616941022758191438,1616941022759793222,1.191729
1616941022768411149,1616941022770015895,1.191789
1616941022778580285,1616941022780140806,1.144319
1616941022788806467,1616941022790373789,1.130533
1616941022799022990,1616941022800587179,1.145213
1616941022809252906,1616941022810853245,1.173277
1616941022819478395,1616941022821049602,1.156872
1616941022829695599,1616941022831255094,1.137142
1616941022839868606,1616941022841425178,1.139401
1616941022850104078,1616941022851680327,1.150714
1616941022860322706,1616941022861851244,1.108789
1616941022870491513,1616941022872064764,1.146822
1616941022880709348,1616941022882252646,1.145353
1616941022890873688,1616941022892424539,1.123544
1616941022901096194,1616941022902728268,1.307262
1616941022911315043,1616941022912830576,1.032461
1616941022921562421,1616941022923090251,1.104537
1616941022931780861,1616941022933405285,1.214941
1616941022941999426,1616941022943644348,1.225032
1616941022952217293,1616941022953825263,1.191562
1616941022962386819,1616941022964009303,1.226004
1616941022972605673,1616941022974198164,1.178954
1616941022982780050,1616941022984375886,1.223281
1616941022992967947,1616941022994599807,1.222713
1616941023003192606,1616941023004807907,1.195238
1616941023013427644,1616941023014952794,1.089254
1616941023023651112,1616941023025248281,1.188495
1616941023033884298,1616941023035464029,1.151832
1616941023044105400,1616941023045697240,1.20041
1616941023054279820,1616941023055880350,1.175718
1616941023064450949,1616941023066022668,1.151902
1616941023074623494,1616941023076234891,1.193293
1616941023084792762,1616941023086364050,1.159293
1616941023094960363,1616941023096547638,1.100592
1616941023105127555,1616941023106709460,1.170866
1616941023115293358,1616941023116926700,1.227104
1616941023125522636,1616941023127147681,1.221764
1616941023135691712,1616941023137296788,1.179825
1616941023145858763,1616941023147470237,1.189552
1616941023156028273,1616941023157668399,1.219588
1616941023166147837,1616941023167707037,1.076318
1616941023176312871,1616941023177989528,1.193835
1616941023186436552,1616941023188010246,1.115915
1616941023196605313,1616941023198201284,1.178036
1616941023206777821,1616941023208373708,1.214977
1616941023216901957,1616941023218523012,1.220474
1616941023227026972,1616941023228650988,1.212933
1616941023237150250,1616941023238846518,1.218975
1616941023247310885,1616941023248857101,1.124206
1616941023257433292,1616941023258958441,1.098107
1616941023267604859,1616941023269157980,1.125227
1616941023277783930,1616941023279459625,1.253888
1616941023287959305,1616941023289607143,1.223539
1616941023298144850,1616941023299812404,1.243046
1616941023308319168,1616941023309938147,1.206006
1616941023318499337,1616941023320620156,1.876185
1616941023328664665,1616941023330367472,1.30589
1616941023338823127,1616941023340470002,1.22351
1616941023349068676,1616941023350689885,1.240166
1616941023359175842,1616941023360840360,1.242396
1616941023369366138,1616941023370876416,1.051056
1616941023379540466,1616941023381109212,1.135987
1616941023389663474,1616941023391212211,1.123019
1616941023399832835,1616941023401411713,1.180707
1616941023409953486,1616941023411514764,1.255765
1616941023420122939,1616941023421753735,1.223903
1616941023430245791,1616941023431877982,1.23833
1616941023440415096,1616941023441978892,1.138167
1616941023450534437,1616941023452059457,1.099825
1616941023460752577,1616941023462355147,1.206971
1616941023470854533,1616941023472483125,1.222951
1616941023481024564,1616941023482565490,1.127756
1616941023491267167,1616941023492813525,1.144504
1616941023501433748,1616941023502998952,1.146157
1616941023511562127,1616941023513114763,1.129158
1616941023521725393,1616941023523321453,1.196944
1616941023531893601,1616941023533508963,1.19028
1616941023542101264,1616941023543621988,1.101339
1616941023552268909,1616941023553810166,1.121909
1616941023562435207,1616941023564084547,1.241944
1616941023572605578,1616941023574176168,1.177001
1616941023582768186,1616941023584318330,1.058502
1616941023592999753,1616941023594622894,1.226546
1616941023603105280,1616941023604733294,1.241189
1616941023613331033,1616941023614853986,1.113476
1616941023623559675,1616941023625498449,1.501579
1616941023633717197,1616941023635348834,1.153437
1616941023643809724,1616941023645514600,1.226874
1616941023653961241,1616941023655624460,1.183028
1616941023664026185,1616941023665677855,1.189197
1616941023674090150,1616941023675725588,1.234423
1616941023684310868,1616941023685911554,1.128411
1616941023694405884,1616941023695980080,1.173449
1616941023704442354,1616941023706170232,1.242196
1616941023714503291,1616941023716095733,1.111909
1616941023724615194,1616941023726304672,1.203693
1616941023734694704,1616941023736284947,1.118623
1616941023744730934,1616941023746406579,1.201746
1616941023754826973,1616941023756491760,1.217548
1616941023764852509,1616941023766498014,1.179255
1616941023774923660,1616941023776580022,1.198307
1616941023785027177,1616941023786948302,1.439366
1616941023795138877,1616941023796758629,1.211777
1616941023805242840,1616941023806937863,1.21438
1616941023815460790,1616941023817063134,1.122277
1616941023825681872,1616941023827358170,1.200415
1616941023835792685,1616941023837386205,1.1569
1616941023846018626,1616941023847682746,1.186496
1616941023856073396,1616941023857672743,1.110164
1616941023866175222,1616941023867800736,1.206108
1616941023876298607,1616941023878050824,1.286359
1616941023886439931,1616941023888028344,1.150423
1616941023896576675,1616941023898128512,1.12499
1616941023906696409,1616941023908310366,1.201008
1616941023916811976,1616941023918412994,1.146479
1616941023927043565,1616941023928609291,1.115895
1616941023937062222,1616941023938698309,1.128846
1616941023947231422,1616941023948848201,1.188593
1616941023957398618,1616941023959065494,1.184185
1616941023967496261,1616941023969160532,1.193488
1616941023977633498,1616941023979226143,1.143149
1616941023987734577,1616941023989308567,1.100189
1616941023997832432,1616941023999304107,1.008965
1616941024008048764,1616941024009680895,1.154785
1616941024018157001,1616941024019808153,1.167116
1616941024028200958,1616941024029882456,1.200118
1616941024038371241,1616941024039969480,1.120156
1616941024048507490,1616941024050052675,1.131242
1616941024058676256,1616941024060199362,1.104788
1616941024068829073,1616941024070338810,1.06979
1616941024078987167,1616941024080580814,1.101868
1616941024089214235,1616941024090798414,1.105992
1616941024099259876,1616941024100827382,1.079333
1616941024109364612,1616941024111152299,1.95101
1616941024119589162,1616941024121280723,1.227706
1616941024129821229,1616941024131487388,1.198272
1616941024140062967,1616941024141793540,1.265076
1616941024150159924,1616941024151745091,1.219089
1616941024160259244,1616941024161795126,1.10832
1616941024170331684,1616941024171935672,1.175002
1616941024180423831,1616941024182000835,1.081113
1616941024190524248,1616941024192116895,1.113608
1616941024200677887,1616941024202202777,1.096506
1616941024210780536,1616941024212353874,1.105703
1616941024220848316,1616941024222429257,1.107622
1616941024231071729,1616941024232646667,1.156583
1616941024241291736,1616941024242827135,1.060431
1616941024251520898,1616941024253091459,1.158587
1616941024261747860,1616941024263276798,1.040934
1616941024271981595,1616941024273664564,1.275035
1616941024282229125,1616941024283926932,1.271828
1616941024292464791,1616941024294098128,1.213841
1616941024302634941,1616941024304320975,1.261454
1616941024312854684,1616941024314517327,1.273359
1616941024323073984,1616941024324770728,1.26689
1616941024333301910,1616941024334883998,1.157738
1616941024343526807,1616941024345064606,1.098088
1616941024353745077,1616941024355365013,1.202586
1616941024363982466,1616941024365579071,1.166182
1616941024374226214,1616941024375780091,1.124671
1616941024384410740,1616941024386049998,1.227826
1616941024394579880,1616941024396197467,1.202754
1616941024404806399,1616941024406509326,1.300741
1616941024415025403,1616941024416667884,1.226153
1616941024425250985,1616941024426814989,1.11093
1616941024435464974,1616941024437109255,1.232821
1616941024445663000,1616941024447311798,1.245312
1616941024455881656,1616941024457660192,1.318632
1616941024466042152,1616941024467657685,1.200618
1616941024476279650,1616941024477839452,1.133949
1616941024486504701,1616941024488144095,1.211569
1616941024496728077,1616941024498322927,1.168245
1616941024506898767,1616941024508421496,1.107828
1616941024517125771,1616941024518733818,1.192141
1616941024527351415,1616941024528941392,1.174138
1616941024537579064,1616941024539103233,1.102302
1616941024547802080,1616941024555993448,7.807366
1616941024557871634,1616941024559411995,1.112574
1616941024568093045,1616941024569661791,1.169951
1616941024578315711,1616941024579974499,1.249798
1616941024588544027,1616941024590103276,1.150666
1616941024598713355,1616941024600330786,1.222677
1616941024608888655,1616941024610509148,1.153152
1616941024619054268,1616941024620745334,1.234579
1616941024629166729,1616941024630754117,1.091029
1616941024639275655,1616941024640918472,1.184909
1616941024649440184,1616941024651098459,1.187499
1616941024659653385,1616941024661357424,1.259446
1616941024669877429,1616941024671556170,1.170702
1616941024680070479,1616941024681724905,1.189981
1616941024690180171,1616941024691854521,1.208694
1616941024700290288,1616941024701989647,1.231959
1616941024710404958,1616941024711984190,1.081199
1616941024720574226,1616941024722163666,1.141709
1616941024730746596,1616941024732336776,1.147178
1616941024740911537,1616941024742528717,1.174928
1616941024751064512,1616941024752707057,1.158069
1616941024761281243,1616941024762884510,1.113295
1616941024771392747,1616941024773013465,1.142813
1616941024781613817,1616941024783271431,1.163241
1616941024791789698,1616941024793349676,1.139303
1616941024801966244,1616941024803523567,1.112245
1616941024812141022,1616941024813711489,1.153509
1616941024822263370,1616941024823858577,1.141109
1616941024832483022,1616941024834071697,1.162176
1616941024842647970,1616941024844300673,1.224264
1616941024852871321,1616941024854453462,1.142197
1616941024863086441,1616941024864848381,1.306328
1616941024873253071,1616941024874892614,1.152338
1616941024883474529,1616941024885155208,1.249571
1616941024893648353,1616941024895403777,1.343061
1616941024903868216,1616941024905586104,1.705961
1616941024914089924,1616941024915761506,1.213771
1616941024924311504,1616941024926091339,1.355294
1616941024934483968,1616941024936201545,1.250793
1616941024944703177,1616941024946329347,1.149214
1616941024954860140,1616941024956457830,1.211806
1616941024965092173,1616941024966716802,1.21165
1616941024975312100,1616941024976857944,1.125
1616941024985551547,1616941024987056314,1.001837
1616941024995770729,1616941024997397996,1.17644
1616941025005991137,1616941025007599134,1.096895
1616941025016212034,1616941025017784754,1.155008
1616941025026332974,1616941025027971988,1.201499
1616941025036502010,1616941025038156619,1.240303
1616941025046621321,1616941025048336441,1.298805
1616941025056855707,1616941025058374886,1.165759
1616941025067040406,1616941025068595103,1.133407
1616941025077216186,1616941025078755659,1.111659
1616941025087333895,1616941025088870902,1.097138
1616941025097506119,1616941025098989786,0.998443
1616941025107677628,1616941025109225021,1.113114
1616941025117898781,1616941025119374135,1.126487
1616941025128131243,1616941025129643163,1.099188
1616941025138252591,1616941025139783932,1.113335
1616941025148478432,1616941025150060973,1.082048
1616941025158647148,1616941025160198409,1.049673
1616941025168811775,1616941025170438572,1.188388
1616941025178988271,1616941025180514167,1.031425
1616941025189150916,1616941025190721188,1.075146
1616941025199320593,1616941025200888051,1.085913
1616941025209488410,1616941025211077342,1.094666
1616941025219704512,1616941025221213563,1.073466
1616941025229925031,1616941025231455689,1.092474
1616941025240180970,1616941025241731178,1.133074
1616941025250297438,1616941025251792868,1.005866
1616941025260462013,1616941025262063069,1.169975
1616941025270572632,1616941025272169852,1.174322
1616941025280791407,1616941025282343341,1.120161
1616941025290975947,1616941025292543067,1.170949
1616941025301149072,1616941025302723829,1.088495
1616941025311314270,1616941025312819606,1.057203
1616941025321490062,1616941025323060904,1.083678
1616941025331665129,1616941025333198119,1.082909
1616941025341788201,1616941025343547893,1.269282
1616941025352009368,1616941025354040910,1.520987
1616941025362108684,1616941025363798251,1.199228
1616941025372205696,1616941025373868644,1.18523
1616941025382385057,1616941025383982075,1.118813
1616941025392482321,1616941025394160134,1.198431
1616941025402592002,1616941025404234131,1.166088
1616941025412703467,1616941025414401823,1.22853
1616941025422829040,1616941025424457339,1.177234
1616941025432936946,1616941025434551558,1.150922
1616941025443147424,1616941025444808445,1.182981
1616941025453363964,1616941025455022252,1.189435
1616941025463390816,1616941025486647860,22.873154
1616941025473616975,1616941025486763289,12.780523
1616941025483773203,1616941025487458247,3.138566
1616941025493992774,1616941025495512363,1.033269
1616941025504214237,1616941025538608337,33.922592
1616941025514314815,1616941025561321129,46.570069
1616941025524516758,1616941025561733809,36.756012
1616941025534619516,1616941025561925361,26.753929
1616941025544857992,1616941025562097339,16.709496
1616941025554958281,1616941025562256520,6.723517
1616941025565005087,1616941025577137390,11.679432
1616941025575107978,1616941025577401757,1.798208
1616941025585286429,1616941025586712504,0.912428
1616941025595520170,1616941025596986195,0.967807
1616941025605672684,1616941025607089709,0.979661
1616941025615829011,1616941025619630711,3.343078
1616941025626068189,1616941025627573678,1.011011
1616941025636229921,1616941025637798202,1.062775
1616941025646340858,1616941025647865314,1.034218
1616941025656571720,1616941025658144082,1.076386
1616941025666698601,1616941025668249722,1.123344
1616941025676936190,1616941025678571292,1.226407
1616941025687024545,1616941025688677722,1.254868
1616941025697248321,1616941025698957120,1.630634
1616941025707291279,1616941025709010369,1.32559
1616941025717323614,1616941025718921165,1.158931
1616941025727436181,1616941025728980690,1.039972
1616941025737607761,1616941025739207071,1.112657
1616941025747737831,1616941025749298206,1.152434
1616941025757774132,1616941025759412019,1.187051
1616941025767915104,1616941025769538334,1.21823
1616941025778019055,1616941025779629610,1.197724
1616941025788087563,1616941025789681756,1.109516
1616941025798246346,1616941025799789409,1.102941
1616941025808366552,1616941025809986690,1.158274
1616941025818468440,1616941025820031162,1.147631
1616941025828695396,1616941025830329673,1.181084
1616941025838786647,1616941025840422116,1.222344
1616941025849021599,1616941025850619158,1.19487
1616941025859236406,1616941025860780177,1.118651
1616941025869476383,1616941025871058727,1.168734
1616941025879713976,1616941025881323780,1.186521
1616941025889935403,1616941025891507345,1.147409
1616941025900154427,1616941025901691365,1.100321
1616941025910376780,1616941025912031489,1.18951
1616941025920548649,1616941025922188880,1.193312
1616941025930721951,1616941025932335854,1.177515
1616941025940940284,1616941025942637040,1.310698
1616941025951099254,1616941025952657973,1.068418
1616941025961273812,1616941025962842806,1.128536
1616941025971381069,1616941025972955381,1.100906
1616941025981535623,1616941025983154359,1.197775
1616941025991686871,1616941025993358547,1.259931
1616941026001840857,1616941026003522412,1.252524
1616941026012060054,1616941026013621666,1.137889
1616941026022228963,1616941026023839824,1.174032
1616941026032464522,1616941026034064837,1.189949
1616941026042634367,1616941026044261578,1.195763
1616941026052851999,1616941026054454816,1.246712
1616941026063068985,1616941026064683629,1.186341
1616941026073290697,1616941026074897136,1.178404
1616941026083512448,1616941026085040605,1.101254
1616941026093728277,1616941026095295135,1.144031
1616941026103956586,1616941026105467417,1.086578
1616941026114180710,1616941026115843894,1.241505
1616941026124403857,1616941026125999795,1.170505
1616941026134580488,1616941026136123775,1.126143
1616941026144816479,1616941026146344444,1.082917
1616941026155042188,1616941026156677624,1.23321
1616941026165263300,1616941026166860183,1.096088
1616941026175483366,1616941026177047255,1.129799
1616941026185643687,1616941026187281061,1.20362
1616941026195867124,1616941026197452621,1.154688
1616941026206096214,1616941026207703348,1.170582
1616941026216314670,1616941026217888116,1.163312
1616941026226486116,1616941026228054545,1.144351
1616941026236708577,1616941026238346631,1.230548
1616941026246868708,1616941026248481080,1.180267
1616941026257113200,1616941026258761147,1.229816
1616941026267344132,1616941026269014282,1.273361
1616941026277564198,1616941026279216618,1.241243
1616941026287727662,1616941026289293793,1.146466
1616941026297947006,1616941026299604753,1.256036
1616941026308171828,1616941026309899709,1.318398
1616941026318341144,1616941026319987581,1.238073
1616941026328571015,1616941026330108917,1.102501
1616941026338740547,1616941026340281050,1.141168
1616941026348965217,1616941026350438669,1.051688
1616941026359184337,1616941026360798904,1.19986
1616941026369408226,1616941026371050656,1.180197
1616941026379627159,1616941026381297263,1.187033
1616941026389847322,1616941026391456425,1.177792
1616941026400077150,1616941026401571390,1.067831
1616941026410230287,1616941026411819067,1.155947
1616941026420449962,1616941026421916832,1.078394
1616941026430621203,1616941026432161521,1.123592
1616941026440841596,1616941026442392964,1.067652
1616941026451073412,1616941026452699633,1.168962
1616941026461309330,1616941026462952315,1.141745
1616941026471528147,1616941026473263457,1.268459
1616941026481748875,1616941026483268980,1.00227
1616941026491966481,1616941026493712070,1.387264
1616941026502155426,1616941026503719278,1.045306
1616941026512377422,1616941026513944391,1.135412
1616941026522551678,1616941026524078464,1.079004
1616941026532773639,1616941026534331298,1.07463
1616941026542948517,1616941026544519061,1.061353
1616941026553170028,1616941026554811913,1.157161
1616941026563282747,1616941026564913024,1.21809
1616941026573450669,1616941026575023994,1.149704
1616941026583571059,1616941026585178609,1.164106
1616941026593726450,1616941026595353109,1.151524
1616941026603952996,1616941026605498146,1.061621
1616941026614154547,1616941026615635899,1.013762
1616941026624326629,1616941026625883631,1.088404
1616941026634497391,1616941026636155633,1.178076
1616941026644673717,1616941026646289072,1.126965
1616941026654909345,1616941026656505923,1.138141
1616941026665133111,1616941026666706884,1.118407
1616941026675358869,1616941026676829204,1.026885
1616941026685531827,1616941026687078741,1.104773
1616941026695752942,1616941026697211963,0.997933
1616941026705974892,1616941026707510124,1.013451
1616941026716196191,1616941026717711477,1.084754
1616941026726366209,1616941026727886974,1.047965
1616941026736550273,1616941026738063831,1.102782
1616941026746726586,1616941026748231662,1.077507
1616941026756973431,1616941026758599153,1.231065
1616941026767204238,1616941026768836756,1.189379
1616941026777424562,1616941026778978878,1.06782
1616941026787656871,1616941026789184554,1.103764
1616941026797903479,1616941026799572962,1.201324
1616941026808079023,1616941026809736229,1.17741
1616941026818211758,1616941026819809512,1.129848
1616941026828434757,1616941026829966410,1.040443
1616941026838563387,1616941026840162120,1.134916
1616941026848797590,1616941026850348793,1.067187
1616941026858961184,1616941026860456184,1.05829
1616941026869201180,1616941026870842336,1.165532
1616941026879420947,1616941026881029611,1.154993
1616941026889639815,1616941026891269936,1.169903
1616941026899857899,1616941026901460349,1.119117
1616941026910102505,1616941026911820395,1.239165
1616941026920312309,1616941026921963948,1.193421
1616941026930550644,1616941026932262070,1.183059
1616941026940781468,1616941026942422491,1.194502
1616941026951001192,1616941026952597521,1.095964
1616941026961186653,1616941026962840829,1.180939
1616941026971360236,1616941026973054883,1.210295
1616941026981553486,1616941026983225826,1.197483
1616941026991728288,1616941026993342511,1.108488
1616941027001901354,1616941027003551461,1.197712
1616941027012077788,1616941027013656234,1.07999
1616941027022254286,1616941027023820182,1.109101
1616941027032424625,1616941027033922591,0.998289
1616941027042603754,1616941027044262466,1.171644
1616941027052776083,1616941027054501569,1.258546
1616941027062930818,1616941027064508745,1.072389
1616941027073160827,1616941027074781017,1.128796
1616941027083330900,1616941027085381659,1.562284
1616941027093490835,1616941027095047782,1.111388
1616941027103645684,1616941027105208439,1.080472
1616941027113810983,1616941027115338511,1.047676
1616941027123967489,1616941027125545960,1.117962
1616941027134083823,1616941027135604910,1.094488
1616941027144183813,1616941027145638537,0.985528
1616941027154301953,1616941027155727102,1.042693
1616941027164379157,1616941027165886278,1.032638
1616941027174490000,1616941027176137193,1.171983
1616941027184585519,1616941027186187083,1.182011
1616941027194765470,1616941027196443712,1.229136
1616941027204991031,1616941027206688092,1.219349
1616941027215028993,1616941027216681541,1.232749
1616941027225233695,1616941027226882201,1.152988
1616941027235391628,1616941027237078259,1.255203
1616941027245499187,1616941027247073261,1.094057
1616941027255598622,1616941027257195188,1.170947
1616941027265665968,1616941027267259952,1.107024
1616941027275694988,1616941027277277401,1.103612
1616941027285794295,1616941027288070475,2.225243
1616941027295957493,1616941027297515823,1.209332
1616941027306151946,1616941027307627890,1.050969
1616941027316370105,1616941027317888502,1.039244
1616941027326486578,1616941027328008111,1.038666
1616941027336702293,1616941027338208144,1.019526
1616941027346816892,1616941027348310020,1.065516
1616941027356931840,1616941027358444992,1.062801
1616941027367030676,1616941027368510963,0.973053
1616941027377191602,1616941027378650126,0.975457
1616941027387360798,1616941027388888250,1.007928
1616941027397461088,1616941027399086285,1.13259
1616941027407684299,1616941027409219847,1.025654
1616941027417697489,1616941027419349802,1.169028
1616941027427747696,1616941027429283331,1.090472
1616941027437905426,1616941027439540875,1.227079
1616941027448008247,1616941027449629314,1.178069
1616941027458032389,1616941027459591556,1.127638
1616941027468262465,1616941027469794868,1.064044
1616941027478483838,1616941027480052333,1.168271
1616941027488672331,1616941027490284306,1.190795
1616941027498831473,1616941027500330532,1.008664
1616941027509056959,1616941027510667839,1.195043
1616941027519288552,1616941027520874051,1.20886
1616941027529508185,1616941027531167916,1.236022
1616941027539739938,1616941027541246671,1.034679
1616941027549962860,1616941027551591465,1.155758
1616941027560210872,1616941027561778121,1.145629
1616941027570392683,1616941027571904175,1.073955
1616941027580558535,1616941027582158239,1.132238
1616941027590711499,1616941027592329062,1.190062
1616941027600883623,1616941027602527223,1.260172
1616941027610997747,1616941027612549854,1.080219
1616941027621234771,1616941027622755338,1.044302
1616941027631462092,1616941027633069578,1.182784
1616941027641685921,1616941027643264281,1.157948
1616941027651931378,1616941027653499133,1.147503
1616941027662157476,1616941027663675772,1.105086
1616941027672372921,1616941027674012648,1.162631
1616941027682540605,1616941027684063849,1.109549
1616941027692761210,1616941027694331319,1.147729
1616941027702938896,1616941027704536524,1.179857
1616941027713113850,1616941027714672283,1.148689
1616941027723334538,1616941027724867472,1.113525
1616941027733460755,1616941027735023688,1.088259
1616941027743682559,1616941027745359702,1.255955
1616941027753854947,1616941027755397539,1.11534
1616941027764077725,1616941027765622476,1.133623
1616941027774248906,1616941027775834380,1.150085
1616941027784487016,1616941027786049962,1.152492
1616941027794654975,1616941027798299241,3.224041
1616941027804872276,1616941027806322845,0.949157
1616941027815103282,1616941027816567621,1.048456
1616941027825320908,1616941027826767237,1.040545
1616941027835542375,1616941027836973049,0.985373
1616941027845772976,1616941027847321281,1.117233
1616941027856002515,1616941027857619079,1.191396
1616941027866231207,1616941027867910792,1.257168
1616941027876450792,1616941027878073850,1.204268
1616941027886679466,1616941027888335339,1.248331
1616941027896900753,1616941027898561456,1.235527
1616941027907122718,1616941027908772274,1.240269
1616941027917343940,1616941027919047339,1.300253
1616941027927571429,1616941027929111317,1.165936
1616941027937822468,1616941027939369997,1.167264
1616941027947995245,1616941027949610888,1.19853
1616941027958173764,1616941027959788996,1.116334
1616941027968275218,1616941027969956218,1.191772
1616941027978373765,1616941027980062785,1.189416
1616941027988528795,1616941027990239635,1.31703
1616941027998653559,1616941028000230248,1.072982
1616941028008873659,1616941028010387190,1.107418
1616941028019097683,1616941028020576359,1.089543
1616941028029328639,1616941028030869049,1.152655
1616941028039499471,1616941028041055835,1.162948
1616941028049719880,1616941028051341240,1.196342
1616941028059895348,1616941028061540102,1.244781
1616941028070088508,1616941028071779891,1.280326
1616941028080271716,1616941028082786561,2.228493
1616941028090393790,1616941028092012606,1.213346
1616941028100611356,1616941028102193089,1.156971
1616941028110850449,1616941028112444631,1.171721
1616941028121087550,1616941028122769532,1.270451
1616941028131259563,1616941028132880540,1.206415
1616941028141430266,1616941028142932081,1.078731
1616941028151662701,1616941028153202464,1.111841
1616941028161898930,1616941028163430261,1.103395
1616941028172074093,1616941028173588206,1.077933
1616941028182254807,1616941028183769798,1.105118
1616941028192491757,1616941028194008980,1.112125
1616941028202724433,1616941028204243522,1.10713
1616941028212947052,1616941028214499704,1.150221
1616941028223169041,1616941028224672880,1.076996
1616941028233392124,1616941028235021152,1.223558
1616941028243637109,1616941028245145588,1.096363
1616941028253870796,1616941028255437800,1.134817
1616941028264103117,1616941028265648803,1.118345
1616941028274223463,1616941028275776334,1.137518
1616941028284442365,1616941028286017597,1.166437
1616941028294615297,1616941028296169234,1.13403
1616941028304726495,1616941028306265552,1.11775
1616941028314848428,1616941028316376818,1.071073
1616941028325089946,1616941028326691975,1.15994
1616941028335217576,1616941028336771095,1.126326
1616941028345388304,1616941028346869678,1.054056
1616941028355609057,1616941028357112107,1.073351
1616941028365854747,1616941028367368361,1.120184
1616941028376103673,1616941028377609774,1.070516
1616941028386232683,1616941028387751410,1.09342
1616941028396447310,1616941028397920220,1.024753
1616941028406573893,1616941028408152948,1.106142
1616941028416796509,1616941028418334206,1.08499
1616941028426921931,1616941028428467557,1.121872
1616941028437127913,1616941028438649653,1.083146
1616941028447295180,1616941028448858041,1.117726
1616941028457425851,1616941028458904361,1.040835
1616941028467596958,1616941028469097710,1.065048
1616941028477766573,1616941028479369896,1.173008
1616941028487943713,1616941028489440460,1.08145
1616941028498140727,1616941028499642435,1.08399
1616941028508362391,1616941028509920064,1.138498
1616941028518488007,1616941028520092532,1.189428
1616941028528714314,1616941028530264366,1.129739
1616941028538883394,1616941028540481371,1.177712
1616941028549113737,1616941028550772342,1.257281
1616941028559349066,1616941028560945739,1.184657
1616941028569568289,1616941028571160699,1.178437
1616941028579790137,1616941028581431239,1.231362
1616941028589961069,1616941028591495056,1.142911
1616941028600192422,1616941028601817610,1.221319
1616941028610307205,1616941028611828468,1.040314
1616941028620473784,1616941028622018968,1.021327
1616941028630605644,1616941028632107645,1.100534
1616941028640848106,1616941028642381139,1.06194
1616941028651082176,1616941028652699521,1.201615
1616941028661322176,1616941028662854829,1.057596
1616941028671545194,1616941028673114067,1.16773
1616941028681768551,1616941028683310365,1.092849
1616941028691996404,1616941028693508000,1.13144
1616941028702177644,1616941028703652885,1.093847
1616941028712431757,1616941028714007776,1.158571
1616941028722608282,1616941028724161514,1.109178
1616941028732721122,1616941028734241634,1.123934
1616941028742858000,1616941028744409676,1.060856
1616941028752969347,1616941028754614026,1.192349
1616941028763132822,1616941028764758697,1.205658
1616941028773356171,1616941028775006471,1.224003
1616941028783576355,1616941028785218775,1.228734
1616941028793805428,1616941028795340320,1.15052
1616941028803972110,1616941028806129956,1.680706
1616941028814177522,1616941028815674169,1.075833
1616941028824408003,1616941028826110751,1.279591
1616941028834514255,1616941028836161654,1.166093
1616941028844607395,1616941028846195719,1.197712
1616941028854712734,1616941028856280622,1.069636
1616941028864869187,1616941028866457837,1.139224
1616941028874907228,1616941028876491928,1.092726
1616941028885130345,1616941028887041343,1.492673
1616941028895350899,1616941028896912518,1.075475
1616941028905414023,1616941028906972474,1.040944
1616941028915635410,1616941028917178816,1.050435
1616941028925709607,1616941028927263726,1.059263
1616941028935935722,1616941028937529354,1.104931
1616941028945997875,1616941028947668079,1.177976
1616941028956099676,1616941028957718817,1.145814
1616941028966190865,1616941028967878609,1.217855
1616941028976206940,1616941028977841325,1.218182
1616941028986366261,1616941028988026564,1.246398
1616941028996532999,1616941028998217289,1.252571
1616941029006633765,1616941029008250125,1.197279
1616941029016859756,1616941029018533730,1.240477
1616941029026958350,1616941029028546487,1.176664
1616941029037176476,1616941029038858411,1.2255
1616941029047412830,1616941029049082808,1.25986
1616941029057560314,1616941029059100243,1.0451
1616941029067727111,1616941029069314030,1.166858
1616941029077924123,1616941029079487632,1.082129
1616941029087976802,1616941029089573314,1.181557
1616941029098118496,1616941029099609344,1.067769
1616941029108160033,1616941029109685892,1.064186
1616941029118266984,1616941029119814552,1.047133
1616941029128424325,1616941029129926406,1.035101
1616941029138527888,1616941029140033464,1.041642
1616941029148750487,1616941029150343239,1.093555
1616941029158807078,1616941029160425960,1.180578
1616941029168902924,1616941029170505215,1.190711
1616941029179023261,1616941029180640744,1.208098
1616941029189242095,1616941029190877469,1.142325
1616941029199255518,1616941029200874005,1.181011
1616941029209362856,1616941029210908298,1.037451
1616941029219471399,1616941029220978219,1.047467
1616941029229509450,1616941029231142823,1.138189
1616941029239760502,1616941029241330913,1.10631
1616941029249936848,1616941029251344384,0.883907
1616941029260106718,1616941029261597377,0.999928
1616941029270155121,1616941029271712616,1.067128
1616941029280255743,1616941029281860646,1.123473
1616941029290285742,1616941029291823436,1.12011
1616941029300505316,1616941029302017739,1.028574
1616941029310650120,1616941029312158836,1.014477
1616941029320799037,1616941029322327544,1.037729
1616941029330958887,1616941029332498685,1.08572
1616941029341172992,1616941029342722308,1.059075
1616941029351297232,1616941029352779055,0.983039
1616941029361523392,1616941029363118732,1.113159
1616941029371562947,1616941029373204568,1.209328
1616941029381653374,1616941029383210651,1.127417
1616941029391875302,1616941029393541106,1.244481
1616941029402098095,1616941029403834803,1.314675
1616941029412280933,1616941029414019403,1.313019
1616941029422388223,1616941029424038495,1.179837
1616941029432608974,1616941029434269615,1.233441
1616941029442777261,1616941029444453561,1.249081
1616941029452998148,1616941029454740155,1.277662
1616941029463218242,1616941029464917129,1.218998
1616941029473439823,1616941029475088515,1.172433
1616941029483658976,1616941029485318159,1.18503
1616941029493881438,1616941029495494547,1.196932
1616941029504118688,1616941029505771054,1.220759
1616941029514282652,1616941029515900771,1.131474
1616941029524506136,1616941029526171203,1.183409
1616941029534688570,1616941029536253146,1.142748
1616941029544912484,1616941029546592041,1.239289
1616941029555144497,1616941029556927698,1.306785
1616941029565311639,1616941029567002861,1.219198
1616941029575530503,1616941029577184988,1.192028
1616941029585754186,1616941029587379932,1.206493
1616941029595972066,1616941029597679111,1.283183
1616941029606205195,1616941029607802839,1.115619
1616941029616377302,1616941029618106062,1.2463
1616941029626495099,1616941029628112500,1.121202
1616941029636606388,1616941029638203878,1.112991
1616941029646725924,1616941029648376781,1.21377
1616941029656966260,1616941029658585913,1.178858
1616941029667138627,1616941029668768483,1.191479
1616941029677315233,1616941029678883925,1.102597
1616941029687546580,1616941029689563089,1.744238
1616941029697568116,1616941029699076789,1.073644
1616941029707740332,1616941029709204121,1.025004
1616941029717960030,1616941029719470263,1.068951
1616941029728138638,1616941029729780825,1.238215
1616941029738365486,1616941029739998986,1.245327
1616941029748583848,1616941029750248314,1.255125
1616941029758766016,1616941029760392977,1.233926
1616941029768937702,1616941029770545331,1.212712
1616941029779104623,1616941029780760222,1.2382
1616941029789329476,1616941029790975446,1.22056
1616941029799490052,1616941029801087058,1.206492
1616941029809606416,1616941029811175173,1.084338
1616941029819794600,1616941029821478738,1.271391
1616941029829967445,1616941029831626745,1.237053
1616941029840141295,1616941029841831442,1.265849
1616941029850248633,1616941029851798362,1.088192
1616941029860428664,1616941029862035292,1.217945
1616941029870543211,1616941029872119316,1.173205
1616941029880776166,1616941029882377386,1.177318
1616941029890996878,1616941029892605634,1.209983
1616941029901157968,1616941029902750603,1.13626
1616941029911334468,1616941029912953974,1.195213
1616941029921510243,1616941029923097405,1.117697
1616941029931733924,1616941029933283314,1.065443
1616941029941907165,1616941029943411794,1.030523
1616941029952082266,1616941029953512239,0.993181
1616941029962250588,1616941029963716524,0.980451
1616941029972407521,1616941029973929010,1.092453
1616941029982532458,1616941029984092932,1.085993
1616941029992752470,1616941029994359466,1.119398
1616941030002922133,1616941030004441525,1.103348
1616941030013145811,1616941030014649747,1.022302
1616941030023261096,1616941030024817361,1.151312
1616941030033433057,1616941030034978843,1.053666
1616941030043601827,1616941030045099178,1.003679
1616941030053825090,1616941030055438903,1.221732
1616941030064004948,1616941030065565618,1.073388
1616941030074199214,1616941030075778984,1.157504
1616941030084368578,1616941030085880847,1.099746
1616941030094480264,1616941030096069452,1.123511
1616941030104696261,1616941030106148374,1.018221
1616941030114864435,1616941030116440155,1.163661
1616941030125097233,1616941030126762258,1.164404
1616941030135317133,1616941030136928055,1.129733
1616941030145536519,1616941030147171473,1.172228
1616941030155757293,1616941030157398772,1.202871
1616941030165976967,1616941030167759730,1.304426
1616941030176148721,1616941030177832360,1.198775
1616941030186316024,1616941030188053575,1.264479
1616941030196478284,1616941030198017327,1.060099
1616941030206599312,1616941030208248763,1.167447
1616941030216772983,1616941030218506357,1.285714
1616941030226997401,1616941030228654313,1.167684
1616941030237220697,1616941030238785384,1.097088
1616941030247336522,1616941030248996804,1.187445
1616941030257458384,1616941030259027786,1.110642
1616941030267680055,1616941030269377827,1.255045
1616941030277811000,1616941030279463605,1.180162
1616941030287979415,1616941030289595327,1.133566
1616941030298130186,1616941030299863193,1.265858
1616941030308233497,1616941030309849304,1.155332
1616941030318353308,1616941030320089101,1.307273
1616941030328529256,1616941030330184111,1.166495
1616941030338699675,1616941030340373259,1.296472
1616941030348920132,1616941030350667227,1.308882
1616941030359093187,1616941030360595340,1.008372
1616941030369249694,1616941030370773492,4.932806
1616941030379405591,1616941030380879277,0.932606
1616941030389563809,1616941030391192009,8.691206
1616941030399717120,1616941030401397109,1.163131
1616941030409873533,1616941030411493262,1.133098
1616941030420029637,1616941030421655968,1.130353
1616941030430150533,1616941030431750751,1.109405
1616941030440306508,1616941030441972407,1.153608
1616941030450454923,1616941030452056856,1.092148
1616941030460620234,1616941030462228948,1.115749
1616941030470716734,1616941030472398861,1.177282
1616941030480817296,1616941030482333218,0.991043
1616941030490924894,1616941030493188951,1.867745
1616941030500989601,1616941030502677955,1.233347
1616941030511155353,1616941030512620655,1.490398
1616941030521318426,1616941030522782429,1.013993
1616941030531420925,1616941030532966400,1.082581
1616941030541638002,1616941030543121697,0.984803
1616941030551873599,1616941030553353033,0.982381
1616941030562031414,1616941030563602981,1.099135
1616941030572084998,1616941030573615299,1.085025
1616941030582233105,1616941030583815702,1.193934
1616941030592393576,1616941030594027016,1.147506
1616941030602528657,1616941030603991675,1.056711
1616941030612644451,1616941030614179433,1.113902
1616941030622797568,1616941030624444356,1.185885
1616941030632923257,1616941030634579972,1.192455
1616941030643002006,1616941030644572786,1.149142
1616941030653178031,1616941030654783243,1.131621
1616941030663286131,1616941030664899888,1.129042
1616941030673437251,1616941030675024266,1.120282
1616941030683546222,1616941030685165106,1.154377
1616941030693643022,1616941030695230074,1.105488
1616941030703747500,1616941030705331354,1.102761
1616941030713918378,1616941030715528190,1.139926
1616941030724078897,1616941030725753649,1.205106
1616941030734181801,1616941030735776097,1.110793
1616941030744341233,1616941030745959407,1.100048
1616941030754416089,1616941030756063333,1.177543
1616941030764495031,1616941030766105550,1.184709
1616941030774617853,1616941030776280885,1.19374
1616941030784685040,1616941030786367465,1.183473
1616941030794829881,1616941030796537923,1.228971
1616941030804860921,1616941030806461444,1.146393
1616941030815016517,1616941030816727390,1.228666
1616941030825115925,1616941030826802506,1.201973
1616941030835203468,1616941030836883423,1.189952
1616941030845297943,1616941030846953904,1.166448
1616941030855438232,1616941030857075283,1.155017
1616941030865499732,1616941030867197592,1.22266
1616941030875601880,1616941030877254245,1.170458
1616941030885718277,1616941030887348459,1.184601
1616941030895821249,1616941030897510715,1.178252
1616941030905922998,1616941030907654726,1.2357
1616941030915976975,1616941030917695886,1.222251
1616941030926094731,1616941030927837657,1.248386
1616941030936180071,1616941030937841916,1.177231
1616941030946215135,1616941030947933376,1.229282
1616941030956367314,1616941030958027975,1.19264
1616941030966420433,1616941030968061843,1.153813
1616941030976456841,1616941030978112021,1.158711
1616941030986559478,1616941030988299936,1.26628
1616941030996804261,1616941030998564815,1.29417
1616941031006915899,1616941031008653462,1.263639
1616941031017094546,1616941031018786479,1.181778
1616941031027328665,1616941031028891814,1.065642
1616941031037546319,1616941031039070475,1.039611
1616941031047765617,1616941031049398149,1.16207
1616941031057938039,1616941031059527369,1.273632
1616941031068119999,1616941031069751620,1.165918
1616941031078290875,1616941031079875199,1.092865
1616941031088462397,1616941031090062562,1.186741
1616941031098632135,1616941031100261228,1.192326
1616941031108866790,1616941031110524119,1.262385
1616941031119039579,1616941031120586623,1.065875
1616941031129261510,1616941031130841930,1.094543
1616941031139498912,1616941031141090179,1.187937
1616941031149722703,1616941031151411322,1.266345
1616941031159940969,1616941031161419010,1.071124
1616941031170189078,1616941031171795800,1.190627
1616941031180409902,1616941031181966854,1.075245
1616941031190578035,1616941031192243080,1.182134
1616941031200750740,1616941031202507450,1.381769
1616941031210868231,1616941031212489704,1.163702
1616941031221094065,1616941031222670606,1.138336
1616941031231269135,1616941031232900185,1.142157
1616941031241434107,1616941031242976516,1.054703
1616941031251652377,1616941031253157406,1.09001
1616941031261828790,1616941031263370826,1.10187
1616941031271995361,1616941031273852960,1.539945
1616941031282183134,1616941031283713606,1.04395
1616941031292401850,1616941031293898633,0.991027
1616941031302515518,1616941031304062814,1.059919
1616941031312678970,1616941031314246112,1.080885
1616941031322790346,1616941031324314442,1.047704
1616941031332950272,1616941031334496499,1.062168
1616941031343052346,1616941031344585819,1.042187
1616941031353264723,1616941031354809034,1.068848
1616941031363476144,1616941031364980094,1.009292
1616941031373697228,1616941031375217964,1.013896
1616941031383861500,1616941031385371242,1.014919
1616941031394099298,1616941031395604972,0.997331
1616941031404246831,1616941031405817621,1.076436
1616941031414419804,1616941031415921582,1.018882
1616941031424586306,1616941031426144467,1.122205
1616941031434759631,1616941031436290065,1.094619
1616941031444925629,1616941031446440612,1.099393
1616941031455188412,1616941031456705751,1.087615
1616941031465397705,1616941031466852735,1.039661
1616941031475568558,1616941031477058794,1.029883
1616941031485777597,1616941031487319176,1.099205
1616941031495990729,1616941031497531379,1.135823
1616941031506205055,1616941031507705917,1.047159
1616941031516377078,1616941031517859926,1.042307
1616941031526541679,1616941031528065169,1.029188
1616941031536661470,1616941031538261019,1.146875
1616941031546772259,1616941031548299559,1.055178
1616941031556891615,1616941031558405462,1.04535
1616941031566991250,1616941031568524099,1.052684
1616941031577192035,1616941031578760765,1.083373
1616941031587307862,1616941031588862308,1.042768
1616941031597417628,1616941031598942329,1.014053
1616941031607551376,1616941031609053989,1.017824
1616941031617719486,1616941031619332942,1.186016
1616941031627941242,1616941031629443030,1.076334
1616941031638088982,1616941031639621508,1.099133
1616941031648218667,1616941031649754798,1.114065
1616941031658339104,1616941031659893151,1.134086
1616941031668557372,1616941031670112151,1.133881
1616941031678668989,1616941031680293686,1.182399
1616941031688882986,1616941031690456535,1.150238
1616941031699043517,1616941031700589646,1.057403
1616941031709211411,1616941031710787800,1.153813
1616941031719424113,1616941031720949171,1.098797
1616941031729652423,1616941031731157909,1.092092
1616941031739890014,1616941031741507236,1.19802
1616941031750123779,1616941031751747746,1.219372
1616941031760353000,1616941031761999336,1.219453
1616941031770464224,1616941031772103413,1.212353
1616941031780681084,1616941031782376306,1.281628
1616941031790835222,1616941031792513413,1.264375
1616941031801066483,1616941031802678653,1.162105
1616941031811299875,1616941031812886434,1.168798
1616941031821548560,1616941031823157313,1.1369
1616941031831780624,1616941031833521749,1.318491
1616941031842004357,1616941031843777069,1.367849
1616941031852226505,1616941031853840183,1.174061
1616941031862394728,1616941031864065492,1.288311
1616941031872614458,1616941031874209462,1.167747
1616941031882779192,1616941031884456249,1.278079
1616941031892997138,1616941031894660949,1.212192
1616941031903162391,1616941031904828280,1.240145
1616941031913387361,1616941031914994931,1.123508
1616941031923603868,1616941031925205150,1.194528
1616941031933830371,1616941031935489308,1.231209
1616941031944049228,1616941031945765464,1.319222
1616941031954182618,1616941031955904840,1.286355
1616941031964307197,1616941031965965275,1.157887
1616941031974432447,1616941031976111995,1.17035
1616941031984653756,1616941031986255463,1.087284
1616941031994777302,1616941031996415947,1.12096
1616941032004992639,1616941032006645935,1.151537
1616941032015100800,1616941032016690202,1.068094
1616941032025210448,1616941032026804613,1.095477
1616941032035370357,1616941032037016690,1.127991
1616941032045532633,1616941032047135332,1.098568
1616941032055752817,1616941032057393383,1.181886
1616941032065986510,1616941032067703404,1.304863
1616941032076199593,1616941032077717285,1.567909
1616941032086364527,1616941032087867482,1.025324
1616941032096582673,1616941032098119812,1.104294
1616941032106753935,1616941032108312810,1.127433
1616941032116975966,1616941032118487785,1.095851
1616941032127192711,1616941032128721154,1.1025
1616941032137422955,1616941032138985819,1.156505
1616941032147640302,1616941032149248215,1.198672
1616941032157860328,1616941032159339746,1.045423
1616941032168081747,1616941032169551170,1.016548
1616941032178250252,1616941032179753539,1.109319
1616941032188418304,1616941032189846902,0.972485
1616941032198586669,1616941032200103201,1.084915
1616941032208714268,1616941032210287872,1.179695
1616941032218935359,1616941032220524944,1.183129
1616941032229102864,1616941032230606468,1.12047
1616941032239305341,1616941032240867296,1.150924
1616941032249510187,1616941032251167878,1.165562
1616941032259734654,1616941032261316467,1.144687
1616941032269844895,1616941032271387949,1.071915
1616941032280062144,1616941032281660248,1.126732
1616941032290167548,1616941032291765677,1.142568
1616941032300243567,1616941032301818561,1.074446
1616941032310320578,1616941032311885819,1.118386
1616941032320535837,1616941032322181735,1.162127
1616941032330705314,1616941032332277130,1.146108
1616941032340847757,1616941032342443755,1.178044
1616941032350943706,1616941032352495560,1.09391
1616941032361041014,1616941032362573859,1.066297
1616941032371126155,1616941032372612266,0.995617
1616941032381286007,1616941032382781024,1.03665
1616941032391519079,1616941032392989880,0.967927
1616941032401639393,1616941032403213031,1.067677
1616941032411775020,1616941032413292318,1.050844
1616941032421869090,1616941032423358034,1.053145
1616941032432094352,1616941032433572996,1.032215
1616941032442190918,1616941032443651128,1.109043
1616941032452348322,1616941032453840756,1.132035
1616941032462479298,1616941032464073412,1.131571
1616941032472592927,1616941032474194732,1.108768
1616941032482750238,1616941032484308748,1.088415
1616941032492811254,1616941032494424051,1.206504
1616941032502980716,1616941032504606843,1.218974
1616941032513144425,1616941032514722187,1.076666
1616941032523364679,1616941032524982217,1.136197
1616941032533522989,1616941032535223662,1.208091
1616941032543570360,1616941032545248253,1.250442
1616941032553785598,1616941032555439331,1.229133
1616941032563820230,1616941032565490827,1.190831
1616941032574078899,1616941032575707481,1.155125
1616941032584311058,1616941032585945323,1.201985
1616941032594483183,1616941032596106882,1.205247
1616941032604656640,1616941032606273537,1.18192
1616941032614765383,1616941032616304588,1.060212
1616941032624989125,1616941032626632203,1.232096
1616941032635246302,1616941032636859467,1.187654
1616941032645471927,1616941032647077874,1.177154
1616941032655702901,1616941032657287668,1.168057
1616941032665938086,1616941032667534949,1.183923
1616941032676160483,1616941032677762132,1.202155
1616941032686284538,1616941032687994174,1.287465
1616941032696458450,1616941032698156720,1.301355
1616941032706636883,1616941032708324634,1.279183
1616941032716813176,1616941032718562201,1.339555
1616941032726999789,1616941032728651983,1.132184
1616941032737170878,1616941032738777470,1.18747
1616941032747358362,1616941032748958228,1.158671
1616941032757542578,1616941032759160738,1.207176
1616941032767760967,1616941032769384463,1.200494
1616941032777933896,1616941032779529947,1.164933
1616941032788106420,1616941032789698894,1.17051
1616941032798327639,1616941032799945970,1.199857
1616941032808547516,1616941032810139115,1.161731
1616941032818711373,1616941032820308099,1.17367
1616941032828929857,1616941032830523329,1.128544
1616941032839157473,1616941032840768980,1.188271
1616941032849394556,1616941032851029505,1.211976
1616941032859630013,1616941032861214175,1.163994
1616941032869887656,1616941032871535816,1.213213
1616941032880105907,1616941032882172756,1.728415
1616941032890273832,1616941032891943915,1.186801
1616941032900492461,1616941032902036814,1.115135
1616941032910661661,1616941032912208902,1.123872
1616941032920881876,1616941032922393074,1.080151
1616941032931101882,1616941032932671152,1.124733
1616941032941319670,1616941032942905634,1.158641
1616941032951538210,1616941032953088007,1.098656
1616941032961765984,1616941032963252533,1.074935
1616941032971985309,1616941032973485375,1.077146
1616941032982210109,1616941032983739495,1.109991
1616941032992441913,1616941032993930547,1.065115
1616941033002610156,1616941033004140670,1.040917
1616941033012826928,1616941033014268990,1.039163
1616941033023067408,1616941033024526710,1.02167
1616941033033287793,1616941033034738492,1.016803
1616941033043521711,1616941033045019270,1.075262
1616941033053739228,1616941033055232029,1.025157
1616941033063956873,1616941033065378566,0.937946
1616941033074070227,1616941033075558171,1.055791
1616941033084293381,1616941033085834454,1.135048
1616941033094514375,1616941033096066392,1.125473
1616941033104733304,1616941033106270512,1.132498
1616941033114901839,1616941033116339058,0.936154
1616941033125119087,1616941033126611891,1.072185
1616941033135350124,1616941033136763578,0.986722
1616941033145588634,1616941033147074719,1.075689
1616941033155823386,1616941033157213894,0.958816
1616941033166003713,1616941033167555757,1.106435
1616941033176160712,1616941033177619229,0.988565
1616941033186383438,1616941033188033212,1.233358
1616941033196562129,1616941033198138766,1.18833
1616941033206723036,1616941033208233909,1.114808
1616941033216886872,1616941033218508526,1.21819
1616941033227115184,1616941033228738871,1.209352
1616941033237351684,1616941033238946035,1.185363
1616941033247581509,1616941033249158231,1.155361
1616941033257754252,1616941033259275441,1.090853
1616941033267978482,1616941033269456491,1.056144
1616941033278135190,1616941033279644808,1.079604
1616941033288344813,1616941033289738093,0.998041
1616941033298517875,1616941033300017753,1.058131
1616941033308739058,1616941033310210062,1.035776
1616941033318962635,1616941033320503542,1.08787
1616941033329133856,1616941033330618264,1.07074
1616941033339372364,1616941033340827255,1.038466
1616941033349590090,1616941033351017998,1.036541
1616941033359816120,1616941033361318154,1.084414
1616941033370074885,1616941033371633543,1.169921
1616941033380298053,1616941033381789366,1.054008
1616941033390468208,1616941033391989287,1.132998
1616941033400689135,1616941033402133360,1.0598
1616941033410858133,1616941033412308158,1.126021
1616941033421081080,1616941033422772002,1.245219
1616941033431302927,1616941033432833861,1.114731
1616941033441532030,1616941033443116459,1.153464
1616941033451766961,1616941033453357685,1.172446
1616941033461987971,1616941033463522836,1.102084
1616941033472206739,1616941033473658503,1.059798
1616941033482376245,1616941033483976598,1.128336
1616941033492608129,1616941033494045396,1.006119
1616941033502778086,1616941033504277412,1.090785
1616941033513008632,1616941033514512639,1.083155
1616941033523228432,1616941033524810407,1.164017
1616941033533446951,1616941033534929235,1.070556
1616941033543667474,1616941033545268523,1.172531
1616941033553897427,1616941033555465643,1.162712
1616941033564125495,1616941033565845143,1.296613
1616941033574296505,1616941033575971546,1.262812
1616941033584515296,1616941033586161447,1.236418
1616941033594682764,1616941033602671059,7.576059
1616941033604843675,1616941033606331387,1.004224
1616941033615063002,1616941033616562769,1.05335
1616941033625279156,1616941033626779593,1.004483
1616941033635520363,1616941033637082101,1.141905
1616941033645717826,1616941033647316541,1.172942
1616941033655902500,1616941033657455526,1.153796
1616941033666098715,1616941033667751601,1.216378
1616941033676271901,1616941033677909330,1.21048
1616941033686447021,1616941033688684178,1.92548
1616941033696637660,1616941033698262905,1.212862
1616941033706760649,1616941033708285917,1.030663
1616941033716937909,1616941033718667160,1.314593
1616941033727112717,1616941033728786305,1.243838
1616941033737285993,1616941033738847038,1.075713
1616941033747418869,1616941033749074632,1.218637
1616941033757593940,1616941033759263375,1.195233
1616941033767769527,1616941033769376106,1.192828
1616941033777948093,1616941033779622583,1.278602
1616941033788175148,1616941033789857380,1.277698
1616941033798345547,1616941033800068820,1.311756
1616941033808514747,1616941033810153814,1.240699
1616941033818741579,1616941033820299171,1.160975
1616941033828985699,1616941033830622400,1.198207
1616941033839156031,1616941033840820146,1.221166
1616941033849310473,1616941033850930968,1.114938
1616941033859550637,1616941033861108152,1.131388
1616941033869772934,1616941033871300197,1.094077
1616941033879945454,1616941033881692065,1.438565
1616941033890134511,1616941033891603142,0.998296
1616941033900355284,1616941033901819654,1.082521
1616941033910478810,1616941033911969624,1.071474
1616941033920656390,1616941033922160510,1.088087
1616941033930778296,1616941033932325361,1.171476
1616941033940959184,1616941033942537532,1.189465
1616941033951072200,1616941033952610534,1.110549
1616941033961190117,1616941033962768358,1.078046
1616941033971366398,1616941033973558236,1.698751
1616941033981541587,1616941033983052389,1.002681
1616941033991761300,1616941033993255139,1.009556
1616941034001787337,1616941034003260245,1.000141
1616941034012004217,1616941034013456855,1.006256
1616941034022149138,1616941034023600987,1.073965
1616941034032303848,1616941034037622973,4.843034
1616941034042408515,1616941034043862132,1.053744
1616941034052577952,1616941034054050567,1.004313
1616941034062647417,1616941034064132684,1.010689
1616941034072856965,1616941034074553300,1.252385
1616941034083071042,1616941034084669468,1.151554
1616941034093206950,1616941034094806389,1.140221
1616941034103308186,1616941034104818226,1.080459
1616941034113401855,1616941034114932309,1.074064
1616941034123506316,1616941034125107229,1.135062
1616941034133674629,1616941034135264983,1.11623
1616941034143820550,1616941034145377407,1.070496
1616941034153919486,1616941034155464604,1.074377
1616941034164021255,1616941034165696464,1.209821
1616941034174160803,1616941034175742527,1.104719
1616941034184194680,1616941034185974005,1.298423
1616941034194353821,1616941034195992557,1.212041
1616941034204507093,1616941034206162780,1.231333
1616941034214623999,1616941034216222654,1.146123
1616941034224723153,1616941034226514069,1.349616
1616941034234894429,1616941034236529749,1.215875
1616941034245050291,1616941034246767978,1.23849
1616941034255160967,1616941034256759137,1.183672
1616941034265232416,1616941034266841634,1.135562
1616941034275472240,1616941034277115174,1.205906
1616941034285559594,1616941034287227300,1.188793
1616941034295661946,1616941034297200586,1.055146
1616941034305704445,1616941034307283695,1.126006
1616941034315807605,1616941034317371166,1.081627
1616941034325921255,1616941034327494559,1.105673
1616941034336090063,1616941034337661223,1.096003
1616941034346253204,1616941034347802039,1.060592
1616941034356475878,1616941034357974545,1.011625
1616941034366645463,1616941034368218594,1.148641
1616941034376886413,1616941034378695383,1.396605
1616941034387101714,1616941034388723783,1.14022
1616941034397324238,1616941034398886825,1.125306
1616941034407497337,1616941034409032338,1.088772
1616941034417716406,1616941034419243579,1.086977
1616941034427933442,1616941034429539699,1.185571
1616941034438095782,1616941034439721129,1.209581
1616941034448267669,1616941034449924931,1.238026
1616941034458435822,1616941034460424936,1.626705
1616941034468654756,1616941034470231534,1.095175
1616941034478822557,1616941034480444408,1.199304
1616941034489041434,1616941034490620777,1.167868
1616941034499265387,1616941034500788654,1.095268
1616941034509427125,1616941034510932531,1.032267
1616941034519645978,1616941034521253010,1.173461
1616941034529864197,1616941034531427453,1.142643
1616941034540114481,1616941034541649777,1.090557
1616941034550283085,1616941034551815764,1.102318
1616941034560515711,1616941034562075527,1.118532
1616941034570684466,1616941034572197018,1.080051
1616941034580903854,1616941034582512572,1.204006
1616941034591147377,1616941034592703560,1.135248
1616941034601382007,1616941034602939384,1.125289
1616941034611579235,1616941034613164094,1.118739
1616941034621688583,1616941034623272626,1.110457
1616941034631858384,1616941034633402479,1.055098
1616941034641966200,1616941034643554478,1.084758
1616941034652125861,1616941034653635484,1.019332
1616941034662243047,1616941034663772222,1.104923
1616941034672410361,1616941034673961185,1.132521
1616941034682525204,1616941034684079679,1.130705
1616941034692681709,1616941034694199667,1.090789
1616941034702852874,1616941034704366655,1.107846
1616941034713017203,1616941034714627357,1.187333
1616941034723196352,1616941034724790821,1.162598
1616941034733362597,1616941034734870954,1.028255
1616941034743527507,1616941034744991168,1.047463
1616941034753649797,1616941034755252715,1.129775
1616941034763813532,1616941034765362468,1.0656
1616941034774002675,1616941034775599300,1.191223
1616941034784162178,1616941034785757525,1.107674
1616941034794287379,1616941034795825531,1.104074
1616941034804510915,1616941034806197170,1.25777
1616941034814626811,1616941034816200513,1.083276
1616941034824858931,1616941034826535504,1.232492
1616941034835024188,1616941034836577480,1.063167
1616941034845188026,1616941034846755624,1.089036
1616941034855417825,1616941034857019647,1.134964
1616941034865641974,1616941034867249574,1.138986
1616941034875859949,1616941034877411356,1.088768
1616941034886088589,1616941034887773863,1.200259
1616941034896306219,1616941034897960892,1.178197
1616941034906474345,1616941034908006793,1.033337
1616941034916694495,1616941034918235422,1.073878
1616941034926866102,1616941034928406867,1.128762
1616941034937043398,1616941034938636347,1.184699
1616941034947262736,1616941034948811341,1.143245
1616941034957388219,1616941034958933004,1.062596
1616941034967560049,1616941034969146279,1.164821
1616941034977733745,1616941034979413708,1.254934
1616941034987911911,1616941034989537517,1.19881
1616941034998090615,1616941034999756412,1.251748
1616941035008264538,1616941035009925001,1.242322
1616941035018432243,1616941035019990429,1.079915
1616941035028660118,1616941035030296043,1.211007
1616941035038835290,1616941035040437334,1.187365
1616941035049076571,1616941035050616156,1.12332
1616941035059292549,1616941035060867674,1.141957
1616941035069520018,1616941035071096800,1.143638
1616941035079742688,1616941035081275483,1.105024
1616941035089965962,1616941035091624061,1.245354
1616941035100186217,1616941035101817216,1.215407
1616941035110313657,1616941035111982340,1.228441
1616941035120541786,1616941035122097351,1.069249
1616941035130711223,1616941035132386804,1.217817
1616941035140947651,1616941035142644065,1.293656
1616941035151114872,1616941035152780924,1.238569
1616941035161334202,1616941035162940566,1.199436
1616941035171552756,1616941035173218828,1.185675
1616941035181772988,1616941035183423898,1.237349
1616941035191992615,1616941035193646832,1.219428
1616941035202240963,1616941035203846580,1.184813
1616941035212461568,1616941035214156903,1.230501
1616941035222569604,1616941035224128179,1.100902
1616941035232708699,1616941035234406073,1.263074
1616941035242880149,1616941035244478574,1.190446
1616941035253102847,1616941035254717202,1.207123
1616941035263320257,1616941035264908173,1.197545
1616941035273564118,1616941035275504784,1.573415
1616941035283799903,1616941035285493583,1.240107
1616941035294029557,1616941035295637694,1.137099
1616941035304199805,1616941035305849646,1.227476
1616941035314316650,1616941035315904184,1.149756
1616941035324536903,1616941035326060891,1.098198
1616941035334666553,1616941035336393245,1.260587
1616941035344833810,1616941035346284483,0.936223
1616941035354935853,1616941035356365161,0.90867
1616941035365041900,1616941035366597579,1.057035
1616941035375145083,1616941035376722383,1.059329
1616941035385372577,1616941035386908417,1.017898
1616941035395480355,1616941035397018227,1.092362
1616941035405587515,1616941035407062604,0.973817
1616941035415716159,1616941035417315361,1.122349
1616941035425835917,1616941035427399665,1.073551
1616941035435933152,1616941035437555719,1.148929
1616941035446070985,1616941035447658456,1.099392
1616941035456239486,1616941035457826406,1.089963
1616941035466348396,1616941035467953316,1.172229
1616941035476535030,1616941035478098894,1.136448
1616941035486645916,1616941035488132428,1.104556
1616941035496811325,1616941035498399255,1.093467
1616941035506931105,1616941035508399834,1.048683
1616941035517046126,1616941035518620832,1.171011
1616941035527175935,1616941035528823127,1.223424
1616941035537350222,1616941035538879986,1.062576
1616941035547582104,1616941035549097573,1.103407
1616941035557798763,1616941035559421508,1.195088
1616941035568018755,1616941035569562171,1.13185
1616941035578143066,1616941035579746432,1.178967
1616941035588376086,1616941035590023539,1.219276
1616941035598603178,1616941035600309272,1.279077
1616941035608820820,1616941035610405899,1.159969
1616941035619040703,1616941035620598673,1.132229
1616941035629278887,1616941035630771399,1.078728
1616941035639439761,1616941035641056786,1.207909
1616941035649683340,1616941035651399174,1.294624
1616941035659902946,1616941035661533852,1.210391
1616941035670138051,1616941035671785951,1.220098
1616941035680364677,1616941035682052694,1.269936
1616941035690532867,1616941035692192290,1.236232
1616941035700753080,1616941035702524339,1.395183
1616941035710985211,1616941035712552350,1.08167
1616941035721216317,1616941035722749598,1.720545
1616941035731393086,1616941035733105812,1.258279
1616941035741549555,1616941035743180969,1.1399
1616941035751769584,1616941035753462999,1.282211
1616941035761989815,1616941035763751940,1.281371
1616941035772214147,1616941035773854723,1.228586
1616941035782382299,1616941035784102927,1.254814
1616941035792451835,1616941035794104143,1.161659
1616941035802567015,1616941035804275203,1.204901
1616941035812680121,1616941035814376943,1.228845
1616941035822842935,1616941035824418833,1.10014
1616941035832995853,1616941035834702244,1.219937
1616941035843094418,1616941035844760731,1.212265
1616941035853243419,1616941035854942056,1.22577
1616941035863345884,1616941035864895155,1.141564
1616941035873513887,1616941035875144901,1.170949
1616941035883670968,1616941035885390482,1.256253
1616941035893796542,1616941035895546752,1.282426
1616941035903818551,1616941035905541558,1.30969
1616941035913975944,1616941035915718598,1.268153
1616941035924153033,1616941035925805898,1.22525
1616941035934240892,1616941035936028662,1.302266
1616941035944409716,1616941035946193653,1.364444
1616941035954511687,1616941035956173819,1.196449
1616941035964735014,1616941035966543448,1.338375
1616941035974938708,1616941035976539650,1.130515
1616941035985020058,1616941035986764353,1.261757
1616941035995172087,1616941035997034561,1.375053
1616941036005396277,1616941036007091102,1.220623
1616941036015475856,1616941036017206120,1.271964
1616941036025581618,1616941036027149492,1.09178
1616941036035634588,1616941036037190970,1.13741
1616941036045678541,1616941036047173813,1.026
1616941036055749752,1616941036057312957,1.087825
1616941036065847460,1616941036067832081,1.60268
1616941036076070710,1616941036077555866,0.975357
1616941036086174263,1616941036087767250,1.123757
1616941036096330440,1616941036097791210,1.009429
1616941036106433271,1616941036107935900,1.00695
1616941036116595503,1616941036118143940,1.062785
1616941036126760970,1616941036128370929,1.132883
1616941036136924299,1616941036138383365,1.049826
1616941036147155134,1616941036148696929,1.115296
1616941036157323199,1616941036158818992,1.076971
1616941036167513174,1616941036168971483,1.0618
1616941036177693556,1616941036179136366,1.037475
1616941036187866006,1616941036189308623,1.05439
1616941036198037527,1616941036199522343,1.084454
1616941036208282877,1616941036209735788,0.985014
1616941036218396211,1616941036219898788,1.004167
1616941036228610078,1616941036230174674,1.084726
1616941036238771099,1616941036240279337,1.053828
1616941036248954610,1616941036250455394,1.032632
1616941036259129171,1616941036260628371,1.08179
1616941036269296256,1616941036270833133,1.143701
1616941036279456626,1616941036280968612,1.037054
1616941036289679022,1616941036291320203,1.152569
1616941036299848748,1616941036301338390,1.011613
1616941036310101045,1616941036311599954,1.011206
1616941036320271076,1616941036321929565,1.158577
1616941036330453052,1616941036332008796,1.117625
1616941036340624882,1616941036342201757,1.108067
1616941036350740713,1616941036352433925,1.271175
1616941036360917877,1616941036362546752,1.22432
1616941036371101744,1616941036372717484,1.186666
1616941036381305650,1616941036382842028,1.056777
1616941036391481561,1616941036392938883,1.049826
1616941036401674234,1616941036403231117,1.140232
1616941036411861924,1616941036413409439,1.11951
1616941036422098282,1616941036423658362,1.140866
1616941036432341619,1616941036434003705,1.248786
1616941036442527524,1616941036444221909,1.217909
1616941036452750321,1616941036454375079,1.118778
1616941036462974548,1616941036464678221,1.287823
1616941036473208261,1616941036474968083,1.282485
1616941036483429720,1616941036485079884,1.233415
1616941036493670602,1616941036495331274,1.227538
1616941036503890521,1616941036505531569,1.208618
1616941036514075243,1616941036515649061,1.147609
1616941036524290226,1616941036525872578,1.158458
1616941036534412529,1616941036535929052,1.071141
1616941036544634017,1616941036546135135,1.068584
1616941036554793169,1616941036556336917,1.112954
1616941036565030529,1616941036566664261,1.16495
1616941036575245726,1616941036576807483,1.121856
1616941036585465192,1616941036586998412,1.054112
1616941036595685929,1616941036597302680,1.209994
1616941036605906492,1616941036607433228,1.108941
1616941036616076380,1616941036617496935,0.965597
1616941036626242945,1616941036627746132,0.951033
1616941036636427279,1616941036637870852,0.943849
1616941036646597578,1616941036648041004,0.946767
1616941036656817646,1616941036658254225,0.988187
1616941036666988552,1616941036668430020,0.936473
1616941036677177122,1616941036678666828,1.092905
1616941036687346964,1616941036688927881,1.091355
1616941036697524362,1616941036699092056,1.074956
1616941036707697132,1616941036709319825,1.130263
1616941036717919393,1616941036719361541,0.972755
1616941036728150998,1616941036729709082,1.150148
1616941036738270916,1616941036739864723,1.196671
1616941036748488419,1616941036750148286,1.24767
1616941036758604375,1616941036760162757,1.094943
1616941036768825828,1616941036770327879,1.044823
1616941036778937169,1616941036780483548,1.176678
1616941036789152085,1616941036790725146,1.120032
1616941036799368367,1616941036800981669,1.181284
1616941036809536862,1616941036811119559,1.128408
1616941036819759015,1616941036821354771,1.108192
1616941036829977174,1616941036831560268,1.155594
1616941036840199719,1616941036841873592,1.24198
1616941036850370539,1616941036852092017,1.252661
1616941036860588374,1616941036862943005,2.098942
1616941036870753750,1616941036872510403,1.336114
1616941036880984038,1616941036882627808,1.242392
1616941036891198884,1616941036892872237,1.248508
1616941036901421198,1616941036902948466,1.03944
1616941036911588409,1616941036913242913,1.26475
1616941036921810453,1616941036923424818,1.140393
1616941036932046360,1616941036933667787,1.202095
1616941036942238503,1616941036943800705,1.155298
1616941036952397066,1616941036953997252,1.186056
1616941036962568885,1616941036964102195,1.051437
1616941036972745800,1616941036974313530,1.157281
1616941036982913484,1616941036984463005,1.147579
1616941036993141884,1616941036994751424,1.191862
1616941037003298078,1616941037004813555,1.086638
1616941037013517748,1616941037014995339,1.113283
1616941037023687693,1616941037025241409,1.074401
1616941037033883551,1616941037035397039,1.015527
1616941037044099296,1616941037045641269,1.089775
1616941037054225971,1616941037055840958,1.14577
1616941037064445888,1616941037066036261,1.150577
1616941037074619981,1616941037076226948,1.22498
1616941037084851292,1616941037086415961,1.124903
1616941037095025339,1616941037096574286,1.128344
1616941037105245211,1616941037106786730,1.06566
1616941037115426312,1616941037116996742,1.132883
1616941037125553318,1616941037127067052,1.073303
1616941037135728570,1616941037137279304,1.132028
1616941037145950698,1616941037147606284,1.160838
1616941037156081170,1616941037157670234,1.107658
1616941037166201113,1616941037167891900,1.306564
1616941037176331090,1616941037177858066,1.051247
1616941037186518260,1616941037188026040,1.021547
1616941037196679363,1616941037198179213,1.020381
1616941037206790874,1616941037208346214,1.077793
1616941037216920536,1616941037218541517,1.171265
1616941037227078182,1616941037228661330,1.10385
1616941037237250359,1616941037238799307,1.049116
1616941037247396727,1616941037249030389,1.187649
1616941037257573992,1616941037259154934,1.072648
1616941037267741825,1616941037269331843,1.105305
1616941037277844170,1616941037279478110,1.210296
1616941037287963945,1616941037289533321,1.108643
1616941037298159155,1616941037299688733,1.085691
1616941037308316727,1616941037309843215,1.094643
1616941037318441623,1616941037320032243,1.174054
1616941037328613360,1616941037330313028,1.291591
1616941037338714872,1616941037340214832,0.994519
1616941037348946776,1616941037350539504,1.206448
1616941037359159568,1616941037360731434,1.193873
1616941037369382212,1616941037370961256,1.087211
1616941037379599835,1616941037381050832,0.977224
1616941037389770467,1616941037391342108,1.07952
1616941037399875546,1616941037401346291,0.957553
1616941037410110216,1616941037411732346,1.224354
1616941037420334423,1616941037421943789,1.206024
1616941037430453947,1616941037432050248,1.200081
1616941037440626318,1616941037442142171,1.039838
1616941037450742800,1616941037452293201,1.070025
1616941037460899978,1616941037462336977,0.992738
1616941037470998134,1616941037472479127,1.049044
1616941037481215887,1616941037482717437,1.0553
1616941037491442251,1616941037492968756,1.097353
1616941037501621211,1616941037503138167,1.024156
1616941037511781766,1616941037513368689,1.121877
1616941037521974263,1616941037523763460,1.333935
1616941037532201617,1616941037533815187,1.150297
1616941037542287691,1616941037543797027,0.977132
1616941037552452626,1616941037553973822,0.961928
1616941037562561953,1616941037564187119,1.151356
1616941037572688786,1616941037574265773,1.062252
1616941037582863402,1616941037584463732,1.114054
1616941037592995939,1616941037594684981,1.194886
1616941037603118286,1616941037604755428,1.148641
1616941037613270513,1616941037614863684,1.09212
1616941037623385611,1616941037624947883,1.043727
1616941037633561846,1616941037635124309,1.058406
1616941037643587443,1616941037645065562,1.012792
1616941037653804725,1616941037655340184,1.068763
1616941037663964005,1616941037665835291,1.471536
1616941037674089880,1616941037675574036,0.99781
1616941037684260290,1616941037685795799,1.048851
1616941037694437500,1616941037695970888,1.035258
1616941037704536120,1616941037706099444,1.069431
1616941037714631087,1616941037716137776,1.030652
1616941037724765920,1616941037726248034,0.974357
1616941037734874083,1616941037736337825,0.978057
1616941037745030868,1616941037746600277,1.107337
1616941037755249398,1616941037756671505,0.958956
1616941037765408809,1616941037766836348,0.933197
1616941037775512940,1616941037776916204,0.987317
1616941037785751339,1616941037787153774,0.897284
1616941037795969106,1616941037797489651,1.040335
1616941037806037071,1616941037807649871,1.133628
1616941037816143697,1616941037817713927,1.154868
1616941037826246190,1616941037827804279,1.133106
1616941037836490643,1616941037838026518,1.057022
1616941037846610559,1616941037848158353,1.1154
1616941037856798938,1616941037858290677,0.999061
1616941037866976934,1616941037868560936,1.110571
1616941037877153293,1616941037878710930,1.067433
1616941037887327182,1616941037888924690,1.152758
1616941037897505165,1616941037899002691,0.998334
1616941037907724091,1616941037909221263,0.98138
1616941037917975122,1616941037919519016,1.036942
1616941037928138051,1616941037929656329,1.00197
1616941037938313599,1616941037939886648,1.122695
1616941037948485826,1616941037950136328,1.169689
1616941037958607275,1616941037960233664,1.180996
1616941037968829318,1616941037970429245,1.124368
1616941037978945165,1616941037980579052,1.153054
1616941037989175215,1616941037990812048,1.138343
1616941037999343441,1616941038000903791,1.085258
1616941038009598281,1616941038011192878,1.109486
1616941038019812004,1616941038021521946,1.28229
1616941038030026038,1616941038031646871,1.199075
1616941038040265793,1616941038041861107,1.168156
1616941038050373689,1616941038052103248,1.29441
1616941038060542665,1616941038062176517,1.220595
1616941038070779754,1616941038072476196,1.345394
1616941038081010443,1616941038082680597,1.2442
1616941038091168348,1616941038092851055,1.248201
1616941038101341406,1616941038103018704,1.198246
1616941038111538161,1616941038113228194,1.26129
1616941038121767912,1616941038123420415,1.223819
1616941038131985386,1616941038133656551,1.244368
1616941038142222579,1616941038143961100,1.324168
1616941038152443380,1616941038154145996,1.283402
1616941038162697667,1616941038164284901,1.122821
1616941038172919010,1616941038174565047,1.158807
1616941038183089092,1616941038184659586,1.127048
1616941038193323277,1616941038194895766,1.083276
1616941038203542861,1616941038205116764,1.154244
1616941038213769410,1616941038215400966,1.215111
1616941038223998092,1616941038225637380,1.215999
1616941038234230224,1616941038235949732,1.312098
1616941038244452402,1616941038246111882,1.236574
1616941038254626883,1616941038256345719,1.306091
1616941038264871815,1616941038266630463,1.352042
1616941038274990473,1616941038276629938,1.163629
1616941038285174812,1616941038286808026,1.221341
1616941038295396950,1616941038297086350,1.270186
1616941038305619131,1616941038307297516,1.255184
1616941038315839074,1616941038317451763,1.204187
1616941038326125708,1616941038327767937,1.17466
1616941038336354292,1616941038337940529,1.104678
1616941038346481406,1616941038348075907,1.170502
1616941038356713144,1616941038358368184,1.239335
1616941038366836996,1616941038368502120,1.230358
1616941038377069455,1616941038378710298,1.162277
1616941038387293769,1616941038388967797,1.251041
1616941038397513078,1616941038399137511,1.210956
1616941038407734200,1616941038409268361,1.116928
1616941038417957283,1616941038419603637,1.223122
1616941038428123500,1616941038429783196,1.240655
1616941038438225314,1616941038439787244,1.090772
1616941038448392504,1616941038450059465,1.176585
1616941038458557623,1616941038460282711,1.601617
1616941038468725945,1616941038470337523,1.122686
1616941038478889748,1616941038480476885,1.252136
1616941038489057136,1616941038490717232,1.24554
1616941038499223049,1616941038500750165,1.059161
1616941038509443149,1616941038511054047,1.186941
1616941038519628833,1616941038521242907,1.187186
1616941038529812395,1616941038531418405,1.196997
1616941038539985750,1616941038541410215,0.931258
1616941038550166106,1616941038554714338,4.090954
1616941038560392354,1616941038561836258,1.055678
1616941038570562563,1616941038572029581,1.085039
1616941038580815740,1616941038582412663,1.120432
1616941038591037041,1616941038592594119,1.126757
1616941038601255289,1616941038602777162,1.123532
1616941038611474791,1616941038613072474,1.129134
1616941038621698036,1616941038623230390,1.093754
1616941038631819008,1616941038633394738,1.185544
1616941038642072915,1616941038643655472,1.163776
1616941038652244806,1616941038653750467,1.089257
1616941038662366494,1616941038663881426,1.072843
1616941038672600413,1616941038674118287,1.103158
1616941038682715505,1616941038684337508,1.14391
1616941038692933184,1616941038694537379,1.209497
1616941038703154029,1616941038704699410,1.121456
1616941038713373327,1616941038715000907,1.210904
1616941038723592904,1616941038725094162,1.096087
1616941038733761007,1616941038735349435,1.12457
1616941038743916482,1616941038745585218,1.240849
1616941038754083093,1616941038755651427,1.158344
1616941038764310040,1616941038765910388,1.132451
1616941038774479121,1616941038776060759,1.105123
1616941038784694192,1616941038787509217,2.403995
1616941038794810526,1616941038796507108,1.231641
1616941038804985511,1616941038806580697,1.137418
1616941038815193048,1616941038816780254,1.107409
1616941038825370480,1616941038827021867,1.173879
1616941038835546401,1616941038837098707,1.139948
1616941038845766802,1616941038847375632,1.139084
1616941038855941811,1616941038857486948,1.120732
1616941038866137725,1616941038867940146,1.397785
1616941038876359104,1616941038878007450,1.181661
1616941038886528248,1616941038888153576,1.217139
1616941038896745885,1616941038898345280,1.28302
1616941038906976787,1616941038908705420,1.276576
1616941038917196274,1616941038918809291,1.139274
1616941038927417271,1616941038929163259,1.315577
1616941038937639702,1616941038939243837,1.214163
1616941038947813424,1616941038949481104,1.227651
1616941038958001562,1616941038959718402,1.306406
1616941038968239378,1616941038969909371,1.266899
1616941038978408610,1616941038980042276,1.229746
1616941038988627682,1616941038990291706,1.261466
1616941038998793919,1616941039000478079,1.294973
1616941039009017144,1616941039010553242,1.06429
1616941039019243153,1616941039020803113,1.124122
1616941039029486195,1616941039030992550,1.070135
1616941039039724489,1616941039041154810,1.011616
1616941039049944251,1616941039051419160,1.053471
1616941039060177042,1616941039061666365,1.068404
1616941039070304572,1616941039071799292,0.997215
1616941039080478670,1616941039081975901,0.988889
1616941039090653467,1616941039092182500,1.104681
1616941039100893055,1616941039102396156,1.066538
1616941039111121354,1616941039112697787,1.147575
1616941039121366956,1616941039122912032,1.126152
1616941039131530959,1616941039133100563,1.140735
1616941039141707762,1616941039143230972,1.082417
1616941039151882303,1616941039153373809,1.027953
1616941039162110697,1616941039163646682,1.099935
1616941039172346321,1616941039173873551,1.102742
1616941039182513937,1616941039183976727,0.979907
1616941039192732037,1616941039194247893,1.081165
1616941039202901159,1616941039204383010,1.076949
1616941039213118590,1616941039214719583,1.119163
1616941039223346745,1616941039224920189,1.126638
1616941039233573179,1616941039235175087,1.211202
1616941039243794041,1616941039245357330,1.157501
1616941039254012165,1616941039255618717,1.518289
1616941039264233675,1616941039266177617,1.461837
1616941039274407231,1616941039275984559,1.118235
1616941039284522072,1616941039286117694,1.119955
1616941039294621083,1616941039296132130,1.016724
1616941039304837235,1616941039306341693,1.004673
1616941039315054525,1616941039316622406,1.102653
1616941039325153751,1616941039326705880,1.050503
1616941039335326732,1616941039336880063,1.058032
1616941039345374671,1616941039346961486,1.112357
1616941039355596806,1616941039357144739,1.068985
1616941039365828291,1616941039367356468,1.042683
1616941039375933604,1616941039377413338,0.982393
1616941039386035927,1616941039387595882,1.078719
1616941039396204497,1616941039397733921,1.04748
1616941039406319230,1616941039408145856,1.372114
1616941039416416131,1616941039417957218,1.07392
1616941039426592643,1616941039428198160,1.15081
1616941039436680748,1616941039438217532,1.075683
1616941039446919076,1616941039448459017,1.163895
1616941039457085611,1616941039458691902,1.131266
1616941039467193759,1616941039468755597,1.194475
1616941039477420514,1616941039478887103,0.970605
1616941039487643998,1616941039489151413,1.071288
1616941039497853244,1616941039499431677,1.103592
1616941039507912413,1616941039509504215,1.116493
1616941039518004982,1616941039519501603,0.996551
1616941039528226435,1616941039529766745,1.063859
1616941039538332269,1616941039539809164,1.001828
1616941039548395461,1616941039549914363,1.064766
1616941039558554907,1616941039560053477,1.019318
1616941039568615077,1616941039570220030,1.130625
1616941039578745026,1616941039580352963,1.203631
1616941039588766978,1616941039590446475,1.314684
1616941039598994690,1616941039600593707,1.161867
1616941039609222562,1616941039610827245,1.142679
1616941039619357176,1616941039620891004,1.103499
1616941039629450113,1616941039630922133,1.014467
1616941039639671534,1616941039641231842,1.086644
1616941039649793311,1616941039651417716,1.224845
1616941039659917803,1616941039661491164,1.145527
1616941039670135107,1616941039671751954,1.13045
1616941039680304432,1616941039681880842,1.157703
1616941039690426737,1616941039692060820,1.161374
1616941039700519526,1616941039702023714,1.08044
1616941039710624429,1616941039712275617,1.247554
1616941039720746039,1616941039722306645,1.128064
1616941039730907766,1616941039732497572,1.174876
1616941039741162265,1616941039742698262,1.087015
1616941039751261106,1616941039752857646,1.197973
1616941039761414380,1616941039763003861,1.108696
1616941039771512123,1616941039773180299,1.258355
1616941039781660817,1616941039783302725,1.224243
1616941039791758649,1616941039793452545,1.280296
1616941039801916715,1616941039803647071,1.306016
1616941039812070598,1616941039813731661,1.186874
1616941039822227657,1616941039823947302,1.233985
1616941039832357498,1616941039834077200,1.242296
1616941039842459887,1616941039844152954,1.286488
1616941039852692727,1616941039854381657,1.277312
1616941039862850091,1616941039864452537,1.12435
1616941039873082885,1616941039874718316,1.208853
1616941039883300839,1616941039885018689,1.291982
1616941039893536513,1616941039895209576,1.259687
1616941039903756573,1616941039905418115,1.240827
1616941039913980626,1616941039915678340,1.22853
1616941039924210777,1616941039925859961,1.22376
1616941039934381241,1616941039936048093,1.25032
1616941039944562338,1616941039946208048,1.216518
1616941039954719998,1616941039956419975,1.236262
1616941039964877626,1616941039966559104,1.244875
1616941039974975617,1616941039976573085,1.125115
1616941039985150407,1616941039986744902,1.108918
1616941039995377525,1616941039997044594,1.242651
1616941040005540102,1616941040007102486,1.075086
1616941040015772780,1616941040017454073,1.272417
1616941040026015889,1616941040027545455,1.036282
1616941040036250402,1616941040037761934,1.026801
1616941040046419646,1616941040048478904,2.018647
1616941040056638122,1616941040058058121,0.999691
1616941040066814018,1616941040068411786,1.191429
1616941040077079393,1616941040078649945,1.161068
1616941040087254449,1616941040088876052,1.156442
1616941040097474884,1616941040099164843,1.273271
1616941040107698644,1616941040109331426,1.207355
1616941040117914806,1616941040119539381,1.206487
1616941040128137239,1616941040129751123,1.202949
1616941040138361754,1616941040139957818,1.175287
1616941040148532430,1616941040150098994,1.174664
1616941040158773602,1616941040160379083,1.17467
1616941040168949196,1616941040170568101,1.19269
1616941040179176008,1616941040180781730,1.222397
1616941040189358526,1616941040190884789,1.130494
1616941040199579202,1616941040201140795,1.119803
1616941040209751083,1616941040211268006,1.092735
1616941040219925457,1616941040221445524,1.084194
1616941040230097236,1616941040231746429,1.245448
1616941040240334067,1616941040241877849,1.113533
1616941040250500879,1616941040251998716,1.061695
1616941040260727334,1616941040262269653,1.122097
1616941040270885796,1616941040272403121,1.068804
1616941040281051605,1616941040282642152,1.120452
1616941040291264406,1616941040292857018,1.09854
1616941040301437292,1616941040302938770,0.992374
1616941040311619877,1616941040313178800,1.038458
1616941040321785100,1616941040323377651,1.137157
1616941040331959036,1616941040333493349,1.033178
1616941040342112921,1616941040343714680,1.097575
1616941040352288903,1616941040353843809,1.063435
1616941040362414679,1616941040363901102,0.998695
1616941040372591128,1616941040374143758,1.059032
1616941040382709662,1616941040384280818,1.071654
1616941040392877819,1616941040394358078,0.976869
1616941040403012528,1616941040404612456,1.135518
1616941040413192006,1616941040414773387,1.092561
1616941040423364959,1616941040424966689,1.112872
1616941040433530899,1616941040435053390,1.016537
1616941040443696503,1616941040445343890,1.148164
1616941040453874609,1616941040455414644,1.0457
1616941040464046054,1616941040465653752,1.113296
1616941040474227928,1616941040475823654,1.107086
1616941040484389847,1616941040486019786,1.188992
1616941040494608100,1616941040496193216,1.144823
1616941040504821828,1616941040506380875,1.102737
1616941040515065603,1616941040516675948,1.185296
1616941040525305420,1616941040526894663,1.152505
1616941040535520706,1616941040537172170,1.221644
1616941040545735989,1616941040547284419,1.108114
1616941040555906986,1616941040557396412,1.010137
1616941040566069869,1616941040567598134,1.062309
1616941040576224810,1616941040577851480,1.173907
1616941040586393212,1616941040587924856,1.115616
1616941040596619434,1616941040598351943,1.300539
1616941040606772370,1616941040608429622,1.281171
1616941040616993331,1616941040618645623,1.197753
1616941040627211255,1616941040628888991,1.245678
1616941040637443655,1616941040639101313,1.177681
1616941040647689590,1616941040649375579,1.249096
1616941040657919494,1616941040659592450,1.275184
1616941040668140043,1616941040669669326,1.121475
1616941040678309592,1616941040679843456,1.037812
1616941040688529808,1616941040690013628,1.028129
1616941040698699770,1616941040700200668,1.066434
1616941040708923433,1616941040710396301,1.072147
1616941040719150968,1616941040720695624,1.138811
1616941040729380984,1616941040730838314,1.06906
1616941040739609673,1616941040741175834,1.177787
1616941040749839556,1616941040751372003,1.11704
1616941040760057887,1616941040761701332,1.215884
1616941040770236242,1616941040771698553,0.978164
1616941040780454440,1616941040782074280,1.204838
1616941040790581791,1616941040792215730,1.208603
1616941040800748452,1616941040802323497,1.186182
1616941040810917313,1616941040812499893,1.158464
1616941040821144534,1616941040822881763,1.321021
1616941040831309992,1616941040832942048,1.140123
1616941040841549873,1616941040843099134,1.122155
1616941040851769307,1616941040853339049,1.140303
1616941040861988489,1616941040863963458,1.630221
1616941040872210795,1616941040873766620,1.077728
1616941040882380953,1616941040883919159,1.119891
1616941040892614289,1616941040894107257,1.052612
1616941040902783469,1616941040904312016,1.114178
1616941040913035899,1616941040914695422,1.241045
1616941040923207954,1616941040924763663,1.161485
1616941040933429822,1616941040934965311,1.10597
1616941040943647306,1616941040945201901,1.141169
1616941040953870974,1616941040955469687,1.16232
1616941040964108185,1616941040965691624,1.158698
1616941040974232120,1616941040975865647,1.207217
1616941040984449485,1616941040986075595,1.197367
1616941040994677740,1616941040996224116,1.111347
1616941041004895928,1616941041006851765,1.465302
1616941041015057998,1616941041016687415,1.205447
1616941041025162538,1616941041026834319,1.200531
1616941041035320443,1616941041036926663,1.111249
1616941041045348349,1616941041046853390,1.011172
1616941041055446024,1616941041057009209,1.065443
1616941041065543025,1616941041067131041,1.098098
1616941041075655808,1616941041077329769,1.213515
1616941041085742986,1616941041087279335,1.100943
1616941041095811157,1616941041097408988,1.168602
1616941041105896622,1616941041107419346,1.094551
1616941041116060515,1616941041117618958,1.065677
1616941041126170335,1616941041127683023,1.039327
1616941041136202436,1616941041137726952,1.057607
1616941041146375991,1616941041147959262,1.093803
1616941041156611763,1616941041158173291,1.085087
1616941041166716235,1616941041168330513,1.134103
1616941041176789262,1616941041178348849,1.164271
1616941041186890984,1616941041188528936,1.1871
1616941041196917525,1616941041198600697,1.214235
1616941041207021009,1616941041208648276,1.161352
1616941041217185128,1616941041218809893,1.111929
1616941041227292168,1616941041228871634,1.072098
1616941041237395452,1616941041238976853,1.058795
1616941041247543189,1616941041249164560,1.14531
1616941041257723957,1616941041259356507,1.173345
1616941041267809626,1616941041269343289,1.051221
1616941041277980823,1616941041279586736,1.1052
1616941041288077580,1616941041289736451,1.177925
1616941041298184239,1616941041299852512,1.148864
1616941041308280225,1616941041309915950,1.11041
1616941041318372598,1616941041320002929,1.127985
1616941041328473228,1616941041330095392,1.126435
1616941041338646699,1616941041340296942,1.152943
1616941041348798433,1616941041350360571,1.071774
1616941041358827023,1616941041360411034,1.109435
1616941041369044400,1616941041370689885,1.16106
1616941041379211797,1616941041380851745,1.150887
1616941041389428444,1616941041391009794,1.051699
1616941041399525297,1616941041401101113,1.074593
1616941041409626818,1616941041411268485,1.161203
1616941041419723213,1616941041421370372,1.164748
1616941041429823954,1616941041431430443,1.117823
1616941041439936466,1616941041441645307,1.21204
1616941041450040560,1616941041451672198,1.145341
1616941041460136789,1616941041461799666,1.191585
1616941041470307777,1616941041471968777,1.188233
1616941041480528631,1616941041482074559,1.133925
1616941041490653055,1616941041492178631,1.108716
1616941041500821409,1616941041502428021,1.189211
1616941041510936179,1616941041512587517,1.229551
1616941041521105153,1616941041522694339,1.167025
1616941041531345353,1616941041533066683,1.306508
1616941041541570898,1616941041543240652,1.24878
1616941041551801616,1616941041553504381,1.296972
1616941041562021110,1616941041563796866,1.372929
1616941041572237954,1616941041573918955,1.263476
1616941041582408525,1616941041584177218,1.363861
1616941041592627550,1616941041594310640,1.279783
1616941041602790436,1616941041604445002,1.233282
1616941041613028922,1616941041614692058,1.2498
1616941041623254786,1616941041624977305,1.305216
1616941041633471954,1616941041635101910,1.224789
1616941041643706229,1616941041645460177,1.333593
1616941041653871660,1616941041655542401,1.253494
1616941041664092489,1616941041666238777,2.012988
1616941041674247884,1616941041675942804,1.277733
1616941041684464886,1616941041686115037,1.167701
1616941041694632897,1616941041696147127,1.094237
1616941041704872966,1616941041706417545,1.128292
1616941041715098493,1616941041716820838,1.297119
1616941041725316613,1616941041726850317,1.05734
1616941041735544280,1616941041737070960,1.098043
1616941041745773694,1616941041747387721,1.201325
1616941041755985894,1616941041757560738,1.15978
1616941041766217550,1616941041767868041,1.174448
1616941041776435910,1616941041778008815,1.160776
1616941041786606277,1616941041788198551,1.167514
1616941041796844763,1616941041798370959,1.115836
1616941041807062207,1616941041808615583,1.134553
1616941041817283439,1616941041818905001,1.203733
1616941041827508230,1616941041829051688,1.095297
1616941041837738981,1616941041839333747,1.121359
1616941041847960852,1616941041849537280,1.105434
1616941041858192520,1616941041859737221,1.128249
1616941041868418279,1616941041869941113,1.104981
1616941041878542707,1616941041880029155,1.070599
1616941041888778320,1616941041890315127,1.062133
1616941041899001615,1616941041900550850,1.09147
1616941041909216030,1616941041910820019,1.123103
1616941041919447948,1616941041921005413,1.086348
1616941041929683824,1616941041931157300,1.073831
1616941041939910824,1616941041941424240,1.067998
1616941041950156125,1616941041951806198,1.167429
1616941041960325953,1616941041961875694,1.020051
1616941041970572014,1616941041972091148,0.961294
1616941041980776467,1616941041982237001,0.95662
1616941041990933530,1616941041992330866,0.86703
1616941042001052607,1616941042002509600,0.947548
1616941042011213975,1616941042012740694,1.029648
1616941042021432723,1616941042022867989,0.92722
1616941042031647494,1616941042033184781,1.031853
1616941042041866723,1616941042043311201,0.953143
1616941042052087574,1616941042053537722,0.938891
1616941042062248215,1616941042063687462,0.922566
1616941042072446341,1616941042074011055,1.14027
1616941042082569346,1616941042084036900,1.057509
1616941042092785910,1616941042094270487,1.023442
1616941042103017898,1616941042104540743,1.099092
1616941042113266596,1616941042114732893,1.021697
1616941042123497534,1616941042125026080,1.04091
1616941042133724083,1616941042135262434,1.064066
1616941042143942120,1616941042145474107,1.05651
1616941042154169373,1616941042155697005,1.055122
1616941042164392936,1616941042165955322,1.098813
1616941042174563229,1616941042176179190,1.175224
1616941042184794396,1616941042186355137,1.065411
1616941042195015693,1616941042196731587,1.239416
1616941042205179966,1616941042206787130,1.12949
1616941042215426120,1616941042217015109,1.11751
1616941042225645499,1616941042227238456,1.111164
1616941042235866952,1616941042237442676,1.114977
1616941042246086740,1616941042247639207,1.072866
1616941042256323531,1616941042257871608,1.057771
1616941042266521447,1616941042268056328,1.034689
1616941042276740214,1616941042278300107,1.088226
1616941042286910026,1616941042288574181,1.208678
1616941042297130522,1616941042298657105,1.111695
1616941042307301482,1616941042308856349,1.077332
1616941042317540628,1616941042319129558,1.177987
1616941042327770380,1616941042329271584,1.078297
1616941042338005899,1616941042339607973,1.163022
1616941042348224525,1616941042349922714,1.221133
1616941042358394643,1616941042360010793,1.200329
1616941042368568820,1616941042370226074,1.243483
1616941042378755109,1616941042380494797,1.338025
1616941042388925577,1616941042390605272,1.288479
1616941042399148005,1616941042400842361,1.223647
1616941042409365548,1616941042411003318,1.229249
1616941042419594219,1616941042421231824,1.213315
1616941042429842336,1616941042431495366,1.236474
1616941042440059674,1616941042441658260,1.170377
1616941042450227402,1616941042451816360,1.174989
1616941042460354576,1616941042461904859,1.160426
1616941042470531712,1616941042472205787,1.809631
1616941042480629776,1616941042482228559,1.185452
1616941042490850921,1616941042492446487,1.142206
1616941042501074284,1616941042502666551,1.108742
1616941042511294165,1616941042512820549,1.052873
1616941042521512336,1616941042522965032,1.045637
1616941042531733245,1616941042533314201,1.162098
1616941042541968804,1616941042543536495,1.141214
1616941042552211092,1616941042553748199,1.120615
1616941042562436094,1616941042563993108,1.14732
1616941042572657472,1616941042574183363,1.093695
1616941042582827545,1616941042584495534,1.252637
1616941042593053965,1616941042594647326,1.187294
1616941042603272376,1616941042604792788,1.058122
1616941042613496676,1616941042615057771,1.09096
1616941042623714839,1616941042625211959,1.049475
1616941042633945033,1616941042635493758,1.125854
1616941042644165013,1616941042645827008,1.2454
1616941042654283073,1616941042655868283,1.176757
1616941042664524559,1616941042666127719,1.185372
1616941042674695545,1616941042676241152,1.123608
1616941042684928384,1616941042686542864,1.207503
1616941042695174202,1616941042696886020,1.246241
1616941042705394988,1616941042706929044,1.042567
1616941042715616154,1616941042717263597,1.67624
1616941042725798453,1616941042727373961,1.111165
1616941042736026016,1616941042737577624,1.066271
1616941042746156570,1616941042747691451,1.070498
1616941042756279410,1616941042757799572,1.08601
1616941042766446926,1616941042768075179,1.158161
1616941042776545648,1616941042778133383,1.138118
1616941042786696023,1616941042788338479,1.240562
1616941042796910636,1616941042798659314,1.276408
1616941042807016163,1616941042808626975,1.131531
1616941042817069455,1616941042818595107,1.055232
1616941042827174315,1616941042828687512,1.045849
1616941042837280698,1616941042838881844,1.109286
1616941042847391124,1616941042848989514,1.108813
1616941042857464589,1616941042858989352,1.038786
1616941042867496880,1616941042869000501,1.095571
1616941042877685263,1616941042879197664,1.098448
1616941042887840226,1616941042889322616,1.03612
1616941042897940968,1616941042899529956,1.099358
1616941042908164585,1616941042909773885,1.14461
1616941042918271314,1616941042919774240,1.03055
1616941042928494151,1616941042929994760,1.011372
1616941042938546504,1616941042940152259,1.228559
1616941042948701867,1616941042950394684,1.260745
1616941042958862479,1616941042960514450,1.24469
1616941042969006899,1616941042970692746,1.229606
1616941042979105680,1616941042980680068,1.097317
1616941042989182012,1616941042990782616,1.134813
1616941042999213341,1616941043000796136,1.164031
1616941043009432303,1616941043011065835,1.184311
1616941043019517812,1616941043020966165,1.047224
1616941043029751176,1616941043031241681,0.995187
1616941043039851317,1616941043041388202,1.069477
1616941043050095116,1616941043051744589,1.179586
1616941043060227651,1616941043061892966,1.184558
1616941043070305837,1616941043071828934,1.10771
1616941043080571559,1616941043082008072,1.015591
1616941043090744232,1616941043092235121,1.075568
1616941043100846682,1616941043102340674,1.103015
1616941043111014309,1616941043112564142,1.061528
1616941043121063997,1616941043122682380,1.160217
1616941043131217107,1616941043134613529,2.980888
1616941043141437995,1616941043143004993,1.067157
1616941043151661513,1616941043153154031,1.036568
1616941043161888413,1616941043163513413,1.186297
1616941043172119277,1616941043173808590,1.238893
1616941043182173327,1616941043183796495,1.167598
1616941043192216767,1616941043193820259,1.136421
1616941043202335394,1616941043203972530,1.234881
1616941043212553975,1616941043214144457,1.104331
1616941043222629980,1616941043224174664,1.048546
1616941043232658058,1616941043234285553,1.202711
1616941043242814443,1616941043244430236,1.14399
1616941043252847610,1616941043254555518,1.240828
1616941043263106740,1616941043264693254,1.117397
1616941043273268426,1616941043274939088,1.599216
1616941043283490759,1616941043285139563,1.190269
1616941043293707775,1616941043295299366,1.185568
1616941043303865885,1616941043305362949,1.050411
1616941043314093349,1616941043315810137,1.250125
1616941043324252366,1616941043325805061,1.1184
1616941043334408186,1616941043335898620,1.023121
1616941043344634051,1616941043346179110,1.11155
1616941043354759863,1616941043356356957,1.178421
1616941043364937724,1616941043366470288,1.135483
1616941043375158349,1616941043376732817,1.160835
1616941043385377948,1616941043386972073,1.160224
1616941043395595140,1616941043397182951,1.113135
1616941043405822277,1616941043407427722,1.162254
1616941043416064350,1616941043417543369,1.043498
1616941043426228514,1616941043427744556,1.044044
1616941043436446219,1616941043437973948,1.076972
1616941043446564886,1616941043448144564,1.096936
1616941043456733313,1616941043458329886,1.126435
1616941043466956475,1616941043468548062,1.177241
1616941043477127636,1616941043478732198,1.129022
1616941043487302936,1616941043488884957,1.153745
1616941043497541500,1616941043499158131,1.190994
1616941043507709674,1616941043509332688,1.208141
1616941043517928330,1616941043519451351,1.108857
1616941043528146662,1616941043529730030,1.159884
1616941043538267136,1616941043539872491,1.186844
1616941043548387358,1616941043549992392,1.184279
1616941043558508361,1616941043560116842,1.180138
1616941043568727196,1616941043570247587,1.097462
1616941043578893306,1616941043580473882,1.169061
1616941043589114369,1616941043590728292,1.184087
1616941043599328253,1616941043600957325,1.213721
1616941043609547627,1616941043611174160,1.206105
1616941043619763822,1616941043621279903,1.117096
1616941043629983701,1616941043631635270,1.228666
1616941043640205973,1616941043641843496,1.208599
1616941043650375034,1616941043652038530,1.239168
1616941043660598586,1616941043662241889,1.227994
1616941043670768125,1616941043672442522,1.264619
1616941043681003401,1616941043682659533,1.184151
1616941043691239338,1616941043692947433,1.299651
1616941043701460061,1616941043703174502,1.309854
1616941043711678105,1616941043713283046,1.171806
1616941043721850899,1616941043723461248,1.188726
1616941043732023620,1616941043733579063,1.131146
1616941043742167109,1616941043743719489,1.236037
1616941043752404551,1616941043754081916,1.279702
1616941043762572356,1616941043764189338,1.185653
1616941043772790830,1616941043774385916,1.12199
1616941043782955565,1616941043784579696,1.156256
1616941043793193296,1616941043794739358,1.15892
1616941043803411932,1616941043804996235,1.170358
1616941043813659346,1616941043815264665,1.185035
1616941043823882902,1616941043825389125,1.070681
1616941043834122217,1616941043835685347,1.144631
1616941043844349778,1616941043846042143,1.2635
1616941043854574084,1616941043856187465,1.137655
1616941043864822880,1616941043866544542,1.27445
1616941043875040002,1616941043876661094,1.152324
1616941043885209579,1616941043886744828,1.101992
1616941043895345687,1616941043896908533,1.118063
1616941043905506514,1616941043907015480,1.004152
1616941043915723159,1616941043917352924,1.199046
1616941043925956903,1616941043927707452,1.278809
1616941043936178409,1616941043937848194,1.246622
1616941043946305208,1616941043947908812,1.169921
1616941043956527288,1616941043958237753,1.237927
1616941043966653732,1616941043968338986,1.199835
1616941043976893709,1616941043978554206,1.214164
1616941043987058855,1616941043988693348,1.216054
1616941043997276642,1616941043998842313,1.166561
1616941044007495976,1616941044009153253,1.191798
1616941044017721721,1616941044019443372,1.305509
1616941044027940295,1616941044029521170,1.17732
1616941044038179267,1616941044039926629,1.33473
1616941044048415330,1616941044050106635,1.2624
1616941044058586467,1616941044060233840,1.172598
1616941044068807855,1616941044071099753,2.071853
1616941044078985634,1616941044080774229,1.376939
1616941044089163411,1616941044090814838,1.171348
1616941044099384473,1616941044101012473,1.212677
1616941044109615467,1616941044111347709,1.237401
1616941044119733147,1616941044121292038,1.156271
1616941044129897955,1616941044131651363,1.334148
1616941044140063440,1616941044141742511,1.26591
1616941044150182547,1616941044151920204,1.319703
1616941044160303763,1616941044161990105,1.272707
1616941044170485084,1616941044172165484,1.297955
1616941044180656106,1616941044182299706,1.223337
1616941044190826805,1616941044192493666,1.244618
1616941044201054950,1616941044202632765,1.130333
1616941044211217436,1616941044212751637,1.128886
1616941044221449091,1616941044222996090,1.143465
1616941044231667756,1616941044233179656,1.081996
1616941044241887038,1616941044243454837,1.49798
1616941044252110045,1616941044253668147,1.060999
1616941044262230984,1616941044263836365,1.207454
1616941044272440939,1616941044274070405,1.199036
1616941044282560094,1616941044284106870,1.122695
1616941044292799475,1616941044294295352,1.064822
1616941044302953248,1616941044304507662,1.109882
1616941044313078225,1616941044314828518,1.260023
1616941044323253384,1616941044324785433,1.033716
1616941044333476001,1616941044335040165,1.140977
1616941044343706410,1616941044345267043,1.117153
1616941044353928328,1616941044360748699,6.392552
1616941044364041279,1616941044365514741,1.001829
1616941044374219617,1616941044375730376,1.023864
1616941044384442896,1616941044386052016,1.134063
1616941044394609645,1616941044396158343,1.064142
1616941044404825961,1616941044406419415,1.122642
1616941044414945857,1616941044416542717,1.113687
1616941044425164053,1616941044426776451,1.131479
1616941044435376149,1616941044436953585,1.091531
1616941044445553020,1616941044447098113,1.036942
1616941044455771400,1616941044457325306,1.078411
1616941044465954478,1616941044467524745,1.162802
1616941044476197906,1616941044478197991,1.545844
1616941044486323487,1616941044487864016,1.108213
1616941044496497814,1616941044498074206,1.094036
1616941044506588704,1616941044508185952,1.109466
1616941044516819862,1616941044518348268,1.058603
1616941044526923855,1616941044528511363,1.108746
1616941044537026163,1616941044538558506,1.112662
1616941044547181229,1616941044548808353,1.193541
1616941044557256760,1616941044558816026,1.078305
1616941044567299969,1616941044568872247,1.110421
1616941044577359299,1616941044578867444,1.032866
1616941044587375721,1616941044588924481,1.131351
1616941044597530415,1616941044599131679,1.121286
1616941044607674786,1616941044609213958,1.101636
1616941044617701562,1616941044619271294,1.101365
1616941044627810006,1616941044629411162,1.116467
1616941044637935334,1616941044639465881,1.013736
1616941044648074792,1616941044649824238,1.2295
1616941044658180212,1616941044659813701,1.129492
1616941044668342392,1616941044669980000,1.136537
1616941044678435032,1616941044679994908,1.077244
1616941044688555675,1616941044690187529,1.180061
1616941044698631176,1616941044700268604,1.166716
1616941044708726841,1616941044710495448,1.289917
1616941044718887081,1616941044720532275,1.157337
1616941044728930288,1616941044730622212,1.214738
1616941044739027523,1616941044740634726,1.120804
1616941044749130549,1616941044750800147,1.183774
1616941044759239223,1616941044760920711,1.213762
1616941044769354087,1616941044771028388,1.173128
1616941044779454134,1616941044781070586,1.117933
1616941044789560660,1616941044791243648,1.176052
1616941044799730113,1616941044801347891,1.108924
1616941044809859849,1616941044811582908,1.29055
1616941044820081966,1616941044821738881,1.205536
1616941044830201931,1616941044831847620,1.245268
1616941044840425612,1616941044841937597,1.067623
1616941044850537732,1616941044851975150,1.025458
1616941044860753267,1616941044862264703,1.103282
1616941044870867758,1616941044872746784,1.538749
1616941044881037468,1616941044889048841,7.550899
1616941044891203712,1616941044892716520,1.012345
1616941044901421262,1616941044902860095,0.958807
1616941044911553164,1616941044912981520,0.978945
1616941044921719565,1616941044923180935,0.96067
1616941044931940058,1616941044933369929,0.979431
1616941044942109307,1616941044943577143,1.111069
1616941044952280917,1616941044953765593,1.065773
1616941044962451733,1616941044964020122,1.140341
1616941044972688710,1616941044974246228,1.143789
1616941044982858944,1616941044984465073,1.198125
1616941044993080316,1616941044994701322,1.181931
1616941045003300295,1616941045004868654,1.149772
1616941045013471181,1616941045015070523,1.128013
1616941045023630133,1616941045025289208,1.189885
1616941045033848514,1616941045035447874,1.0951
1616941045044025602,1616941045045570178,1.146602
1616941045054174930,1616941045055705413,1.128921
1616941045064409461,1616941045065981322,1.136311
1616941045074531062,1616941045076158817,1.197695
1616941045084702932,1616941045086258328,1.125136
1616941045094870601,1616941045096506102,1.205936
1616941045105050190,1616941045106671995,1.176277
1616941045115276754,1616941045116909904,1.216149
1616941045125505140,1616941045127145072,1.225824
1616941045135671500,1616941045137316089,1.240417
1616941045145891426,1616941045147513461,1.210222
1616941045156131290,1616941045157723900,1.202327
1616941045166265995,1616941045167894913,1.159618
1616941045176504744,1616941045178054439,1.118361
1616941045186618235,1616941045188278270,1.189294
1616941045196783788,1616941045198428971,1.232324
1616941045206957736,1616941045208547842,1.169921
1616941045217077532,1616941045218637247,1.152575
1616941045227242090,1616941045228737890,1.077126
1616941045237406256,1616941045238875115,1.051952
1616941045247570739,1616941045249159144,1.169207
1616941045257829629,1616941045259421643,1.163126
1616941045268049268,1616941045269669417,1.204276
1616941045278234426,1616941045279836171,1.167243
1616941045288451606,1616941045290021114,1.147568
1616941045298566808,1616941045300174432,1.149768
1616941045308722685,1616941045310231930,1.027467
1616941045318892699,1616941045320412761,1.07746
1616941045329053799,1616941045330685005,1.176264
1616941045339226873,1616941045340797637,1.081462
1616941045349409558,1616941045351043481,1.166596
1616941045359579905,1616941045361161101,1.047393
1616941045369746169,1616941045371317058,1.075674
1616941045379910668,1616941045381506778,1.13143
1616941045390099495,1616941045391741772,1.102609
1616941045400322105,1616941045401946918,1.08383
1616941045410436168,1616941045412012312,1.022463
1616941045420642714,1616941045422215733,1.015146
1616941045430760494,1616941045432345997,1.07765
1616941045440869425,1616941045442411912,1.023028
1616941045450978758,1616941045452583167,1.104606
1616941045461091477,1616941045462719356,1.220693
1616941045471204477,1616941045472855888,1.224888
1616941045481424583,1616941045483013973,1.123005
1616941045491644619,1616941045493293271,1.173671
1616941045501776289,1616941045503456880,1.201917
1616941045511950589,1616941045513593181,1.170269
1616941045522146231,1616941045523846472,1.237094
1616941045532310439,1616941045533924239,1.135868
1616941045542415281,1616941045544002048,1.104726
1616941045552569122,1616941045554195657,1.166066
1616941045562710406,1616941045564241336,1.046354
1616941045572821731,1616941045574376023,1.063469
1616941045582931134,1616941045584447477,1.006492
1616941045593106925,1616941045594671853,1.0904
1616941045603240728,1616941045604834915,1.170766
1616941045613414375,1616941045615032058,1.159146
1616941045623541464,1616941045625159731,1.193111
1616941045633659156,1616941045635235418,1.155173
1616941045643830774,1616941045645374009,1.114156
1616941045653998660,1616941045655552428,1.123364
1616941045664127349,1616941045665758382,1.212472
1616941045674234744,1616941045676144079,1.492483
1616941045684437975,1616941045685967510,1.070427
1616941045694580370,1616941045696146631,1.141095
1616941045704751175,1616941045706274597,1.077042
1616941045714915651,1616941045716518549,1.132008
1616941045725145815,1616941045726803134,1.228422
1616941045735317101,1616941045736954677,1.229112
1616941045745502059,1616941045747087191,1.157374
1616941045755739256,1616941045757437864,1.292863
1616941045765961894,1616941045767568022,1.187347
1616941045776189736,1616941045777904665,1.288958
1616941045786303042,1616941045787876827,1.071402
1616941045796511485,1616941045798112146,1.168481
1616941045806641987,1616941045808246854,1.112157
1616941045816816163,1616941045818372712,1.140855
1616941045826925371,1616941045828555652,1.235303
1616941045837150848,1616941045838777103,1.19894
1616941045847363281,1616941045848994230,1.210943
1616941045857581652,1616941045859123939,1.110739
1616941045867802691,1616941045869383018,1.145246
1616941045878019542,1616941045879643252,1.187629
1616941045888240227,1616941045889892169,1.242349
1616941045898360838,1616941045900075501,1.297791
1616941045908537709,1616941045910209164,1.261988
1616941045918717844,1616941045920309168,1.162807
1616941045928934988,1616941045930670271,1.266532
1616941045939164866,1616941045940819972,1.228769
1616941045949384959,1616941045950964599,1.151268
1616941045959603656,1616941045961251730,1.23083
1616941045969766517,1616941045971429795,1.243727
1616941045979928644,1616941045981419847,0.999601
1616941045990111403,1616941045991768970,1.170868
1616941046000335538,1616941046001946256,1.187095
1616941046010452404,1616941046012005952,1.128241
1616941046020678008,1616941046022297043,1.183859
1616941046030845673,1616941046032311554,0.987322
1616941046041073023,1616941046042636892,1.1712
1616941046051305548,1616941046052795117,1.077773
1616941046061540400,1616941046063010945,1.059649
1616941046071784829,1616941046073200847,0.999558
1616941046082023728,1616941046083593264,1.144311
1616941046092262790,1616941046093760619,1.075311
1616941046102385887,1616941046103893333,1.084285
1616941046112629223,1616941046114151836,1.097807
1616941046122786341,1616941046124280099,1.060171
1616941046132958253,1616941046134492366,1.145541
1616941046143191142,1616941046144707887,1.082101
1616941046153424727,1616941046155001813,1.159548
1616941046163546889,1616941046165010728,1.07021
1616941046173785559,1616941046175280122,1.076855
1616941046184015939,1616941046185665241,1.227301
1616941046194122959,1616941046195745782,1.191259
1616941046204339781,1616941046205815977,1.063654
1616941046214462416,1616941046216001918,1.113424
1616941046224683298,1616941046226296192,1.822843
1616941046234864242,1616941046236433939,1.103184
1616941046245041609,1616941046246688618,1.156414
1616941046255142132,1616941046256755505,1.167712
1616941046265208980,1616941046266754177,1.052404
1616941046275299602,1616941046276822027,1.024529
1616941046285356796,1616941046286787606,0.963367
1616941046295444731,1616941046296899370,1.012855
1616941046305561039,1616941046307054508,0.996664
1616941046315790836,1616941046317311567,1.030749
1616941046326013828,1616941046327576870,1.064666
1616941046336075027,1616941046337722070,1.217813
1616941046346119914,1616941046347621613,1.057107
1616941046356219815,1616941046357782851,1.088377
1616941046366325353,1616941046367890074,1.076946
1616941046376478004,1616941046378081532,1.111812
1616941046386591257,1616941046388162694,1.073886
1616941046396741221,1616941046398259508,1.048953
1616941046406844203,1616941046408343055,1.033862
1616941046416898007,1616941046418534582,1.247504
1616941046427071827,1616941046428608507,1.11095
1616941046437257346,1616941046438883031,1.139263
1616941046447363052,1616941046448898975,1.115742
1616941046457529422,1616941046459057205,1.064481
1616941046467753997,1616941046469299811,1.060727
1616941046477973452,1616941046479596656,1.656291
1616941046488076922,1616941046489533672,0.997917
1616941046498169866,1616941046499626714,0.978853
1616941046508319737,1616941046509851110,1.03865
1616941046518429978,1616941046520012877,1.111864
1616941046528533307,1616941046530096797,1.15205
1616941046538672950,1616941046540291609,1.208893
1616941046548860619,1616941046550509592,1.167749
1616941046558957827,1616941046560477441,1.044452
1616941046569093854,1616941046570671598,1.095901
1616941046579175683,1616941046580784976,1.123929
1616941046589325761,1616941046590867690,1.065278
1616941046599431185,1616941046600946448,1.025047
1616941046609559823,1616941046611106259,1.082109
1616941046619624714,1616941046621159105,1.105702
1616941046629777432,1616941046631357840,1.165456
1616941046640004164,1616941046641554392,1.061381
1616941046650112112,1616941046651559629,0.988719
1616941046660265843,1616941046661669541,1.009222
1616941046670359436,1616941046671882120,1.045174
1616941046680509455,1616941046682060469,1.051083
1616941046690675699,1616941046692263494,1.103468
1616941046700742062,1616941046702350304,1.173028
1616941046710843799,1616941046712291465,1.011945
1616941046721067379,1616941046722541278,1.042563
1616941046731253131,1616941046732782627,1.073298
1616941046741403951,1616941046743001602,1.109915
1616941046751519177,1616941046753067318,1.119314
1616941046761738281,1616941046763214796,1.068861
1616941046771972063,1616941046773431385,1.052898
1616941046782169949,1616941046783710262,1.042122
1616941046792400077,1616941046793919321,1.094353
1616941046802569649,1616941046804095560,1.082351
1616941046812796314,1616941046814381600,1.152009
1616941046823034796,1616941046824516072,1.062546
1616941046833262483,1616941046834811809,1.065935
1616941046843480298,1616941046844950256,1.062186
1616941046853700222,1616941046855241107,1.101336
1616941046863925569,1616941046865441224,1.089682
1616941046874163190,1616941046875687136,1.119065
1616941046884395530,1616941046885994271,1.179291
1616941046894565395,1616941046896089656,1.086403
1616941046904792215,1616941046906372341,1.164592
1616941046915012612,1616941046916571189,1.068625
1616941046925252447,1616941046926776801,1.109571
1616941046935482792,1616941046937052892,1.152723
1616941046945704836,1616941046947323418,1.213162
1616941046955923741,1616941046957422381,1.008826
1616941046966164001,1616941046967679225,1.040851
1616941046976397362,1616941046978023415,1.171969
1616941046986572130,1616941046988118454,1.11282
1616941046996791074,1616941046998333179,1.07023
1616941047007016525,1616941047008569578,1.115485
1616941047017243454,1616941047018832056,1.175091
1616941047027461164,1616941047028992336,1.09168
1616941047037705386,1616941047039269427,1.14014
1616941047047928143,1616941047049480405,1.072533
1616941047058181925,1616941047059742527,1.150298
1616941047068399968,1616941047070037227,1.198731
1616941047078569072,1616941047080265053,1.28123
1616941047088786734,1616941047090363897,1.152739
1616941047099029524,1616941047100501878,1.047263
1616941047109247830,1616941047110741406,1.089343
1616941047119474827,1616941047121024624,1.117792
1616941047129693938,1616941047131169425,1.050543
1616941047139912566,1616941047141539917,1.204789
1616941047150151928,1616941047151783479,1.22543
1616941047160371611,1616941047161962901,1.1811
1616941047170540026,1616941047172187281,1.214881
1616941047180711756,1616941047182372546,1.24699
1616941047190879428,1616941047192482276,1.146716
1616941047201037438,1616941047202638946,1.211905
1616941047211253263,1616941047212898062,1.221319
1616941047221473632,1616941047223079803,1.186552
1616941047231643277,1616941047233236760,1.168
1616941047241812213,1616941047243430664,1.540402
1616941047251980025,1616941047253542063,1.076935
1616941047262216198,1616941047263848135,1.16722
1616941047272325504,1616941047273938718,1.198224
1616941047282494227,1616941047284112549,1.146436
1616941047292690079,1616941047294716007,1.623323
1616941047302846739,1616941047304411131,1.086938
1616941047313066300,1616941047314661577,1.18785
1616941047323293052,1616941047324862844,1.140581
1616941047333510527,1616941047335068482,1.084455
1616941047343683571,1616941047345177614,1.085548
1616941047353905227,1616941047355533826,1.138724
1616941047364077881,1616941047365606597,1.016867
1616941047374256827,1616941047375734821,1.03519
1616941047384475539,1616941047385994250,1.101892
1616941047394605471,1616941047396190479,1.116665
1616941047404724164,1616941047406622483,1.440992
1616941047414894978,1616941047416409434,1.046306
1616941047425005188,1616941047426551305,1.135242
1616941047435238417,1616941047436867490,1.222302
1616941047445403750,1616941047447071580,1.233939
1616941047455622882,1616941047457193248,1.146371
1616941047465785376,1616941047467391207,1.18262
1616941047475913465,1616941047477560188,1.172161
1616941047486113223,1616941047487661170,1.024091
1616941047496289957,1616941047497904111,1.219529
1616941047506403314,1616941047508023060,1.188664
1616941047516565917,1616941047518124953,1.144268
1616941047526728531,1616941047528460235,1.30981
1616941047536892401,1616941047538416961,1.039888
1616941047547124664,1616941047548696881,1.170758
1616941047557250569,1616941047558879547,1.183564
1616941047567476882,1616941047569071011,1.211887
1616941047577700939,1616941047579316505,1.138013
1616941047587919696,1616941047589509422,1.179624
1616941047598166295,1616941047599677065,1.06151
1616941047608339433,1616941047609959950,1.166084
1616941047618510037,1616941047620149476,1.218808
1616941047628627588,1616941047630215650,1.154796
1616941047638789908,1616941047640524007,1.266418
1616941047649020080,1616941047650601966,1.124943
1616941047659176918,1616941047660812136,1.22979
1616941047669424654,1616941047671094414,1.254936
1616941047679640682,1616941047681237268,1.16509
1616941047689875459,1616941047691385766,1.060759
1616941047700043139,1616941047701582539,1.105384
1616941047710266891,1616941047711759872,1.034035
1616941047720484680,1616941047722060143,1.137046
1616941047730672249,1616941047732333034,1.233665
1616941047740913140,1616941047742692478,1.311705
1616941047751130365,1616941047752705441,1.132202
1616941047761365000,1616941047762955550,1.173786
1616941047771588401,1616941047773329332,1.329677
1616941047781808747,1616941047783500153,1.240347
1616941047792028948,1616941047793724656,1.257734
1616941047802227885,1616941047803796739,1.147025
1616941047812454290,1616941047814231349,1.349486
1616941047822623977,1616941047824307207,1.23364
1616941047832843876,1616941047834564762,1.291998
1616941047843032400,1616941047844706148,1.263162
1616941047853255519,1616941047854841548,1.147037
1616941047863486256,1616941047865086199,1.193855
1616941047873723537,1616941047875325169,1.168369
1616941047883941176,1616941047885495545,1.116378
1616941047894183619,1616941047895820768,1.20755
1616941047904418903,1616941047906133367,1.281502
1616941047914555275,1616941047916166086,1.110676
1616941047924728318,1616941047926328310,1.720213
1616941047934879802,1616941047936473568,1.131788
1616941047944936161,1616941047946559908,1.152815
1616941047955089290,1616941047956703862,1.10977
1616941047965192134,1616941047966798400,1.096859
1616941047975222910,1616941047976799620,1.126671
1616941047985329445,1616941047986895226,1.101049
1616941047995428252,1616941047996974609,1.053006
1616941048005525939,1616941048007058050,1.047688
1616941048015700837,1616941048017253632,1.119528
1616941048025866850,1616941048027479959,1.157702
1616941048036017148,1616941048037617414,1.11257
1616941048046090695,1616941048047799433,1.288604
1616941048056323002,1616941048057968570,1.214324
1616941048066437317,1616941048068072783,1.232296
1616941048076659719,1616941048078291699,1.222716
1616941048086790999,1616941048089286710,2.251391
1616941048096877238,1616941048098538673,1.20612
1616941048106988710,1616941048108560152,1.135606
1616941048117090111,1616941048118632007,1.075043
1616941048127244407,1616941048128782733,1.050507
1616941048137370634,1616941048138979154,1.119431
1616941048147598982,1616941048149124655,1.046301
1616941048157672017,1616941048159218195,1.130129
1616941048167766813,1616941048169251148,1.069261
1616941048177912717,1616941048179507685,1.189925
1616941048188015942,1616941048189578442,1.084168
1616941048198036485,1616941048199601644,1.138752
1616941048208111237,1616941048209641193,1.09277
1616941048218226835,1616941048219785525,1.121916
1616941048228404011,1616941048230094539,1.192856
1616941048238531739,1616941048240160252,1.132446
1616941048248748992,1616941048250378693,1.191276
1616941048258912671,1616941048260553996,1.177747
1616941048269127959,1616941048270664032,1.087296
1616941048279221973,1616941048280822516,1.129101
1616941048289378798,1616941048290979196,1.116888
1616941048299466389,1616941048301052430,1.118982
1616941048309563786,1616941048311102111,1.104372
1616941048319789100,1616941048321342526,1.127051
1616941048330023473,1616941048331741360,1.295535
1616941048340242315,1616941048341845486,1.185446
1616941048350360271,1616941048351976148,1.181653
1616941048360592095,1616941048362075997,1.056385
1616941048370773794,1616941048372333759,1.127882
1616941048381005518,1616941048382665196,1.27457
1616941048391223978,1616941048392786962,1.08929
1616941048401388190,1616941048402940737,1.12018
1616941048411593590,1616941048413162041,1.128532
1616941048421814519,1616941048423326164,1.13569
1616941048432036007,1616941048433699834,1.172286
1616941048442238692,1616941048443871741,1.202179
1616941048452410358,1616941048454091011,1.202904
1616941048462532112,1616941048464160580,1.223687
1616941048472697170,1616941048474369497,1.197468
1616941048482863054,1616941048484492645,1.235484
1616941048493034877,1616941048494698665,1.251326
1616941048503253252,1616941048504904537,1.236691
1616941048513418889,1616941048515019715,1.172326
1616941048523654093,1616941048525343214,1.214131
1616941048533820554,1616941048535479402,1.227236
1616941048543985126,1616941048545717270,1.33736
1616941048554187390,1616941048555949863,1.342481
1616941048564361139,1616941048566017532,1.240973
1616941048574474931,1616941048576237277,1.334762
1616941048584653525,1616941048586298761,1.172723
1616941048594824865,1616941048596488382,1.236912
1616941048605046625,1616941048606728667,1.204449
1616941048615212730,1616941048616922592,1.2832
1616941048625406811,1616941048627077279,1.255221
1616941048635605290,1616941048637253216,1.218201
1616941048645826137,1616941048647550277,1.321495
1616941048656064784,1616941048657819068,1.308609
1616941048666239151,1616941048667956092,1.285524
1616941048676410113,1616941048678144059,1.307439
1616941048686579454,1616941048688240326,1.240589
1616941048696800200,1616941048698450684,1.287698
1616941048707031478,1616941048708701671,1.258597
1616941048717207916,1616941048718880756,1.25336
1616941048727381688,1616941048729080694,1.28245
1616941048737609795,1616941048739310020,1.206473
1616941048747830585,1616941048749601410,1.361908
1616941048758072746,1616941048759755647,1.256474
1616941048768309125,1616941048770011625,1.282386
1616941048778487361,1616941048780233169,1.33277
1616941048788714440,1616941048790374678,1.246058
1616941048798887089,1616941048800544241,1.162487
1616941048809060090,1616941048810764159,1.287498
1616941048819229073,1616941048820925936,1.269657
1616941048829405205,1616941048831003264,1.182212
1616941048839623350,1616941048841285692,1.224719
1616941048849795605,1616941048851394376,1.171278
1616941048860012490,1616941048861648292,1.21003
1616941048870194926,1616941048871772362,1.157424
1616941048880363541,1616941048882036539,1.24664
1616941048890534517,1616941048892085072,1.07931
1616941048900763287,1616941048902994310,2.272964
1616941048910933036,1616941048912526353,1.201265
1616941048921153332,1616941048922759556,1.115501
1616941048931330484,1616941048932908295,1.084201
1616941048941551233,1616941048943073123,1.083816
1616941048951733645,1616941048953462090,1.273411
1616941048961958428,1616941048963434917,1.037602
1616941048972189227,1616941048973703564,1.007518
1616941048982355448,1616941048984011064,1.226006
1616941048992573085,1616941048994093780,1.114635
1616941049002744162,1616941049004284407,1.11777
1616941049012963422,1616941049014596295,1.225297
1616941049023068384,1616941049024670431,1.119785
1616941049033225050,1616941049034721840,1.081747
1616941049043376441,1616941049044934392,1.115235
1616941049053503076,1616941049055060855,1.088463
1616941049063678636,1616941049065211388,1.107387
1616941049073911758,1616941049075539110,1.202065
1616941049084133195,1616941049085764170,1.130741
1616941049094259238,1616941049095831290,1.176248
1616941049104479163,1616941049105997392,1.079933
1616941049114607549,1616941049116120001,1.090003
1616941049124826888,1616941049126336932,1.103113
1616941049135049713,1616941049136592578,1.136938
1616941049145289462,1616941049146849334,1.137631
1616941049155519665,1616941049157049653,1.116673
1616941049165692981,1616941049167202519,1.089041
1616941049175912500,1616941049177465693,1.13609
1616941049186094402,1616941049187698753,1.121448
1616941049196214111,1616941049197721538,1.088672
1616941049206398979,1616941049207912123,1.092178
1616941049216577938,1616941049218117975,1.048752
1616941049226680352,1616941049228242664,1.053336
1616941049236868040,1616941049238397083,1.10605
1616941049246991117,1616941049248481905,0.99529
1616941049257176222,1616941049258703665,1.05322
1616941049267296446,1616941049268764003,0.979182
1616941049277474860,1616941049278999121,1.032383
1616941049287600499,1616941049289056277,1.00717
1616941049297725199,1616941049299140108,0.976112
1616941049307892691,1616941049309404043,1.085891
1616941049318108901,1616941049319636471,1.095701
1616941049328325473,1616941049329874060,1.105024
1616941049338494036,1616941049340053023,1.137801
1616941049348730479,1616941049350289236,1.130547
1616941049358899295,1616941049360481580,1.190025
1616941049369117267,1616941049370669696,1.115683
1616941049379281874,1616941049380787504,1.080819
1616941049389511950,1616941049391010224,1.028088
1616941049399678565,1616941049402568953,2.539348
1616941049409897938,1616941049411363077,1.013433
1616941049420138363,1616941049421584169,1.02304
1616941049430256913,1616941049431794764,1.105161
1616941049440477349,1616941049442017003,1.116856
1616941049450646863,1616941049452211208,1.160441
1616941049460816953,1616941049462434723,1.21529
1616941049471041319,1616941049472627739,1.143304
1616941049481260320,1616941049482837506,1.157436
1616941049491434311,1616941049492982355,1.1151
1616941049501654905,1616941049503177662,1.083675
1616941049511874944,1616941049513392561,1.094943
1616941049522105613,1616941049523537716,1.037304
1616941049532338528,1616941049533778169,1.040658
1616941049542507035,1616941049544008103,1.076587
1616941049552738190,1616941049554189189,1.01615
1616941049562897025,1616941049564328731,1.061084
1616941049573128294,1616941049574601271,1.009528
1616941049583365694,1616941049584842031,1.09647
1616941049593595714,1616941049595123861,1.088583
1616941049603812650,1616941049605397615,1.157226
1616941049614067257,1616941049615658196,1.18065
1616941049624246589,1616941049625756966,1.027969
1616941049634467926,1616941049636461889,1.493459
1616941049644730964,1616941049646369094,1.165374
1616941049654760608,1616941049656286375,1.036022
1616941049664919056,1616941049666633662,1.280348
1616941049674999641,1616941049676629378,1.218425
1616941049685223900,1616941049686714555,1.002306
1616941049695320961,1616941049696790198,1.134741
1616941049705492704,1616941049707521141,1.903537
1616941049715598286,1616941049717066169,0.996997
1616941049725700635,1616941049727267684,1.063644
1616941049735853036,1616941049737447237,1.12147
1616941049746083882,1616941049747615897,1.115315
1616941049756202094,1616941049757713628,1.085332
1616941049766357667,1616941049767989789,1.248239
1616941049776563645,1616941049778099033,1.053187
1616941049786668433,1616941049788250843,1.137189
1616941049796850400,1616941049798417401,1.118538
1616941049806962083,1616941049808525944,1.131543
1616941049817023237,1616941049818697230,1.192005
1616941049827131470,1616941049828865970,1.306308
1616941049837293609,1616941049838975161,1.212572
1616941049847395031,1616941049848989905,1.108247
1616941049857461068,1616941049859022982,1.126041
1616941049867565456,1616941049869124144,1.066303
1616941049877788413,1616941049879373953,1.081957
1616941049887945015,1616941049889511198,1.097733
1616941049898064346,1616941049899738607,1.200275
1616941049908230493,1616941049909857862,1.15268
1616941049918335231,1616941049919930200,1.112674
1616941049928438692,1616941049930121305,1.244361
1616941049938602719,1616941049940320441,1.294147
1616941049948827888,1616941049950661074,1.356619
1616941049958901164,1616941049960575268,1.19308
1616941049969061475,1616941049970719886,1.168373
1616941049979219400,1616941049980774889,1.067669
1616941049989321448,1616941049991002706,1.202641
1616941049999378305,1616941050000988458,1.181136
1616941050009600634,1616941050011160120,1.066799
1616941050019818692,1616941050021530451,1.291938
1616941050030069940,1616941050031592837,1.113934
1616941050040293280,1616941050041912081,1.158224
1616941050050462411,1616941050052104031,1.224285
1616941050060681273,1616941050062337390,1.241095
1616941050070841331,1616941050072476663,1.20825
1616941050081061646,1616941050082696515,1.171998
1616941050091281831,1616941050092874884,1.088246
1616941050101524566,1616941050103153901,1.213891
1616941050111695931,1616941050113353835,1.202891
1616941050121928459,1616941050123560246,1.205793
1616941050132170313,1616941050133847833,1.252044
1616941050142298639,1616941050143898010,1.158653
1616941050152523675,1616941050154173956,1.244556
1616941050162693007,1616941050164393451,1.285146
1616941050172925044,1616941050174620570,1.278331
1616941050183141630,1616941050184799072,1.238417
1616941050193323494,1616941050194972956,1.237464
1616941050203550418,1616941050205038835,1.108608
1616941050213768040,1616941050215321106,1.11046
1616941050224019724,1616941050225601536,1.169131
1616941050234228268,1616941050235753971,1.036376
1616941050244392436,1616941050246042714,1.237581
1616941050254564716,1616941050256219938,1.179837
1616941050264787952,1616941050266392447,1.145262
1616941050274952275,1616941050276588516,1.223563
1616941050285110009,1616941050286808628,1.215575
1616941050295283258,1616941050296900805,1.121908
1616941050305512913,1616941050307039728,1.045622
1616941050315647165,1616941050317166504,1.054051
1616941050325839453,1616941050327348234,1.037084
1616941050335992156,1616941050337522704,1.037166
1616941050346178781,1616941050347636516,0.970131
1616941050356360710,1616941050357923483,1.08595
1616941050366519393,1616941050367983314,0.977034
1616941050376629747,1616941050378040885,0.920488
1616941050386787759,1616941050388303275,1.009902
1616941050396942185,1616941050398438571,1.003072
1616941050407041385,1616941050408550641,1.010256
1616941050417196366,1616941050418784138,1.125057
1616941050427289109,1616941050428944546,1.189684
1616941050437447728,1616941050439039102,1.096996
1616941050447548033,1616941050449144870,1.10586
1616941050457714988,1616941050459293437,1.085461
1616941050467886078,1616941050469518124,1.194667
1616941050478115619,1616941050479715197,1.1714
1616941050488330750,1616941050489976795,1.221687
1616941050498569807,1616941050500314644,1.318286
1616941050508791946,1616941050511168473,2.09131
1616941050519004907,1616941050520679965,1.196606
1616941050529201382,1616941050530778533,1.092653
1616941050539362353,1616941050540881389,1.04813
1616941050549583945,1616941050551231053,1.167784
1616941050559756726,1616941050561327851,1.08878
1616941050569974950,1616941050571601946,1.199709
1616941050580218130,1616941050581767785,1.120653
1616941050590387948,1616941050591922896,1.093728
1616941050600621896,1616941050602201404,1.167596
1616941050610744460,1616941050612895233,1.744474
1616941050620764093,1616941050622329216,1.128505
1616941050630937820,1616941050632521293,1.091307
1616941050641167941,1616941050642722697,1.061453
1616941050651387076,1616941050652916918,1.05504
1616941050661606926,1616941050663111162,0.998295
1616941050671842439,1616941050673456128,1.137077
1616941050682105228,1616941050683644819,1.046257
1616941050692348903,1616941050693906095,1.073426
1616941050702518528,1616941050704094005,1.084016
1616941050712749968,1616941050714385784,1.176889
1616941050722918975,1616941050724568515,1.180726
1616941050733134769,1616941050734680290,1.049476
1616941050743378209,1616941050744889085,1.072316
1616941050753606919,1616941050755099475,0.984963
1616941050763786783,1616941050765296018,1.058122
1616941050774002709,1616941050775556403,1.07408
1616941050784223031,1616941050785805020,1.114209
1616941050794392510,1616941050795868472,0.976492
1616941050804549447,1616941050806045234,1.011562
1616941050814702543,1616941050816248229,1.069885
1616941050824855469,1616941050826429820,1.122361
1616941050835076737,1616941050836631969,1.085348
1616941050845297013,1616941050846902702,1.12156
1616941050855516561,1616941050857051320,1.038221
1616941050865671955,1616941050867262434,1.110096
1616941050875825812,1616941050877371672,1.051241
1616941050886077314,1616941050887577083,1.043025
1616941050896304246,1616941050897867633,1.087214
1616941050906425605,1616941050908024325,1.131609
1616941050916644399,1616941050918216512,1.092497
1616941050926813838,1616941050928360802,1.073369
1616941050937047437,1616941050938633690,1.11528
1616941050947265119,1616941050948874454,1.135938
1616941050957486758,1616941050959035458,1.06906
1616941050967719458,1616941050969263363,1.059082
1616941050977939678,1616941050979435918,1.000452
1616941050988159704,1616941050989745882,1.135297
1616941050998329217,1616941050999919833,1.141733
1616941051008492779,1616941051010090952,1.115357
1616941051018606590,1616941051020161152,1.130352
1616941051028831163,1616941051030378363,1.144593
1616941051039060614,1616941051040603994,1.132114
1616941051049230441,1616941051050785269,1.156319
1616941051059462130,1616941051061078658,1.188943
1616941051069702494,1616941051071378667,1.268601
1616941051079922288,1616941051081444084,1.151512
1616941051090078766,1616941051091721121,1.157532
1616941051100188511,1616941051101691130,1.020112
1616941051110293189,1616941051111797366,1.075765
1616941051120507732,1616941051122059618,1.126972
1616941051130625415,1616941051132263909,1.209078
1616941051140844509,1616941051142542985,1.294579
1616941051151064791,1616941051152666121,1.180091
1616941051161245455,1616941051162855544,1.195116
1616941051171418720,1616941051173055082,1.212283
1616941051181655243,1616941051183291915,1.21005
1616941051191825522,1616941051193495401,1.246342
1616941051201999902,1616941051203710298,1.309008
1616941051212185031,1616941051213854805,1.175276
1616941051222353825,1616941051223979196,1.159575
1616941051232518202,1616941051234215166,1.194271
1616941051242757678,1616941051244341824,1.115616
1616941051252988210,1616941051254665167,1.218766
1616941051263107132,1616941051264818153,1.294013
1616941051273221528,1616941051274828889,1.129834
1616941051283328989,1616941051284776723,0.973289
1616941051293481800,1616941051295066559,1.095535
1616941051303574089,1616941051305442889,1.490513
1616941051313746358,1616941051315324862,1.086416
1616941051323905018,1616941051325441381,1.074177
1616941051334067915,1616941051335684458,1.115533
1616941051344219376,1616941051345719047,1.031129
1616941051354372365,1616941051356498353,1.624646
1616941051364429807,1616941051366046484,1.109078
1616941051374543906,1616941051376191925,1.156524
1616941051384719720,1616941051386317721,1.091722
1616941051394818458,1616941051396376550,1.051175
1616941051404971067,1616941051406601462,1.168019
1616941051415135112,1616941051416743693,1.125635
1616941051425238798,1616941051426767543,1.047625
1616941051435359047,1616941051436935644,1.094265
1616941051445492156,1616941051447044788,1.046068
1616941051455610978,1616941051457185836,1.08052
1616941051465704607,1616941051467226492,1.03264
1616941051475803296,1616941051477371558,1.07971
1616941051485905999,1616941051487509253,1.122502
1616941051496079242,1616941051497675220,1.105307
1616941051506183244,1616941051507843525,1.157711
1616941051516412401,1616941051518046737,1.147362
1616941051526588799,1616941051528224117,1.162908
1616941051536762322,1616941051538381310,1.151448
1616941051546979302,1616941051548670567,1.286696
1616941051557168298,1616941051558874926,1.239895
1616941051567260991,1616941051568953433,1.20747
1616941051577402186,1616941051579019331,1.138384
1616941051587454663,1616941051589104692,1.246885
1616941051597551115,1616941051599145055,1.114362
1616941051607651489,1616941051609231350,1.089722
1616941051617801390,1616941051619465035,1.191176
1616941051627828033,1616941051629451125,1.148055
1616941051637984213,1616941051639641297,1.161718
1616941051648209350,1616941051649945031,1.281671
1616941051658313077,1616941051659806079,1.092058
1616941051668455366,1616941051670020668,1.146103
1616941051678555449,1616941051680103645,1.074232
1616941051688614985,1616941051690287032,1.249181
1616941051698730914,1616941051700429736,1.291954
1616941051708810840,1616941051710506842,1.225937
1616941051718969567,1616941051720499362,1.022189
1616941051729116822,1616941051730832048,1.225464
1616941051739151950,1616941051740699288,1.136375
1616941051749373094,1616941051750970543,1.103288
1616941051759390251,1616941051760873659,1.044244
1616941051769614224,1616941051771271372,1.188362
1616941051779717405,1616941051781300988,1.183164
1616941051789863076,1616941051791478890,1.186837
1616941051800035797,1616941051801623769,1.129141
1616941051810239611,1616941051811823878,1.090923
1616941051820462059,1616941051822067788,1.122706
1616941051830576739,1616941051832080404,1.001649
1616941051840800243,1616941051842429720,1.217467
1616941051850973603,1616941051852646501,1.243209
1616941051861197145,1616941051862780179,1.177391
1616941051871366165,1616941051872870143,1.018934
1616941051881605433,1616941051883108014,1.074806
1616941051891781468,1616941051893321960,1.116367
1616941051901955574,1616941051903535548,1.148968
1616941051912175692,1616941051913828694,1.169351
1616941051922360118,1616941051923949242,1.130437
1616941051932534037,1616941051934100736,1.075387
1616941051942702781,1616941051944308009,1.176913
1616941051952945270,1616941051954551415,1.236345
1616941051963063218,1616941051964630767,1.063038
1616941051973234512,1616941051974814126,1.087989
1616941051983458902,1616941051985077046,1.156331
1616941051993673601,1616941051995232845,1.048157
1616941052003787369,1616941052005346909,1.058065
1616941052013962353,1616941052015648194,1.18409
1616941052024188608,1616941052025808049,1.136114
1616941052034349463,1616941052035962640,1.113813
1616941052044517221,1616941052046208182,1.217768
1616941052054624779,1616941052056287314,1.194837
1616941052064837942,1616941052066535167,1.231329
1616941052075001020,1616941052076608602,1.150201
1616941052085170881,1616941052086776572,1.185932
1616941052095331858,1616941052096947879,1.186265
1616941052105493175,1616941052107518782,1.679849
1616941052115610590,1616941052117352285,1.251883
1616941052125781502,1616941052127355955,1.160029
1616941052136009333,1616941052137657846,1.218956
1616941052146233274,1616941052147820995,1.11951
1616941052156448450,1616941052158013592,1.138395
1616941052166570540,1616941052168282404,1.242064
1616941052176742960,1616941052178379556,1.149728
1616941052186925540,1616941052188529959,1.173506
1616941052197153756,1616941052198835368,1.259933
1616941052207371743,1616941052208963584,1.16644
1616941052217605006,1616941052219222631,1.142426
1616941052227822885,1616941052229465213,1.22341
1616941052238076153,1616941052239695234,1.182675
1616941052248322604,1616941052249890106,1.153442
1616941052258428744,1616941052260096732,1.250977
1616941052268651931,1616941052270321850,1.251258
1616941052278808185,1616941052280436818,1.222736
1616941052289029816,1616941052290740117,1.288456
1616941052299249141,1616941052300852191,1.190916
1616941052309418546,1616941052311001389,1.15731
1616941052319583223,1616941052321126376,1.093969
1616941052329808014,1616941052331339769,1.097016
1616941052340033355,1616941052341541070,1.05674
1616941052350182660,1616941052351716971,1.127133
1616941052360311520,1616941052361844458,1.026186
1616941052370444970,1616941052372000805,1.133827
1616941052380688223,1616941052382291846,1.193907
1616941052390846545,1616941052392442329,1.159008
1616941052401019864,1616941052402645137,1.195454
1616941052411182480,1616941052412773702,1.148977
1616941052421305937,1616941052422925146,1.191159
1616941052431533074,1616941052433103691,1.148273
1616941052441752688,1616941052446184242,4.005835
1616941052451970510,1616941052453412723,0.967666
1616941052462168012,1616941052463592409,1.027114
1616941052472349670,1616941052473878665,1.092327
1616941052482532872,1616941052484124999,1.175717
1616941052492751969,1616941052494291770,1.130288
1616941052502915821,1616941052504434729,1.054273
1616941052513135793,1616941052514825913,1.259141
1616941052523357991,1616941052524939645,1.089668
1616941052533605330,1616941052535070719,0.941751
1616941052543833081,1616941052545284538,1.082036
1616941052554098275,1616941052555577442,1.104658
1616941052564317027,1616941052565871659,1.118287
1616941052574431375,1616941052575965961,1.099978
1616941052584652593,1616941052586172402,1.103249
1616941052594806708,1616941052596469376,1.229259
1616941052605023731,1616941052606566902,1.043689
1616941052615241575,1616941052616805813,1.142289
1616941052625473202,1616941052627066342,1.170278
1616941052635639801,1616941052637190562,1.117179
1616941052645859090,1616941052647483294,1.22074
1616941052656082166,1616941052657721753,1.20857
1616941052666172976,1616941052667759207,1.171559
1616941052676396656,1616941052678012120,1.182772
1616941052686565431,1616941052688154394,1.161581
1616941052696802043,1616941052698532083,1.333694
1616941052707036370,1616941052708693856,1.193213
1616941052717261662,1616941052718846231,1.163176
1616941052727482675,1616941052729041241,1.128174
1616941052737705438,1616941052739239779,1.092512
1616941052747941886,1616941052749525063,1.175946
1616941052758180744,1616941052759890381,1.280487
1616941052768401620,1616941052769977225,1.150929
1616941052778521417,1616941052780082892,1.126307
1616941052788751525,1616941052790546417,1.361569
1616941052798968312,1616941052800672269,1.280922
1616941052809139244,1616941052810713278,1.089948
1616941052819359927,1616941052821011152,1.242046
1616941052829590310,1616941052831242010,1.236334
1616941052839799379,1616941052841402534,1.168803
1616941052850018008,1616941052851653426,1.187948
1616941052860258995,1616941052861852157,1.163348
1616941052870438095,1616941052872149928,1.31121
1616941052880656281,1616941052882363591,1.27694
1616941052890811031,1616941052892539338,1.306231
1616941052901027694,1616941052902697053,1.228114
1616941052911255997,1616941052913575286,2.111272
1616941052921470849,1616941052923030888,1.120027
1616941052931689297,1616941052933258985,1.153454
1616941052941906126,1616941052943538218,1.212867
1616941052952129917,1616941052953675808,1.106102
1616941052962256860,1616941052963855543,1.186606
1616941052972480147,1616941052974064710,1.08995
1616941052982647819,1616941052984205633,1.136086
1616941052992864801,1616941052994440675,1.178428
1616941053003078792,1616941053004689656,1.176198
1616941053013306810,1616941053015029598,1.254129
1616941053023528490,1616941053025171562,1.202475
1616941053033750338,1616941053035393796,1.23335
1616941053043983846,1616941053045621022,1.212163
1616941053054179359,1616941053055768806,1.174124
1616941053064393965,1616941053066101666,1.274687
1616941053074564276,1616941053076200470,1.258507
1616941053084788999,1616941053086954026,1.776724
1616941053094889978,1616941053096527564,1.226269
1616941053105049226,1616941053106726877,1.217931
1616941053115286231,1616941053116917986,1.226281
1616941053125457431,1616941053127083107,1.143146
1616941053135564231,1616941053137205928,1.191258
1616941053145720208,1616941053147355746,1.202557
1616941053155895368,1616941053157484758,1.113997
1616941053165996315,1616941053167643487,1.159274
1616941053176175728,1616941053177728835,1.070525
1616941053186230218,1616941053187905569,1.197744
1616941053196387113,1616941053198062023,1.205534
1616941053206526797,1616941053208172560,1.17679
1616941053216783963,1616941053218566364,1.343085
1616941053227020608,1616941053228663160,1.161355
1616941053237044672,1616941053238718600,1.206629
1616941053247208627,1616941053248796387,1.18422
1616941053257294109,1616941053258946276,1.170915
1616941053267392208,1616941053269089596,1.264967
1616941053277422388,1616941053279033436,1.148658
1616941053287520543,1616941053289182615,1.230323
1616941053297694190,1616941053299318523,1.132153
1616941053307773658,1616941053309441642,1.181805
1616941053317871228,1616941053319528800,1.194123
1616941053327983733,1616941053329628058,1.164622
1616941053338147308,1616941053339804846,1.25231
1616941053348172368,1616941053349852552,1.254428
1616941053358296978,1616941053360016044,1.229853
1616941053368493856,1616941053370164415,1.192748
1616941053378599702,1616941053380312902,1.233937
1616941053388758074,1616941053390514918,1.268186
1616941053398917638,1616941053400428457,1.028536
1616941053409086215,1616941053410752519,1.194161
1616941053419258653,1616941053420943159,1.247472
1616941053429434176,1616941053431039769,1.124568
1616941053439624721,1616941053441319921,1.268568
1616941053449799142,1616941053451399460,1.143343
1616941053459972949,1616941053461682448,1.283617
1616941053470158353,1616941053471770090,1.189208
1616941053480328511,1616941053481907781,1.146003
1616941053490505847,1616941053492161138,1.226298
1616941053500678264,1616941053502277683,1.1697
1616941053510800530,1616941053512536796,1.332671
1616941053520982411,1616941053522661032,1.288149
1616941053531159326,1616941053532731805,1.089969
1616941053541282553,1616941053542890801,1.174123
1616941053551458973,1616941053553068170,1.172248
1616941053561636119,1616941053563248529,1.179642
1616941053571819794,1616941053573411279,1.162194
1616941053581936018,1616941053583575155,1.218426
1616941053592109655,1616941053593701720,1.179293
1616941053602221165,1616941053603897925,1.242934
1616941053612392876,1616941053613991248,1.166473
1616941053622513326,1616941053624191190,1.211208
1616941053632684330,1616941053634298329,1.182712
1616941053642818815,1616941053644422733,1.170555
1616941053652991963,1616941053654700914,1.299546
1616941053663181482,1616941053664883495,1.271007
1616941053673355791,1616941053675011419,1.168558
1616941053683475467,1616941053685110166,1.21599
1616941053693666737,1616941053695274520,1.172579
1616941053703842369,1616941053705458592,1.197784
1616941053714015902,1616941053715739348,1.808691
1616941053724088538,1616941053725646989,1.133444
1616941053734262097,1616941053735865738,1.129106
1616941053744388104,1616941053745954016,1.153914
1616941053754610147,1616941053756187269,1.176623
1616941053764842464,1616941053766417940,1.150415
1616941053774999409,1616941053776524512,1.047764
1616941053785233566,1616941053787407377,1.752101
1616941053795257968,1616941053796755883,1.066418
1616941053805500237,1616941053807048354,1.123773
1616941053815721167,1616941053817259778,1.116547
1616941053825891927,1616941053827420260,1.094273
1616941053836117680,1616941053837613397,1.09836
1616941053846286769,1616941053847855171,1.10223
1616941053856454553,1616941053858075103,1.239029
1616941053866622796,1616941053868228472,1.138941
1616941053876862811,1616941053878318561,1.060933
1616941053887079583,1616941053888550123,1.08957
1616941053897295497,1616941053898732042,1.006572
1616941053907513999,1616941053908947708,1.001964
1616941053917769703,1616941053919233334,1.055882
1616941053927940334,1616941053929399199,1.015827
1616941053938177111,1616941053939646311,1.064152
1616941053948393361,1616941053949832456,1.043727
1616941053958561196,1616941053960091157,1.078372
1616941053968696011,1616941053970252576,1.050315
1616941053978857589,1616941053980378259,1.054008
1616941053989094012,1616941053990530957,0.927212
1616941053999312019,1616941054000713666,0.879797
1616941054009484496,1616941054010921306,0.977493
1616941054019703112,1616941054021208817,1.053882
1616941054029923066,1616941054031432739,1.07186
1616941054040160825,1616941054041689420,1.084728
1616941054050331028,1616941054051980982,1.233014
1616941054060550434,1616941054062054826,1.039348
1616941054070714000,1616941054072315926,1.131077
1616941054080826878,1616941054082438069,1.135985
1616941054090990219,1616941054092547207,1.069819
1616941054101217459,1616941054102722576,1.041217
1616941054111444163,1616941054112988449,1.060147
1616941054121661396,1616941054123292730,1.208663
1616941054131884940,1616941054133616651,1.313986
1616941054142105196,1616941054143710653,1.190811
1616941054152325886,1616941054153909200,1.147005
1616941054162446933,1616941054164093481,1.163734
1616941054172685658,1616941054174324483,1.202668
1616941054182846474,1616941054184385562,1.132747
1616941054193066807,1616941054194719299,1.180047
1616941054203252075,1616941054204838357,1.105648
1616941054213473761,1616941054215044145,1.142875
1616941054223691948,1616941054225262068,1.167311
1616941054233913391,1616941054235490037,1.155863
1616941054244136053,1616941054245709301,1.108227
1616941054254305861,1616941054255925088,1.198111
1616941054264525545,1616941054266078656,1.085076
1616941054274646184,1616941054276186932,1.079117
1616941054284869760,1616941054286632357,1.362456
1616941054295084960,1616941054296650414,1.086126
1616941054305303725,1616941054306863309,1.103832
1616941054315543524,1616941054317101001,1.144948
1616941054325761423,1616941054327322241,1.159162
1616941054335990548,1616941054337630464,1.225251
1616941054346226137,1616941054347956224,1.331805
1616941054356458418,1616941054358185892,1.308014
1616941054366636746,1616941054368305090,1.261056
1616941054376869143,1616941054378541892,1.284635
1616941054387089888,1616941054388756622,1.262629
1616941054397315598,1616941054398912304,1.162595
1616941054407535629,1616941054409137100,1.175912
1616941054417757076,1616941054419355185,1.160536
1616941054427999341,1616941054429649640,1.236182
1616941054438179200,1616941054439854430,1.259614
1616941054448413287,1616941054450138978,1.308274
1616941054458579602,1616941054460299538,1.259502
1616941054468802423,1616941054470593608,1.386322
1616941054479024382,1616941054480762090,1.353214
1616941054489250616,1616941054490890607,1.202815
1616941054499502211,1616941054501229168,1.319083
1616941054509723931,1616941054511311816,1.168566
1616941054519944231,1616941054521616867,1.242357
1616941054530179560,1616941054532598513,2.098669
1616941054540418898,1616941054542036319,1.186934
1616941054550590132,1616941054552123442,1.138203
1616941054560814209,1616941054562557095,1.327411
1616941054571035420,1616941054572583207,1.074144
1616941054581277304,1616941054582850060,1.135794
1616941054591534843,1616941054593095018,1.124811
1616941054601800389,1616941054603382961,1.146724
1616941054611982280,1616941054613556445,1.144387
1616941054622130637,1616941054623729506,1.173165
1616941054632298639,1616941054633905485,1.148202
1616941054642411366,1616941054643912003,1.097044
1616941054652587404,1616941054654156954,1.083202
1616941054662704144,1616941054664335293,1.134956
1616941054672927692,1616941054674392743,1.037824
1616941054683079318,1616941054684663621,1.136095
1616941054693248169,1616941054694695307,1.053214
1616941054703474380,1616941054704966545,1.042538
1616941054713649735,1616941054715162018,1.07453
1616941054723817068,1616941054725344133,1.059958
1616941054733988233,1616941054735593159,1.175802
1616941054744164867,1616941054745692358,1.101029
1616941054754282682,1616941054755892924,1.197564
1616941054764397848,1616941054766031386,1.142756
1616941054774504805,1616941054776096057,1.161661
1616941054784669856,1616941054786178252,1.032324
1616941054794899915,1616941054796471544,1.145344
1616941054805119490,1616941054806725300,1.200118
1616941054815336346,1616941054816996320,1.232101
1616941054825565716,1616941054827232871,1.252584
1616941054835797725,1616941054837344274,1.060587
1616941054846014817,1616941054847627633,1.200863
1616941054856240711,1616941054857889930,1.250564
1616941054866408672,1616941054868019150,1.220435
1616941054876592483,1616941054878183002,1.106567
1616941054886765277,1616941054888269528,1.007733
1616941054896867602,1616941054898543777,1.28867
1616941054907026466,1616941054908675434,1.220055
1616941054917256919,1616941054918918698,1.188887
1616941054927364414,1616941054928941739,1.082299
1616941054937541371,1616941054939137743,1.104617
1616941054947679795,1616941054949228890,1.063631
1616941054957856373,1616941054959473861,1.117814
1616941054968019478,1616941054969556034,1.041288
1616941054978098977,1616941054979706786,1.127089
1616941054988202334,1616941054989815122,1.121527
1616941054998311910,1616941055000025677,1.216846
1616941055008503100,1616941055010130960,1.219537
1616941055018601725,1616941055020253733,1.21306
1616941055028786382,1616941055030508235,1.234986
1616941055039004218,1616941055040650868,1.149437
1616941055049215691,1616941055050788789,1.088439
1616941055059369797,1616941055060984783,1.118895
1616941055069466075,1616941055071007889,1.080615
1616941055079643752,1616941055081244584,1.147497
1616941055089875872,1616941055091455809,1.160963
1616941055100101197,1616941055101746790,1.213714
1616941055110146851,1616941055111797168,1.16977
1616941055120179519,1616941055121767004,1.107323
1616941055130283561,1616941055131681424,0.930525
1616941055140506299,1616941055142358999,1.42278
1616941055150615903,1616941055152078612,0.956568
1616941055160727508,1616941055162184071,1.015834
1616941055170881632,1616941055172383461,1.077249
1616941055180927667,1616941055182446397,1.077013
1616941055190965359,1616941055192527998,1.086287
1616941055201096454,1616941055202684783,1.142725
1616941055211285094,1616941055212774962,1.013826
1616941055221449563,1616941055223065426,1.128993
1616941055231573509,1616941055233122991,1.057697
1616941055241737314,1616941055243384883,1.464644
1616941055251841283,1616941055253426380,1.106084
1616941055262086235,1616941055263715769,1.150879
1616941055272311114,1616941055273890557,1.0988
1616941055282417670,1616941055284004797,1.121111
1616941055292535578,1616941055294079693,1.104226
1616941055302632133,1616941055304290634,1.168227
1616941055312864833,1616941055314509473,1.24564
1616941055323044625,1616941055324577738,1.118394
1616941055333274478,1616941055334807458,1.094033
1616941055343504467,1616941055345440793,1.594632
1616941055353679216,1616941055355185834,1.024464
1616941055363832670,1616941055365351496,1.032427
1616941055374065854,1616941055375650959,1.142036
1616941055384312189,1616941055385841515,1.100035
1616941055394489440,1616941055396111536,1.147041
1616941055404613706,1616941055406223055,1.118519
1616941055414724655,1616941055416268952,1.057375
1616941055424838543,1616941055426336686,1.035092
1616941055434952626,1616941055436484119,1.024229
1616941055445161440,1616941055446689899,1.032263
1616941055455265699,1616941055456739956,1.052709
1616941055465439852,1616941055466990164,1.035073
1616941055475614777,1616941055477097343,0.980077
1616941055485835672,1616941055487268365,0.987773
1616941055496059668,1616941055497578027,1.07912
1616941055506190515,1616941055507638835,1.001465
1616941055516419925,1616941055517885392,1.03386
1616941055526590518,1616941055528076834,1.011185
1616941055536832351,1616941055538336175,1.016099
1616941055547018840,1616941055548465648,0.943965
1616941055557195231,1616941055558665395,0.980154
1616941055567365722,1616941055568845464,0.974707
1616941055577537323,1616941055578946203,0.903046
1616941055587707134,1616941055589215012,1.051886
1616941055597964287,1616941055599547227,1.112798
1616941055608184832,1616941055609713814,1.054723
1616941055618355046,1616941055619850697,1.090898
1616941055628526930,1616941055630051654,1.111663
1616941055638703649,1616941055640179153,0.984458
1616941055648927390,1616941055650486558,1.057342
1616941055659154012,1616941055660651680,1.056743
1616941055669402161,1616941055670972104,1.104257
1616941055679570815,1616941055681028570,1.04515
1616941055689732661,1616941055691198344,0.991215
1616941055699982329,1616941055701540286,1.12945
1616941055710248027,1616941055711743510,1.072333
1616941055720416101,1616941055722017031,1.194059
1616941055730643190,1616941055732177411,1.071117
1616941055740824014,1616941055742381664,1.139499
1616941055750947361,1616941055752461962,1.115471
1616941055761116579,1616941055762719079,1.124398
1616941055771235340,1616941055772774389,1.051667
1616941055781341341,1616941055782895030,1.123527
1616941055791504083,1616941055793055847,1.128336
1616941055801632327,1616941055803258305,1.14038
1616941055811797621,1616941055813311529,1.085383
1616941055821960615,1616941055823637987,1.25644
1616941055832090797,1616941055833744858,1.224403
1616941055842188086,1616941055843822675,1.204539
1616941055852405115,1616941055854046051,1.204837
1616941055862518102,1616941055864144766,1.195274
1616941055872750424,1616941055874461265,1.251695
1616941055882913610,1616941055884656300,1.273588
1616941055893133460,1616941055894746096,1.140205
1616941055903260611,1616941055904940971,1.198041
1616941055913434006,1616941055915063476,1.186316
1616941055923625367,1616941055925314167,1.224529
1616941055933785578,1616941055935445453,1.225604
1616941055943898077,1616941055945588426,1.277065
1616941055954082765,1616941055955813035,1.315668
1616941055964218620,1616941055965917417,1.223788
1616941055974326602,1616941055975948359,1.196156
1616941055984501818,1616941055986221848,1.18968
1616941055994738870,1616941055996438516,1.224633
1616941056004953747,1616941056006654933,1.237145
1616941056015135223,1616941056016785338,1.166881
1616941056025306954,1616941056026852654,1.05527
1616941056035474614,1616941056037154056,1.242837
1616941056045648831,1616941056047268601,1.197838
1616941056055816322,1616941056057453314,1.203138
1616941056065987043,1616941056067628927,1.152402
1616941056076204683,1616941056077890558,1.264395
1616941056086329830,1616941056087922695,1.155825
1616941056096509684,1616941056097956433,0.931479
1616941056106739183,1616941056108199491,1.013994
1616941056116860231,1616941056118325207,1.05784
1616941056127036760,1616941056128712836,1.201143
1616941056137263446,1616941056138827637,1.073777
1616941056147482770,1616941056149443355,1.569855
1616941056157709959,1616941056159315559,1.127036
1616941056167930236,1616941056169549036,1.153151
1616941056178100209,1616941056179703399,1.185077
1616941056188319696,1616941056189954655,1.165385
1616941056198483093,1616941056200090643,1.128684
1616941056208648948,1616941056210193790,1.04528
1616941056218866039,1616941056220429542,1.091554
1616941056229030224,1616941056230568062,1.053817
1616941056239249946,1616941056240845198,1.11472
1616941056249486341,1616941056251059727,1.110764
1616941056259705039,1616941056261286218,1.109871
1616941056269939432,1616941056271524594,1.103306
1616941056280186779,1616941056281785914,1.138142
1616941056290356098,1616941056291963614,1.128467
1616941056300590789,1616941056302290169,1.248631
1616941056310761854,1616941056312291537,1.030081
1616941056320981284,1616941056322593928,1.186873
1616941056331209422,1616941056332701805,1.077782
1616941056341379220,1616941056342873666,1.042308
1616941056351606552,1616941056353149326,1.15645
1616941056361715849,1616941056363258107,1.126126
1616941056371934072,1616941056373472343,1.115802
1616941056382236464,1616941056383797814,1.125143
1616941056392411005,1616941056393935968,1.07104
1616941056402521032,1616941056404085220,1.160563
1616941056412772690,1616941056414419299,1.216931
1616941056422944256,1616941056424596486,1.213811
1616941056433172736,1616941056434687455,1.07061
1616941056443332542,1616941056444867377,1.085732
1616941056453508391,1616941056455179622,1.242726
1616941056463727433,1616941056465273019,1.106473
1616941056473957952,1616941056475627134,1.20422
1616941056484183882,1616941056485824896,1.147378
1616941056494354361,1616941056495953547,1.134602
1616941056504584910,1616941056506130050,1.062488
1616941056514761376,1616941056516320049,1.108723
1616941056524980610,1616941056526606092,1.156295
1616941056535197983,1616941056536863033,1.234433
1616941056545430566,1616941056546995228,1.115423
1616941056555651547,1616941056557239975,1.16461
1616941056565816052,1616941056567389287,1.149191
1616941056576037495,1616941056577693639,1.230543
1616941056586231191,1616941056587905337,1.265817
1616941056596451611,1616941056598209630,1.841036
1616941056606506045,1616941056608094905,1.160873
1616941056616725335,1616941056618391027,1.213127
1616941056626828148,1616941056628443226,1.165299
1616941056636928272,1616941056638720749,1.325325
1616941056646952095,1616941056648591916,1.16502
1616941056657136913,1616941056658841480,1.187501
1616941056667259572,1616941056668942367,1.253656
1616941056677427089,1616941056679084998,1.177178
1616941056687531492,1616941056689130780,1.176934
1616941056697631557,1616941056699162605,1.115636
1616941056707783853,1616941056709344432,1.092877
1616941056718002945,1616941056719560347,1.149182
1616941056728114987,1616941056729598216,1.074445
1616941056738272425,1616941056739733149,1.002978
1616941056748337250,1616941056749881318,1.045473
1616941056758438441,1616941056759970852,1.138251
1616941056768658150,1616941056770214551,1.070063
1616941056778760078,1616941056780319161,1.122706
1616941056788922894,1616941056790357105,1.059914
1616941056799027377,1616941056800670690,1.249029
1616941056809143940,1616941056810668468,1.064942
1616941056819260522,1616941056820817559,1.130358
1616941056829415261,1616941056831047706,1.159561
1616941056839518854,1616941056841191536,1.251608
1616941056849668557,1616941056851247016,1.085827
1616941056859917717,1616941056861532528,1.136227
1616941056870153659,1616941056871698517,1.05535
1616941056880214039,1616941056881877121,1.240557
1616941056890311447,1616941056891973328,1.223532
1616941056900526353,1616941056902145201,1.141213
1616941056910649999,1616941056912308458,1.2355
1616941056920874301,1616941056922429805,1.133862
1616941056930931453,1616941056932571504,1.213289
1616941056941154673,1616941056942896356,1.338339
1616941056951389989,1616941056953240575,1.450714
1616941056961612194,1616941056963144936,1.045231
1616941056971853626,1616941056973425277,1.147826
1616941056982091871,1616941056983608981,1.093973
1616941056992313533,1616941056993800064,1.045772
1616941057002486258,1616941057004130834,1.203758
1616941057012709658,1616941057014288767,1.146403
1616941057022876443,1616941057024401240,1.089141
1616941057033107444,1616941057034653372,1.103791
1616941057043357350,1616941057044949355,1.1599
1616941057053531129,1616941057055123203,1.162395
1616941057063659824,1616941057065258217,1.170166
1616941057073897149,1616941057075431627,1.114743
1616941057084131183,1616941057085717783,1.163194
1616941057094301942,1616941057095935824,1.214133
1616941057104534874,1616941057106053775,1.077781
1616941057114704904,1616941057116258725,1.148138
1616941057124952959,1616941057126502650,1.131781
1616941057135170975,1616941057136840222,1.247071
1616941057145391294,1616941057146954464,1.148173
1616941057155612064,1616941057157144647,1.167258
1616941057165833471,1616941057167465579,1.215254
1616941057176061045,1616941057177649679,1.157037
1616941057186226885,1616941057187781207,1.115132
1616941057196456356,1616941057198038127,1.214636
1616941057206573717,1616941057208185452,1.191907
1616941057216746703,1616941057218266697,1.053932
1616941057226940555,1616941057228576178,1.2051
1616941057237114051,1616941057238766537,1.222624
1616941057247253747,1616941057248824515,1.181836
1616941057257433493,1616941057259032432,1.169983
1616941057267617878,1616941057269103212,1.068525
1616941057277842016,1616941057279308315,0.969685
1616941057288014781,1616941057289624977,1.12152
1616941057298251100,1616941057299836558,1.168272
1616941057308470554,1616941057310038613,1.098787
1616941057318641940,1616941057320245900,1.193582
1616941057328860832,1616941057330344066,1.062781
1616941057339082925,1616941057340711288,1.211549
1616941057349317023,1616941057350873168,1.129777
1616941057359536457,1616941057361109553,1.136117
1616941057369755631,1616941057371386571,1.214798
1616941057379977067,1616941057381555427,1.149232
1616941057390164738,1616941057391901644,1.322128
1616941057400392565,1616941057402033075,1.216784
1616941057410559572,1616941057412259927,1.279187
1616941057420778581,1616941057422453381,1.302987
1616941057430943593,1616941057432697547,1.332008
1616941057441172023,1616941057442809551,1.210064
1616941057451390990,1616941057453046488,1.243729
1616941057461617671,1616941057463247336,1.203245
1616941057471838994,1616941057473490431,1.227489
1616941057482070718,1616941057483667937,1.190443
1616941057492298588,1616941057493882180,1.16458
1616941057502466166,1616941057504062908,1.152762
1616941057512652515,1616941057514332949,1.249943
1616941057522825892,1616941057524471407,1.240509
1616941057533059362,1616941057534683145,1.235126
1616941057543233438,1616941057544855728,1.184855
1616941057553474312,1616941057555114438,1.23187
1616941057563695964,1616941057565326816,1.209275
1616941057573863464,1616941057575436832,1.133175
1616941057584015615,1616941057585616040,1.084147
1616941057594099742,1616941057595759998,1.132072
1616941057604207010,1616941057605906568,1.169489
1616941057614307310,1616941057615983760,1.186179
1616941057624412286,1616941057625977182,1.03869
1616941057634511663,1616941057636116288,1.078413
1616941057644645891,1616941057646234784,1.041556
1616941057654770741,1616941057656414554,1.098405
1616941057664933844,1616941057666601652,1.139049
1616941057675078075,1616941057676729660,1.143677
1616941057685279604,1616941057686845659,1.063441
1616941057695505660,1616941057697092335,1.065309
1616941057705744407,1616941057707228749,0.987344
1616941057715961071,1616941057717652865,1.221587
1616941057726112331,1616941057727791419,1.123833
1616941057736339143,1616941057738030209,1.224143
1616941057746502919,1616941057748054399,1.058836
1616941057756663256,1616941057758405881,1.648597
1616941057766824407,1616941057768490826,1.161311
1616941057777006039,1616941057778668235,1.195031
1616941057787187959,1616941057788899365,1.248079
1616941057797364340,1616941057798901933,1.041471
1616941057807539410,1616941057809135901,1.094532
1616941057817712188,1616941057819300859,1.124215
1616941057827905476,1616941057829524005,1.141803
1616941057838130319,1616941057839699458,1.108027
1616941057848349661,1616941057849961669,1.138879
1616941057858528085,1616941057860024360,1.012373
1616941057868748849,1616941057870394199,1.2193
1616941057878907871,1616941057880625974,1.304877
1616941057889129547,1616941057890840468,1.22121
1616941057899361778,1616941057900967705,1.162678
1616941057909594443,1616941057911229591,1.209035
1616941057919823854,1616941057921453752,1.205051
1616941057930076048,1616941057931709734,1.205827
1616941057940306404,1616941057941974819,1.271495
1616941057950431533,1616941057952071532,1.23112
1616941057960658389,1616941057962334187,1.200473
1616941057970821483,1616941057972386931,1.093299
1616941057981039566,1616941057982612387,1.083108
1616941057991268114,1616941057992848540,1.161732
1616941058001505335,1616941058003046818,1.121355
1616941058011724914,1616941058013235876,1.073897
1616941058021952673,1616941058023497914,1.119518
1616941058032189464,1616941058033701038,1.070849
1616941058042360198,1616941058043942068,1.125216
1616941058052592823,1616941058054048589,1.072634
1616941058062718554,1616941058064254522,1.122134
1616941058072958777,1616941058074526744,1.158239
1616941058083187799,1616941058084758310,1.145125
1616941058093424207,1616941058094891752,1.02964
1616941058103643171,1616941058105179205,1.109713
1616941058113863916,1616941058115420661,1.135233
1616941058124085711,1616941058125598292,1.071044
1616941058134229611,1616941058135760910,1.111178
1616941058144464747,1616941058145983245,1.094516
1616941058154635688,1616941058156101871,1.034322
1616941058164873961,1616941058166328225,1.051312
1616941058175053422,1616941058176584605,1.11973
1616941058185289119,1616941058186844408,1.082753
1616941058195507590,1616941058197018384,1.068963
1616941058205737244,1616941058207250330,1.097855
1616941058215970756,1616941058217433763,1.031069
1616941058226225740,1616941058227680579,1.033424
1616941058236475807,1616941058237928034,0.986503
1616941058246700593,1616941058248167088,0.9988
1616941058256934546,1616941058258447798,1.052275
1616941058267111791,1616941058268673967,1.135112
1616941058277344431,1616941058278821166,1.035853
1616941058287530533,1616941058289116128,1.193609
1616941058297750004,1616941058299279609,1.095741
1616941058307974347,1616941058309440528,1.081531
1616941058318212157,1616941058319744354,1.090897
1616941058328450765,1616941058329958271,1.082709
1616941058338627549,1616941058340227115,1.189379
1616941058348848081,1616941058350460525,1.251619
1616941058359070294,1616941058360589960,1.538762
1616941058369225227,1616941058370788967,1.074967
1616941058379406879,1616941058380887132,1.030333
1616941058389537535,1616941058391066404,1.049338
1616941058399586331,1616941058401095279,1.069752
1616941058409621862,1616941058411099452,1.051353
1616941058419689059,1616941058421192677,1.025515
1616941058429857415,1616941058431337547,0.98396
1616941058439895455,1616941058441464425,1.14992
1616941058450038841,1616941058451681832,1.229217
1616941058460138914,1616941058461742296,1.163328
1616941058470297528,1616941058471896593,1.17561
1616941058480533992,1616941058482112358,1.153396
1616941058490612384,1616941058492157690,1.114542
1616941058500653478,1616941058502145087,1.053899
1616941058510820384,1616941058512407025,1.112533
1616941058521078350,1616941058522624246,1.068857
1616941058531258575,1616941058532787743,1.04151
1616941058541340716,1616941058542866653,1.049148
1616941058551574052,1616941058553160354,1.085382
1616941058561792773,1616941058563365793,1.576506
1616941058571870763,1616941058573452755,1.143381
1616941058582115291,1616941058583644734,1.046612
1616941058592266553,1616941058593746629,1.032823
1616941058602374273,1616941058603902500,1.033138
1616941058612529264,1616941058614095524,1.072845
1616941058622627484,1616941058624303110,1.179509
1616941058632828638,1616941058634406987,1.091439
1616941058642929624,1616941058644491954,1.123932
1616941058652959708,1616941058654590576,1.231498
1616941058663043610,1616941058664624375,1.100861
1616941058673254639,1616941058674844759,1.1058
1616941058683406169,1616941058685090852,1.262796
1616941058693438593,1616941058695016412,1.09773
1616941058703541317,1616941058705126361,1.152955
1616941058713695405,1616941058715279896,1.143704
1616941058723795129,1616941058725412004,1.190662
1616941058733951089,1616941058735556837,1.117514
1616941058744178001,1616941058745795909,1.140674
1616941058754347889,1616941058755914040,1.125643
1616941058764583151,1616941058766209673,1.237978
1616941058774752047,1616941058776351972,1.182301
1616941058784976953,1616941058787325714,1.944977
1616941058795192616,1616941058796856187,1.22948
1616941058805419102,1616941058807023542,1.172098
1616941058815654243,1616941058817254514,1.212705
1616941058825823499,1616941058827430437,1.180622
1616941058836049706,1616941058837628460,1.109851
1616941058846210734,1616941058847799349,1.104871
1616941058856428549,1616941058858106578,1.250578
1616941058866543740,1616941058868108250,1.085306
1616941058876712208,1616941058878267865,1.139429
1616941058886892826,1616941058888479701,1.161916
1616941058897016795,1616941058898631212,1.261156
1616941058907134750,1616941058908814063,1.198362
1616941058917291814,1616941058918888038,1.108989
1616941058927506733,1616941058929144426,1.173068
1616941058937748313,1616941058939319574,1.109546
1616941058947981179,1616941058949598415,1.149655
1616941058958218902,1616941058959787903,1.088856
1616941058968393868,1616941058970054134,1.197087
1616941058978617529,1616941058980216399,1.110874
1616941058988848100,1616941058990391810,1.081356
1616941058999079417,1616941059000632331,1.067508
1616941059009198361,1616941059010787808,1.095194
1616941059019362398,1616941059020947414,1.12334
1616941059029596173,1616941059031216862,1.150054
1616941059039824197,1616941059041495810,1.197509
1616941059050071322,1616941059051703407,1.160155
1616941059060317792,1616941059062017007,1.240035
1616941059070504022,1616941059072186829,1.218085
1616941059080679635,1616941059082310295,1.14217
1616941059090852603,1616941059092522418,1.236315
1616941059101075375,1616941059102745939,1.178643
1616941059111298363,1616941059112918247,1.153105
1616941059121521860,1616941059123124001,1.130911
1616941059131698325,1616941059133292601,1.116199
1616941059141926995,1616941059143501035,1.080536
1616941059152145586,1616941059153775440,1.152266
1616941059162321888,1616941059164038860,1.231103
1616941059172542808,1616941059174180962,1.152777
1616941059182713882,1616941059184298751,1.091142
1616941059192903147,1616941059194589327,1.236414
1616941059203140749,1616941059204848416,1.228066
1616941059213296141,1616941059214882782,1.089144
1616941059223453969,1616941059225062351,1.135479
1616941059233620611,1616941059235246704,1.14
1616941059243843318,1616941059245425728,1.099369
1616941059254092756,1616941059255762884,1.241246
1616941059264309163,1616941059265985462,1.237069
1616941059274479209,1616941059276176615,1.260845
1616941059284714943,1616941059286330642,1.189095
1616941059294950577,1616941059296558977,1.17004
1616941059305169269,1616941059306761768,1.163789
1616941059315389161,1616941059317013295,1.156475
1616941059325620114,1616941059327234734,1.125313
1616941059335848108,1616941059337437481,1.154753
1616941059346019560,1616941059347612953,1.155852
1616941059356184368,1616941059357782357,1.178799
1616941059366346660,1616941059367969942,1.205326
1616941059376511257,1616941059378725265,2.13761
1616941059386637617,1616941059388237988,1.129859
1616941059396876030,1616941059398540210,1.263168
1616941059407049468,1616941059408624454,1.101178
1616941059417221050,1616941059418795855,1.147771
1616941059427382268,1616941059428998651,1.447382
1616941059437588955,1616941059439192380,1.113022
1616941059447765985,1616941059449360890,1.184476
1616941059457944092,1616941059459652412,1.278744
1616941059468128040,1616941059469775971,1.237713
1616941059478351612,1616941059480055140,1.292698
1616941059488571587,1616941059490192487,1.206702
1616941059498758406,1616941059500339440,1.15476
1616941059508999421,1616941059510560665,1.1425
1616941059519163166,1616941059520691464,1.093741
1616941059529330219,1616941059530889881,1.161336
1616941059539494764,1616941059540985149,1.008542
1616941059549670051,1616941059551211891,1.06012
1616941059559890849,1616941059561416894,1.086546
1616941059570119645,1616941059571667589,1.062749
1616941059580343011,1616941059581883936,1.109953
1616941059590519030,1616941059592024299,1.071859
1616941059600693242,1616941059602338313,1.217332
1616941059610862649,1616941059612449032,1.16143
1616941059621107924,1616941059622675482,1.141515
1616941059631278864,1616941059632784763,1.064197
1616941059641450975,1616941059643004926,1.066945
1616941059651610388,1616941059653132265,1.087501
1616941059661726420,1616941059663317109,1.164608
1616941059671842782,1616941059673408102,1.152153
1616941059682011066,1616941059683577908,1.158338
1616941059692239731,1616941059693770041,1.101889
1616941059702357550,1616941059703913581,1.108608
1616941059712531590,1616941059714164480,1.166496
1616941059722653578,1616941059724186762,1.03854
1616941059732884250,1616941059734356826,1.022727
1616941059743062568,1616941059744564283,1.037461
1616941059753280735,1616941059754755985,1.042921
1616941059763502907,1616941059765034198,1.112758
1616941059773721408,1616941059775288478,1.477344
1616941059783897821,1616941059785421186,1.029371
1616941059794128378,1616941059795728225,1.135201
1616941059804302759,1616941059805879998,1.097333
1616941059814425615,1616941059815988727,1.095596
1616941059824654289,1616941059826301569,1.176052
1616941059834829395,1616941059836531108,1.248618
1616941059845058589,1616941059846549537,1.011399
1616941059855278936,1616941059856823728,1.107945
1616941059865496458,1616941059867117714,1.148761
1616941059875719736,1616941059877338573,1.152086
1616941059885943157,1616941059887531641,1.112654
1616941059896181629,1616941059897700561,1.034405
1616941059906352117,1616941059907907536,1.072004
1616941059916594775,1616941059918109325,1.086193
1616941059926766237,1616941059928197401,0.970738
1616941059936987138,1616941059938423238,0.996272
1616941059947208506,1616941059948703757,1.009568
1616941059957448875,1616941059959001698,1.07688
1616941059967678713,1616941059969246738,1.064448
1616941059977893096,1616941059979542011,1.247883
1616941059988124080,1616941059990883168,2.357767
1616941059998284336,1616941059999765768,0.971235
1616941060008402044,1616941060009938700,1.100131
1616941060018578866,1616941060020038927,1.014702
1616941060028799046,1616941060030289376,1.10951
1616941060039020469,1616941060040605829,1.167984
1616941060049139416,1616941060050826435,1.25793
1616941060059314960,1616941060060853585,1.070115
1616941060069431785,1616941060070987241,1.108835
1616941060079674435,1616941060081206432,1.103508
1616941060089841551,1616941060091964714,1.647398
1616941060099996821,1616941060101568226,1.157438
1616941060110095190,1616941060111664299,1.101045
1616941060120202576,1616941060121726768,1.032805
1616941060130331298,1616941060131960400,1.203976
1616941060140430541,1616941060142059662,1.146279
1616941060150556594,1616941060152195135,1.193356
1616941060160731700,1616941060162572640,1.376674
1616941060170908611,1616941060172674746,1.350494
1616941060181141056,1616941060183219572,1.832952
1616941060191308115,1616941060193032170,1.24935
1616941060201366487,1616941060202972686,1.127262
1616941060211429983,1616941060212930458,1.02175
1616941060221657332,1616941060223213310,1.062873
1616941060231888946,1616941060233548666,1.167044
1616941060241988752,1616941060243570288,1.159834
1616941060252070773,1616941060253685580,1.222139
1616941060262096309,1616941060263668514,1.096951
1616941060272321601,1616941060273872238,1.060143
1616941060282430812,1616941060283983793,1.101535
1616941060292501004,1616941060294101948,1.110601
1616941060302602360,1616941060304275448,1.193146
1616941060312830558,1616941060314521738,1.277066
1616941060322878017,1616941060324450588,1.095319
1616941060333043694,1616941060334618694,1.11671
1616941060343120421,1616941060344772995,1.178162
1616941060353273345,1616941060354879928,1.108913
1616941060363380330,1616941060364871945,0.992556
1616941060373613602,1616941060375194283,1.09344
1616941060383684244,1616941060385145581,0.977839
1616941060393783109,1616941060395252176,0.962949
1616941060403878120,1616941060405412335,1.031788
1616941060413978141,1616941060415600622,1.156025
1616941060424077891,1616941060425612759,1.048715
1616941060434258394,1616941060435801125,1.046523
1616941060444356113,1616941060445866850,1.000798
1616941060454426230,1616941060456030010,1.108016
1616941060464595109,1616941060466192826,1.106022
1616941060474717940,1616941060476252829,1.101802
1616941060484839129,1616941060486533385,1.290052
1616941060494931840,1616941060496485147,1.078358
1616941060505124683,1616941060506817716,1.207057
1616941060515309371,1616941060516954787,1.15312
1616941060525484526,1616941060527257119,1.284775
1616941060535639013,1616941060537269181,1.133591
1616941060545862649,1616941060547465744,1.115718
1616941060556083671,1616941060557649533,1.076069
1616941060566227307,1616941060567793517,1.092126
1616941060576453338,1616941060577951973,1.066964
1616941060586577100,1616941060588177521,1.17083
1616941060596795086,1616941060598387701,1.170821
1616941060607021790,1616941060608565554,1.119879
1616941060617240041,1616941060618812704,1.135713
1616941060627459471,1616941060628952034,1.069732
1616941060637677293,1616941060639239243,1.134835
1616941060647900845,1616941060649488481,1.160508
1616941060658127201,1616941060659742642,1.194263
1616941060668346855,1616941060669950210,1.176893
1616941060678470609,1616941060680075224,1.183164
1616941060688691916,1616941060690220082,1.099112
1616941060698813436,1616941060700407972,1.171412
1616941060709031920,1616941060710708538,1.243708
1616941060719251030,1616941060720822497,1.165233
1616941060729424006,1616941060730990318,1.133629
1616941060739652435,1616941060741339751,1.257164
1616941060749836399,1616941060751424906,1.178389
1616941060760058179,1616941060761703607,1.226644
1616941060770182558,1616941060771788724,1.18049
1616941060780322516,1616941060782045567,1.286668
1616941060790438544,1616941060791966726,1.0395
1616941060800539570,1616941060802082080,1.030711
1616941060810647514,1616941060812149736,1.030988
1616941060820864499,1616941060822527050,1.214885
1616941060830997323,1616941060832671207,1.20276
1616941060841167192,1616941060842781729,1.085124
1616941060851415581,1616941060852991682,1.188946
1616941060861585427,1616941060863097526,1.013649
1616941060871694919,1616941060873224594,1.030371
1616941060881880674,1616941060883488036,1.141502
1616941060892122291,1616941060893672480,1.042648
1616941060902249994,1616941060903926653,1.184441
1616941060912476974,1616941060914140106,1.252622
1616941060922594883,1616941060924257443,1.227177
1616941060932704992,1616941060934350443,1.16789
1616941060942858815,1616941060944452141,1.169798
1616941060953033165,1616941060954702093,1.214034
1616941060963261451,1616941060964814385,1.123396
1616941060973474923,1616941060974967508,1.01142
1616941060983706506,1616941060985908907,2.100658
1616941060993866227,1616941060995452834,1.16968
1616941061004093902,1616941061005618600,1.036906
1616941061014263663,1616941061015846539,1.159444
1616941061024436001,1616941061026039906,1.168306
1616941061034673734,1616941061036332967,1.246662
1616941061044890706,1616941061046455738,1.203528
1616941061055115569,1616941061056677448,1.145937
1616941061065342473,1616941061066890152,1.115585
1616941061075571214,1616941061077003301,1.021986
1616941061085788470,1616941061087325571,1.132988
1616941061095908296,1616941061097520027,1.178222
1616941061106156985,1616941061107826169,1.248954
1616941061116388069,1616941061118010262,1.206841
1616941061126557053,1616941061128149790,1.183491
1616941061136778577,1616941061138308496,1.059735
1616941061146993530,1616941061148576969,1.177358
1616941061157209968,1616941061158746106,1.097184
1616941061167432572,1616941061168983418,1.128283
1616941061177614332,1616941061179131293,1.012504
1616941061187786100,1616941061189392062,1.174066
1616941061198013834,1616941061199646182,1.231754
1616941061208146701,1616941061209753596,1.148501
1616941061218255546,1616941061219787552,1.046427
1616941061228458305,1616941061230047288,1.097104
1616941061238569611,1616941061240128581,1.075931
1616941061248788897,1616941061250313292,1.036325
1616941061258903659,1616941061260515420,1.142284
1616941061269018874,1616941061270673225,1.175488
1616941061279130865,1616941061280721931,1.12217
1616941061289242269,1616941061290750601,1.018949
1616941061299347186,1616941061300944453,1.123076
1616941061309506245,1616941061311007191,1.016318
1616941061319664908,1616941061321218636,1.075096
1616941061329767154,1616941061331298943,1.050035
1616941061339925846,1616941061341452653,1.045167
1616941061350032096,1616941061351564315,1.042315
1616941061360182334,1616941061361611990,0.942151
1616941061370335114,1616941061371892647,1.090591
1616941061380485826,1616941061381949783,0.989594
1616941061390587136,1616941061392077491,1.006721
1616941061400739787,1616941061402229060,1.005651
1616941061410840299,1616941061412452931,1.130351
1616941061421070461,1616941061422733379,1.19565
1616941061431232678,1616941061432854032,1.196099
1616941061441460522,1616941061443072520,1.176743
1616941061451703090,1616941061453355572,1.169302
1616941061461858224,1616941061463607406,1.335033
1616941061472030324,1616941061473687118,1.171372
1616941061482238792,1616941061483955526,1.302686
1616941061492453325,1616941061494111875,1.22471
1616941061502615293,1616941061504237964,1.16336
1616941061512844202,1616941061514578663,1.303612
1616941061522952476,1616941061524617865,1.199875
1616941061533079243,1616941061534791276,1.256706
1616941061543192636,1616941061544738378,1.058692
1616941061553308247,1616941061554926589,1.145698
1616941061563432575,1616941061565121291,1.207271
1616941061573649687,1616941061575330372,1.198776
1616941061583819429,1616941061585562645,1.281912
1616941061593944566,1616941061595666087,1.266116
1616941061604058091,1616941061605744100,1.176104
1616941061614170987,1616941061615736379,1.103516
1616941061624399516,1616941061626098242,1.233959
1616941061634520274,1616941061636189601,1.189272
1616941061644692460,1616941061646364128,1.201573
1616941061654862392,1616941061656448046,1.100489
1616941061665038766,1616941061666643070,1.174554
1616941061675166161,1616941061676789406,1.195071
1616941061685279245,1616941061686927382,1.213366
1616941061695438116,1616941061697148904,1.227759
1616941061705655550,1616941061707399562,1.311022
1616941061715881659,1616941061717524163,1.149822
1616941061726101049,1616941061727719159,1.19072
1616941061736316157,1616941061737939433,1.176361
1616941061746484720,1616941061748187881,1.28909
1616941061756707458,1616941061758365535,1.243017
1616941061766867140,1616941061768514966,1.263098
1616941061777090635,1616941061778777252,1.28025
1616941061787305975,1616941061788939777,1.20997
1616941061797524497,1616941061799542233,1.752138
1616941061807744996,1616941061809251138,1.030238
1616941061817969194,1616941061820316099,1.872649
1616941061828031354,1616941061829649773,1.14792
1616941061838180220,1616941061839844750,1.198572
1616941061848399279,1616941061850098732,1.228095
1616941061858500626,1616941061860124161,1.113409
1616941061868736318,1616941061870445233,1.275367
1616941061878894907,1616941061880555936,1.21458
1616941061888966489,1616941061890686374,1.254295
1616941061899067834,1616941061900690411,1.13664
1616941061909219055,1616941061910805299,1.085443
1616941061919314597,1616941061920967633,1.168681
1616941061929473803,1616941061931044037,1.070574
1616941061939669618,1616941061941279086,1.210574
1616941061949774442,1616941061951411009,1.14087
1616941061959869382,1616941061961459490,1.09141
1616941061970095544,1616941061971661205,1.06479
1616941061980193426,1616941061981774202,1.090149
1616941061990294503,1616941061991824634,1.032784
1616941062000397182,1616941062001970235,1.071037
1616941062010564445,1616941062012232668,1.182332
1616941062020638930,1616941062022295299,1.183789
1616941062030736884,1616941062032321976,1.100981
1616941062040833386,1616941062042531728,1.230502
1616941062050932081,1616941062052562515,1.106533
1616941062061123959,1616941062062734138,1.093414
1616941062071286970,1616941062072888512,1.108223
1616941062081339150,1616941062082976501,1.144856
1616941062091372517,1616941062092963988,1.181561
1616941062101457857,1616941062102972435,1.01667
1616941062111631263,1616941062113252290,1.142129
1616941062121772397,1616941062123363771,1.093599
1616941062131842068,1616941062133355807,1.102249
1616941062141992632,1616941062143523113,1.091285
1616941062152088498,1616941062153631352,1.099353
1616941062162243251,1616941062163798035,1.116932
1616941062172488411,1616941062174121039,1.155943
1616941062182662740,1616941062184338025,1.370792
1616941062192886408,1616941062194412486,1.03436
1616941062203109464,1616941062204705247,1.192768
1616941062213351228,1616941062214960286,1.179265
1616941062223574832,1616941062225175984,1.182317
1616941062233802622,1616941062235394150,1.162016
1616941062244026143,1616941062245621358,1.159968
1616941062254233086,1616941062255943842,1.295752
1616941062264427293,1616941062266112697,1.277006
1616941062274556037,1616941062276194075,1.163053
1616941062284786076,1616941062286374450,1.166497
1616941062295004858,1616941062296608516,1.174215
1616941062305233298,1616941062306857833,1.221784
1616941062315416209,1616941062317082080,1.244257
1616941062325639323,1616941062327218469,1.265828
1616941062335766430,1616941062337325301,1.057105
1616941062346014204,1616941062347675172,1.238602
1616941062356187616,1616941062357889886,1.284072
1616941062366314764,1616941062368016401,1.295417
1616941062376421906,1616941062378180434,1.329031
1616941062386531297,1616941062388219143,1.212719
1616941062396701789,1616941062398366492,1.251843
1616941062406811980,1616941062408288348,0.994975
1616941062416994763,1616941062418430104,0.980991
1616941062427224821,1616941062428861501,1.176134
1616941062437441571,1616941062438986908,1.045431
1616941062447646085,1616941062449112151,0.947598
1616941062457814297,1616941062459330492,1.016281
1616941062467922047,1616941062469498267,1.091747
1616941062478159197,1616941062479687419,1.061027
1616941062488376282,1616941062489885161,1.034871
1616941062498544919,1616941062500097487,1.06887
1616941062508763867,1616941062510264803,1.001723
1616941062518933962,1616941062520438833,1.049978
1616941062529107822,1616941062530646659,1.079924
1616941062539334986,1616941062540820005,1.075116
1616941062549565103,1616941062551141428,1.140621
1616941062559790743,1616941062561393585,1.186065
1616941062569962704,1616941062571601987,1.215369
1616941062580193476,1616941062581829700,1.196806
1616941062590361489,1616941062592885416,2.595032
1616941062600582824,1616941062602116438,1.042973
1616941062610751507,1616941062612285884,1.102702
1616941062620925170,1616941062622575802,1.222056
1616941062631144392,1616941062632606238,0.964392
1616941062641361717,1616941062642824184,1.038179
1616941062651579019,1616941062653078163,1.077336
1616941062661796808,1616941062663226384,1.050126
1616941062672019392,1616941062673463406,1.00652
1616941062682224495,1616941062683720382,1.083141
1616941062692451865,1616941062693912568,1.01105
1616941062702619796,1616941062704098859,0.975858
1616941062712846082,1616941062714316399,1.042077
1616941062723066602,1616941062724506935,0.97171
1616941062733296146,1616941062734785322,1.080632
1616941062743530801,1616941062744974275,0.986522
1616941062753748387,1616941062755225745,0.980074
1616941062763966369,1616941062765457887,1.061767
1616941062774198869,1616941062775770235,1.138995
1616941062784419379,1616941062786081048,1.248588
1616941062794608697,1616941062796239784,1.228908
1616941062804830301,1616941062806383560,1.115371
1616941062815054177,1616941062816686788,1.271635
1616941062825286699,1616941062826812142,1.103341
1616941062835450935,1616941062836960548,1.072841
1616941062845614514,1616941062847101287,0.996621
1616941062855778321,1616941062857249949,1.059663
1616941062865946856,1616941062867396396,1.085677
1616941062876107211,1616941062877610554,1.080291
1616941062886228555,1616941062887697530,1.0742
1616941062896470736,1616941062898011994,1.110841
1616941062906598560,1616941062908090321,1.082832
1616941062916824093,1616941062918428803,1.182873
1616941062927002376,1616941062928541258,1.114719
1616941062937170846,1616941062938791520,1.145624
1616941062947336125,1616941062948884384,1.128744
1616941062957458852,1616941062958962286,1.037446
1616941062967632209,1616941062969137206,1.067361
1616941062977803232,1616941062979407588,1.173016
1616941062988061542,1616941062989644794,1.142392
1616941062998177804,1616941062999822678,1.225696
1616941063008351487,1616941063009938260,1.160534
1616941063018472827,1616941063020097011,1.193547
1616941063028705871,1616941063030328335,1.200631
1616941063038826267,1616941063040465750,1.217766
1616941063049048620,1616941063050682682,1.247866
1616941063059267050,1616941063060883230,1.19797
1616941063069428739,1616941063070983295,1.068516
1616941063079648042,1616941063081196402,1.115251
1616941063089884044,1616941063091463016,1.107824
1616941063100050633,1616941063101583235,1.031433
1616941063110171476,1616941063111636820,0.980622
1616941063120382839,1616941063121915562,1.047765
1616941063130602361,1616941063132153842,1.092465
1616941063140830497,1616941063142456289,1.188686
1616941063151053793,1616941063152672044,1.140532
1616941063161270193,1616941063162864558,1.097306
1616941063171504188,1616941063173092408,1.110926
1616941063181721361,1616941063183352998,1.154355
1616941063191939078,1616941063193596577,1.197256
1616941063202171918,1616941063203865648,1.21659
1616941063212335172,1616941063213988224,1.180608
1616941063222503738,1616941063224147341,1.167294
1616941063232720592,1616941063234268814,1.062983
1616941063242892950,1616941063244538018,1.16021
1616941063253114880,1616941063254776533,1.188232
1616941063263334870,1616941063265004894,1.194139
1616941063273563332,1616941063275235485,1.220252
1616941063283686687,1616941063285320328,1.147719
1616941063293909906,1616941063295537832,1.163995
1616941063304068528,1616941063305683559,1.135101
1616941063314228118,1616941063315809437,1.117666
1616941063324446698,1616941063325957136,1.027696
1616941063334626969,1616941063336185354,1.086302
1616941063344846748,1616941063346503884,1.179613
1616941063357795289,1616941063359458795,1.200884
1616941063367916715,1616941063369561372,1.149123
1616941063378149326,1616941063379864367,1.256686
1616941063388318161,1616941063390046889,1.839406
1616941063398368758,1616941063399967963,1.143651
1616941063408545184,1616941063410145445,1.123548
1616941063418715704,1616941063420242469,1.023112
1616941063428933457,1616941063430614268,1.219872
1616941063439110773,1616941063440782941,1.211818
1616941063449283424,1616941063450971979,1.21677
1616941063459459906,1616941063461037675,1.132599
1616941063469690958,1616941063471344286,1.173521
1616941063479864191,1616941063481497120,1.170999
1616941063490027226,1616941063491643873,1.112243
1616941063500241275,1616941063501833101,1.172146
1616941063510415688,1616941063512037619,1.152827
1616941063520583020,1616941063522227094,1.15034
1616941063530747002,1616941063532360991,1.140407
1616941063540989774,1616941063542582583,1.141572
1616941063551206260,1616941063552716149,1.068416
1616941063561435094,1616941063563106009,1.68966
1616941063571621815,1616941063573200544,1.122612
1616941063581716332,1616941063583283919,1.132434
1616941063591861446,1616941063593476348,1.210852
1616941063601965344,1616941063603527094,1.142189
1616941063612095935,1616941063613721348,1.219041
1616941063622153556,1616941063623850886,1.236334
1616941063632258326,1616941063633941538,1.236881
1616941063642285619,1616941063643942179,1.175264
1616941063652421890,1616941063654088210,1.179744
1616941063662525959,1616941063664077664,1.102922
1616941063672744659,1616941063674326951,1.101415
1616941063682917455,1616941063684537256,1.151129
1616941063692990994,1616941063694626314,1.192085
1616941063703112947,1616941063704665000,1.115714
1616941063713149073,1616941063714660928,1.063968
1616941063723276036,1616941063724822671,1.094713
1616941063733521704,1616941063735163249,1.158168
1616941063743641580,1616941063745358491,1.258805
1616941063753676107,1616941063755232618,1.126082
1616941063763771108,1616941063765375848,1.15289
1616941063773944903,1616941063775628497,1.188762
1616941063784048819,1616941063785649007,1.18236
1616941063794148585,1616941063795747373,1.118093
1616941063804248838,1616941063805802445,1.090672
1616941063814268650,1616941063815844526,1.062135
1616941063824488338,1616941063826170516,1.205271
1616941063834622666,1616941063836170759,1.067276
1616941063844644990,1616941063846242268,1.103059
1616941063854818621,1616941063856507768,1.216378
1616941063865039904,1616941063866638364,1.130854
1616941063875257273,1616941063876752781,1.081566
1616941063885476868,1616941063887002112,1.116009
1616941063895724246,1616941063897209373,1.07442
1616941063905951066,1616941063907476074,1.141836
1616941063916191836,1616941063917712087,1.082089
1616941063926362796,1616941063928020687,1.233442
1616941063936580426,1616941063938208981,1.201343
1616941063946749499,1616941063948403743,1.206833
1616941063956877154,1616941063958439142,1.11712
1616941063967037112,1616941063968580867,1.060262
1616941063977258250,1616941063978786855,1.056406
1616941063987432378,1616941063988972221,1.050868
1616941063997661976,1616941063999237069,1.166056
1616941064007906648,1616941064009500849,1.207419
1616941064018139539,1616941064019768034,1.154507
1616941064028363921,1616941064030140503,1.352078
1616941064038527616,1616941064040168135,1.224884
1616941064048685264,1616941064050346879,1.196714
1616941064058915797,1616941064060488287,1.146224
1616941064069135704,1616941064070729449,1.138417
1616941064079353411,1616941064080905214,1.063013
1616941064089596527,1616941064091145302,1.118426
1616941064099819849,1616941064101347669,1.105621
1616941064110072203,1616941064111643913,1.142262
1616941064120294623,1616941064121852193,1.154427
1616941064130471548,1616941064132124528,1.174471
1616941064140625370,1616941064142237233,1.194465
1616941064150795694,1616941064152347406,1.058687
1616941064161017626,1616941064162622865,1.122626
1616941064171245497,1616941064172816880,1.087541
1616941064181464088,1616941064183066677,1.125325
1616941064191702027,1616941064193391613,1.824608
1616941064201799414,1616941064203319714,1.039346
1616941064212017388,1616941064213609849,1.108432
1616941064222230844,1616941064223807329,1.100392
1616941064232450018,1616941064234007953,1.126543
1616941064242577861,1616941064244112075,1.120931
1616941064252812376,1616941064254425766,1.190816
1616941064262982598,1616941064264539254,1.14422
1616941064273155797,1616941064274802188,1.233571
1616941064283274290,1616941064284874879,1.187492
1616941064293513821,1616941064295118978,1.183509
1616941064303672621,1616941064305241933,1.15077
1616941064313895323,1616941064315417028,1.077593
1616941064324072266,1616941064325596415,1.122385
1616941064334195698,1616941064335690820,1.075488
1616941064344355076,1616941064345896702,1.116013
1616941064354517375,1616941064356056971,1.061678
1616941064364742539,1616941064366249272,1.072468
1616941064374911970,1616941064376521035,1.18694
1616941064385165440,1616941064386728630,1.126014
1616941064395383259,1616941064396919787,1.039566
1616941064405544996,1616941064407079791,1.042156
1616941064415767968,1616941064417365114,1.154162
1616941064425988303,1616941064427566010,1.148505
1616941064436208765,1616941064437687673,1.113243
1616941064446373830,1616941064447960720,1.114724
1616941064456528613,1616941064458149237,1.212719
1616941064466749974,1616941064468264260,1.09917
1616941064476909167,1616941064478446122,1.106631
1616941064487139676,1616941064488639775,1.026617
1616941064497363537,1616941064498847328,1.034099
1616941064507592546,1616941064509048680,1.047761
1616941064517756718,1616941064519277496,1.147991
1616941064527981570,1616941064529418867,0.997791
1616941064538253210,1616941064539716610,1.069309
1616941064548472741,1616941064549977439,1.117665
1616941064558643560,1616941064560169723,1.099374
1616941064568878571,1616941064570381985,1.10551
1616941064579038430,1616941064580475475,1.04975
1616941064589267692,1616941064590724016,1.090684
1616941064599478465,1616941064600930588,1.076709
1616941064609651956,1616941064611056705,0.950124
1616941064619771325,1616941064621200102,1.027153
1616941064629948078,1616941064631389233,0.925167
1616941064640083116,1616941064641526256,0.941667
1616941064650195053,1616941064651684856,1.007254
1616941064660348307,1616941064661889270,1.092603
1616941064670469230,1616941064672009599,1.072404
1616941064680586739,1616941064682089128,1.040381
1616941064690696690,1616941064692151297,1.029235
1616941064700907082,1616941064702520218,1.134791
1616941064711079707,1616941064712555847,0.968496
1616941064721247620,1616941064722722685,0.977959
1616941064731402942,1616941064732900942,1.072357
1616941064741589761,1616941064743070576,1.04082
1616941064751763921,1616941064753358059,1.165748
1616941064761958315,1616941064763516538,1.062374
1616941064772085513,1616941064773672347,1.169187
1616941064782197746,1616941064783829740,1.199971
1616941064792315219,1616941064793929749,1.138981
1616941064802426959,1616941064804075455,1.212481
1616941064812602447,1616941064814152232,1.155326
1616941064822720007,1616941064824293963,1.150677
1616941064832891817,1616941064834521147,1.227689
1616941064843003120,1616941064844615836,1.179833
1616941064853178917,1616941064854721903,1.10871
1616941064863397915,1616941064864975372,1.144845
1616941064873562843,1616941064875101159,1.072107
1616941064883781336,1616941064885413803,1.20677
1616941064894012948,1616941064895616984,1.185547
1616941064904239503,1616941064905835146,1.164929
1616941064914361461,1616941064915939929,1.153909
1616941064924587264,1616941064926144344,1.141025
1616941064934756743,1616941064936295336,1.111255
1616941064944977936,1616941064946555570,1.173431
1616941064955192300,1616941064956812154,1.187142
1616941064965444252,1616941064966999358,1.121825
1616941064975662534,1616941064977314988,1.241589
1616941064985882306,1616941064987495445,1.127824
1616941064996106911,1616941064997650988,1.045754
1616941065006238475,1616941065008373937,1.888373
1616941065016412619,1616941065017957263,1.058446
1616941065026586330,1616941065028139455,1.107285
1616941065036810857,1616941065038367883,1.142281
1616941065046915324,1616941065048534093,1.131133
1616941065057137131,1616941065058740059,1.120418
1616941065067356033,1616941065068854847,1.091663
1616941065077578995,1616941065079217074,1.228921
1616941065087801497,1616941065089368008,1.145513
1616941065098022932,1616941065099634937,1.193401
1616941065108249900,1616941065109755915,1.091641
1616941065118367628,1616941065119951523,1.168505
1616941065128536347,1616941065129985658,1.085526
1616941065138771411,1616941065140215575,0.994169
1616941065149012990,1616941065150479449,1.094025
1616941065159245352,1616941065160818455,1.13954
1616941065169465664,1616941065171010983,1.04918
1616941065179682641,1616941065181288083,1.190496
1616941065189913704,1616941065191481288,1.131817
1616941065200141405,1616941065201707719,1.138071
1616941065210381403,1616941065211939114,1.127163
1616941065220609528,1616941065222266927,1.185964
1616941065230776519,1616941065232369188,1.183274
1616941065240942135,1616941065242578530,1.224746
1616941065251192514,1616941065252764882,1.163331
1616941065261407812,1616941065262953399,1.118524
1616941065271641119,1616941065273221011,1.145955
1616941065281860205,1616941065283460920,1.192419
1616941065292078985,1616941065293648293,1.211773
1616941065302250055,1616941065303876329,1.147141
1616941065312435639,1616941065313982616,1.091025
1616941065322519780,1616941065324122241,1.117424
1616941065332645415,1616941065334174006,1.116247
1616941065342731558,1616941065344337349,1.128104
1616941065352859699,1616941065354453760,1.136794
1616941065363023887,1616941065364621692,1.116572
1616941065373187456,1616941065374779915,1.125262
1616941065383290881,1616941065384810191,1.03036
1616941065393376248,1616941065394929679,1.048067
1616941065403511052,1616941065405041299,1.035423
1616941065413610752,1616941065415134868,1.023526
1616941065423774315,1616941065425250116,0.964112
1616941065433875021,1616941065435369475,0.974122
1616941065443962851,1616941065445497321,1.037383
1616941065454131720,1616941065455810505,1.182286
1616941065464229752,1616941065465831526,1.109846
1616941065474404808,1616941065476032744,1.162318
1616941065484448655,1616941065486120256,1.25785
1616941065494550067,1616941065496229929,1.201404
1616941065504771377,1616941065506518761,1.253157
1616941065514987219,1616941065516684604,1.220671
1616941065525056721,1616941065526739050,1.239464
1616941065535215108,1616941065536925289,1.212355
1616941065545437176,1616941065547120065,1.201208
1616941065555659661,1616941065557260451,1.112924
1616941065565784462,1616941065567430066,1.17608
1616941065576013780,1616941065577677851,1.173052
1616941065586110719,1616941065587770957,1.161909
1616941065596280022,1616941065597977300,1.212435
1616941065606332179,1616941065607990496,1.226164
1616941065616563493,1616941065618249846,1.201147
1616941065626658979,1616941065628334104,1.18577
1616941065636880671,1616941065638619371,1.288808
1616941065646982648,1616941065648645411,1.235564
1616941065657203972,1616941065658942371,1.26095
1616941065667293910,1616941065669100084,1.328674
1616941065677332361,1616941065679071129,1.288858
1616941065687387021,1616941065688988651,1.191945
1616941065697618026,1616941065699355167,1.348837
1616941065707768824,1616941065709339839,1.149156
1616941065717988453,1616941065719607584,1.198002
1616941065728241496,1616941065729798301,1.12804
1616941065738367416,1616941065739953213,1.163332
1616941065748592628,1616941065750168521,1.14321
1616941065758764431,1616941065760372458,1.189299
1616941065768998043,1616941065770693998,1.289498
1616941065779163177,1616941065780827357,1.238082
1616941065789389769,1616941065791071066,1.258227
1616941065799624781,1616941065801263312,1.51878
1616941065809842747,1616941065811426799,1.111892
1616941065820070177,1616941065821581746,1.079752
1616941065830293432,1616941065831847583,1.131142
1616941065840475099,1616941065842058166,1.155435
1616941065850657170,1616941065852198552,1.111094
1616941065860891168,1616941065862498645,1.198298
1616941065871108180,1616941065872701741,1.175516
1616941065881326588,1616941065882941506,1.140998
1616941065891544827,1616941065893144046,1.181308
1616941065901771310,1616941065903376758,1.180643
1616941065911944248,1616941065913564035,1.198546
1616941065922155690,1616941065923718735,1.062704
1616941065932287380,1616941065933859912,1.095877
1616941065942410837,1616941065944078715,1.186549
1616941065952588837,1616941065954124644,1.077879
1616941065962714546,1616941065964247841,1.032513
1616941065972900362,1616941065974460447,1.119759
1616941065983010892,1616941065984537110,0.997554
1616941065993238839,1616941065994821767,1.078473
1616941066003392826,1616941066005052321,1.141159
1616941066013562051,1616941066015200019,1.216273
1616941066023736662,1616941066025359328,1.206403
1616941066033905223,1616941066035544073,1.222372
1616941066044077587,1616941066045661976,1.159311
1616941066054195441,1616941066055884857,1.259098
1616941066064364006,1616941066065935103,1.084511
1616941066074482290,1616941066076025710,1.067457
1616941066084593156,1616941066086166046,1.107791
1616941066094706662,1616941066096294160,1.160146
1616941066104924168,1616941066106571191,1.26143
1616941066115037316,1616941066116579434,1.114836
1616941066125255696,1616941066126778064,1.048438
1616941066135468989,1616941066137054280,1.160111
1616941066145689349,1616941066147292078,1.180496
1616941066155856848,1616941066157509935,1.217185
1616941066166013851,1616941066167602659,1.177801
1616941066176173301,1616941066177739740,1.135993
1616941066186346775,1616941066187928481,1.156827
1616941066196545354,1616941066198137744,1.155653
1616941066206719404,1616941066208379087,1.204894
1616941066216833827,1616941066218420216,1.158431
1616941066226996918,1616941066228684530,1.264856
1616941066237216369,1616941066238845562,1.202427
1616941066247436807,1616941066249136396,1.279109
1616941066257674679,1616941066259251605,1.153867
1616941066267914017,1616941066269488857,1.170832
1616941066278101062,1616941066279750709,1.217083
1616941066288343760,1616941066290002914,1.23979
1616941066298462149,1616941066300116991,1.16788
1616941066308628952,1616941066310353759,1.255099
1616941066318794600,1616941066320412166,1.19976
1616941066329011762,1616941066330650327,1.232213
1616941066339125897,1616941066340760812,1.158108
1616941066349348172,1616941066350858864,1.03547
1616941066359505776,1616941066361012798,1.052239
1616941066369674926,1616941066371198395,1.008995
1616941066379906300,1616941066381447865,1.13965
1616941066390163533,1616941066391756020,1.148798
1616941066400401040,1616941066401980705,1.157349
1616941066410575488,1616941066412171458,1.15547
1616941066420794369,1616941066422356757,1.137871
1616941066430958816,1616941066432493224,1.095285
1616941066441191576,1616941066442774857,1.165045
1616941066451433880,1616941066453001503,1.143591
1616941066461652363,1616941066463225321,1.144598
1616941066471816780,1616941066473447032,1.234924
1616941066481985469,1616941066483539775,1.061723
1616941066492148375,1616941066493614948,1.053775
1616941066502318020,1616941066503761194,1.01381
1616941066512493353,1616941066513938222,0.991013
1616941066522673863,1616941066524231535,1.128389
1616941066532889937,1616941066534435141,1.123479
1616941066543105207,1616941066544689964,1.158026
1616941066553325148,1616941066554881263,1.127811
1616941066563563761,1616941066565112600,1.127522
1616941066573786455,1616941066575337926,1.045272
1616941066584021150,1616941066585614974,1.125248
1616941066594229753,1616941066595791302,1.069433
1616941066604335853,1616941066606059037,2.369733
1616941066614444659,1616941066616046760,1.122794
1616941066624597696,1616941066626203024,1.142558
1616941066634718282,1616941066636301986,1.125409
1616941066644935411,1616941066646597906,1.197357
1616941066655160070,1616941066656808045,1.183395
1616941066665376340,1616941066666993665,1.117241
1616941066675604271,1616941066677197700,1.129747
1616941066685825382,1616941066687448921,1.130889
1616941066696038268,1616941066697659822,1.159646
1616941066706182475,1616941066707783013,1.117968
1616941066716346022,1616941066717996991,1.188001
1616941066726470817,1616941066728119785,1.156161
1616941066736692509,1616941066738312563,1.158582
1616941066746867208,1616941066748531421,1.187543
1616941066757087352,1616941066758732963,1.210414
1616941066767301389,1616941066768867558,1.078851
1616941066777529034,1616941066779071496,1.104779
1616941066787741997,1616941066789283301,1.049372
1616941066797962077,1616941066799538803,1.089686
1616941066808138911,1616941066809734180,1.098989
1616941066818303805,1616941066820019094,1.250056
1616941066828517810,1616941066830168825,1.163854
1616941066838627554,1616941066840151000,1.004167
1616941066848843648,1616941066850525656,1.282662
1616941066859064827,1616941066860665611,1.191347
1616941066869286931,1616941066870832503,1.113496
1616941066879524807,1616941066881094739,1.160339
1616941066889709620,1616941066891241018,1.101557
1616941066899927756,1616941066901501510,1.153576
1616941066910164335,1616941066911792676,1.164459
1616941066920406949,1616941066921984937,1.120108
1616941066930581839,1616941066932179594,1.122268
1616941066940806555,1616941066942456872,1.205935
1616941066950960862,1616941066952512432,5.095309
1616941066961120307,1616941066962812506,1.219319
1616941066971371062,1616941066972925071,1.06177
1616941066981539478,1616941066983114121,1.100658
1616941066991690007,1616941066993192574,1.024047
1616941067001846693,1616941067003290058,0.94615
1616941067012075425,1616941067013672629,1.119667
1616941067022234154,1616941067023774158,1.047971
1616941067032456765,1616941067034033995,1.11175
1616941067042633821,1616941067044499126,1.382398
1616941067052833947,1616941067054295353,0.973686
1616941067062988834,1616941067064503317,1.069755
1616941067073153004,1616941067074714191,1.095015
1616941067083210889,1616941067084746817,1.05897
1616941067093378983,1616941067094938310,1.057047
1616941067103604199,1616941067105062642,0.991095
1616941067113706372,1616941067115096809,0.943556
1616941067123865064,1616941067125298637,0.991628
1616941067133969691,1616941067135430060,0.962865
1616941067144202265,1616941067145645792,0.973119
1616941067154309159,1616941067155801776,1.052559
1616941067164467720,1616941067165979822,1.06595
1616941067174576819,1616941067176020371,1.019039
1616941067184652729,1616941067186120384,1.035311
1616941067194759338,1616941067196227246,1.004229
1616941067204908373,1616941067206568951,1.19829
1616941067215157223,1616941067216719734,1.160017
1616941067225254344,1616941067226915439,1.209745
1616941067235279527,1616941067236827806,1.125562
1616941067245498689,1616941067247040119,1.053313
1616941067255563251,1616941067257190415,1.251976
1616941067265720271,1616941067267356097,1.213806
1616941067275874017,1616941067277533639,1.241816
1616941067286032534,1616941067287677568,1.213087
1616941067296131841,1616941067297691783,1.136896
1616941067306159660,1616941067307823229,1.242114
1616941067316233117,1616941067317918883,1.213156
1616941067326328979,1616941067327881328,1.069797
1616941067336489481,1616941067338069234,1.159103
1616941067346600770,1616941067348249411,1.175414
1616941067356660392,1616941067358292381,1.157568
1616941067366761135,1616941067368319420,1.068999
1616941067376931381,1616941067378443501,1.099126
1616941067386976489,1616941067388608693,1.160374
1616941067397143300,1616941067398798164,1.159234
1616941067407325997,1616941067409430426,1.848221
1616941067417519540,1616941067419106240,1.070261
1616941067427691560,1616941067429295933,1.132898
1616941067437746266,1616941067439335137,1.200613
1616941067447972436,1616941067449606232,1.200294
1616941067458166974,1616941067459814751,1.235368
1616941067468395238,1616941067470061205,1.242775
1616941067478509196,1616941067480011780,1.019287
1616941067488736269,1616941067490366150,1.189747
1616941067498995174,1616941067500594409,1.191646
1616941067509225186,1616941067510819352,1.117578
1616941067519446458,1616941067521004718,1.129794
1616941067529685404,1616941067531211041,1.082487
1616941067539917319,1616941067541474620,1.122922
1616941067550166798,1616941067551771618,1.184636
1616941067560387791,1616941067561996619,1.18196
1616941067570555658,1616941067572074350,1.110014
1616941067580782787,1616941067582398746,1.188951
1616941067590906832,1616941067592508037,1.174668
1616941067601130182,1616941067602745803,1.142235
1616941067611368916,1616941067612963010,1.166713
1616941067621626082,1616941067623194459,1.134547
1616941067631847581,1616941067633406494,1.119892
1616941067642094122,1616941067643616728,1.041641
1616941067652250536,1616941067653866989,1.12889
1616941067662406527,1616941067663957933,1.123528
1616941067672643668,1616941067674214686,1.137041
1616941067682812956,1616941067684392614,1.169264
1616941067693034857,1616941067694662101,1.208867
1616941067703252851,1616941067704814820,1.121744
1616941067713491532,1616941067715091146,1.107822
1616941067723722049,1616941067725317358,1.152454
1616941067733949978,1616941067735540272,1.156819
1616941067744118903,1616941067745671767,1.124807
1616941067754289528,1616941067755892519,1.193689
1616941067764516712,1616941067766063310,1.112716
1616941067774747678,1616941067776347873,1.186087
1616941067784970264,1616941067786557460,1.168553
1616941067795194831,1616941067796786066,1.164162
1616941067805432930,1616941067806971899,1.098668
1616941067815651317,1616941067817295184,1.223611
1616941067825865010,1616941067827465818,1.160293
1616941067836096737,1616941067837740521,1.20434
1616941067846264550,1616941067847950605,1.252136
1616941067856432109,1616941067858177919,1.309965
1616941067866600361,1616941067868402377,1.367692
1616941067876819703,1616941067878434505,1.168517
1616941067886937891,1616941067888666096,1.29737
1616941067897109730,1616941067898873864,1.339311
1616941067907286905,1616941067909062602,1.341385
1616941067917457120,1616941067919159565,1.299684
1616941067927678466,1616941067929424804,1.318201
1616941067937898110,1616941067939622557,1.310144
1616941067948135840,1616941067949906652,1.29658
1616941067958257674,1616941067960035251,1.318528
1616941067968428606,1616941067970185424,1.276699
1616941067978561226,1616941067980276226,1.340266
1616941067988780400,1616941067990558712,1.378662
1616941067998937301,1616941068000705666,1.361618
1616941068009156604,1616941068010888418,1.301846
1616941068019378018,1616941068021044866,1.241651
1616941068029596118,1616941068031339207,1.325618
1616941068039832825,1616941068041492024,1.245351
1616941068050078218,1616941068051622152,1.109703
1616941068060296433,1616941068061977036,1.257197
1616941068070421282,1616941068072125557,1.274294
1616941068080641482,1616941068082337891,1.314928
1616941068090865091,1616941068092568461,1.295264
1616941068101085720,1616941068102680803,1.123447
1616941068111321978,1616941068112891012,1.126295
1616941068121556533,1616941068123109450,1.121596
1616941068131775045,1616941068133465571,1.265412
1616941068141949646,1616941068143573552,1.197713
1616941068152129898,1616941068153744477,1.205217
1616941068162305361,1616941068163902832,1.180406
1616941068172527875,1616941068174020095,1.058237
1616941068182696601,1616941068184201205,1.094545
1616941068192913722,1616941068194560633,1.217267
1616941068203154493,1616941068204762618,1.199211
1616941068213396641,1616941068214970240,1.089663
1616941068223622175,1616941068225614537,1.725278
1616941068233855085,1616941068235505328,1.181759
1616941068244028981,1616941068245700323,1.256158
1616941068254185001,1616941068255867034,1.26704
1616941068264409002,1616941068266042764,1.20651
1616941068274533940,1616941068276246153,1.299362
1616941068284756188,1616941068286359558,1.11893
1616941068294920358,1616941068296532464,1.202115
1616941068305160493,1616941068306885428,1.251915
1616941068315376422,1616941068316993518,1.216281
1616941068325597230,1616941068327150745,1.122287
1616941068335814380,1616941068337424976,1.194544
1616941068345980078,1616941068347559094,1.157517
1616941068356144798,1616941068357847207,1.27799
1616941068366366201,1616941068367919923,1.11064
1616941068376609713,1616941068378136072,1.017583
1616941068386779246,1616941068388358461,1.115258
1616941068396955145,1616941068398606994,1.208115
1616941068407177267,1616941068408694975,1.122694
1616941068417401492,1616941068418979454,1.130255
1616941068427573877,1616941068429112100,1.145197
1616941068437751983,1616941068439341469,1.169488
1616941068447928849,1616941068449496451,1.145217
1616941068458187399,1616941068459795627,1.180254
1616941068468438999,1616941068469939056,1.083407
1616941068478552127,1616941068480167318,1.19612
1616941068488780695,1616941068490393491,1.202672
1616941068498942838,1616941068500524044,1.15108
1616941068509183557,1616941068510792612,1.201469
1616941068519401772,1616941068520965678,1.123467
1616941068529635476,1616941068531139708,1.083587
1616941068539809777,1616941068541315701,1.064341
1616941068550043085,1616941068551716403,1.261526
1616941068560302997,1616941068561852155,1.130337
1616941068570425224,1616941068571936638,1.091133
1616941068580650327,1616941068582220200,1.131503
1616941068590818593,1616941068592323983,1.092557
1616941068600993010,1616941068602590314,1.172238
1616941068611215143,1616941068612878659,1.247232
1616941068621451539,1616941068623142538,1.205502
1616941068631631541,1616941068633225046,1.193053
1616941068641852402,1616941068643511857,1.254907
1616941068652069928,1616941068653606473,1.068795
1616941068662219657,1616941068663890496,1.235868
1616941068672447840,1616941068674143490,1.293501
1616941068682616764,1616941068684339181,1.294222
1616941068692806570,1616941068694503714,1.309463
1616941068703025114,1616941068704710938,1.264213
1616941068713196273,1616941068714764211,1.178784
1616941068723421144,1616941068725050796,1.204211
1616941068733597292,1616941068735182320,1.178951
1616941068743821622,1616941068745451407,1.209476
1616941068754073466,1616941068755665673,1.175408
1616941068764313434,1616941068765977883,1.243624
1616941068774481797,1616941068776002157,1.026913
1616941068784700482,1616941068786292985,1.183716
1616941068794864585,1616941068796383067,1.117
1616941068805090475,1616941068807074469,1.492923
1616941068815317076,1616941068816804739,1.071368
1616941068825538781,1616941068827062384,1.063243
1616941068835647395,1616941068837151678,1.01625
1616941068845756811,1616941068847302196,1.065565
1616941068855988715,1616941068857549277,1.105306
1616941068866006725,1616941068867577978,1.14936
1616941068876162504,1616941068877730645,1.142667
1616941068886281647,1616941068887871864,1.129709
1616941068896379274,1616941068897944553,1.12775
1616941068906417064,1616941068907893553,0.979228
1616941068916646587,1616941068918229982,1.108708
1616941068926712480,1616941068928218660,1.080737
1616941068936985889,1616941068938586876,1.108973
1616941068947203427,1616941068948739264,1.137481
1616941068957306847,1616941068958895129,1.090248
1616941068967524907,1616941068969125404,1.110792
1616941068977684286,1616941068979330548,1.151819
1616941068987902389,1616941068989564347,1.168572
1616941068998003806,1616941068999541753,1.051545
1616941069008173904,1616941069009747905,1.08673
1616941069018194621,1616941069019862954,1.521121
1616941069028420538,1616941069029983379,1.090408
1616941069038514208,1616941069040020900,1.032403
1616941069048732527,1616941069050312793,1.10752
1616941069058891434,1616941069060440425,1.110413
1616941069068961751,1616941069070439195,1.060623
1616941069079034284,1616941069080514763,1.05839
1616941069089258361,1616941069090710682,0.988734
1616941069099419655,1616941069100910125,0.993413
1616941069109593974,1616941069111107838,1.03747
1616941069119697609,1616941069121203372,1.048122
1616941069129918936,1616941069131389825,0.98304
1616941069140141039,1616941069141565433,0.978438
1616941069150176577,1616941069151761474,1.159144
1616941069160415141,1616941069161959884,1.109935
1616941069170570759,1616941069172090911,1.101671
1616941069180802244,1616941069182267529,1.079357
1616941069191029412,1616941069192439207,1.035722
1616941069201247516,1616941069202672231,1.043561
1616941069211481533,1616941069213007593,1.021028
1616941069221716100,1616941069223212998,1.081381
1616941069231876394,1616941069233353833,1.054533
1616941069242101954,1616941069244024291,1.511186
1616941069252275594,1616941069253966325,1.210696
1616941069262445729,1616941069264051984,1.186535
1616941069272672277,1616941069274259683,1.154856
1616941069282832303,1616941069284483771,1.231993
1616941069293002105,1616941069294561465,1.124955
1616941069303166986,1616941069304785664,1.180009
1616941069313383966,1616941069314941358,1.118669
1616941069323601091,1616941069325186466,1.14848
1616941069333759790,1616941069335340939,1.163477
1616941069344011173,1616941069345557911,1.119807
1616941069354226690,1616941069355822329,1.120288
1616941069364385978,1616941069366104581,1.309301
1616941069374550603,1616941069376182808,1.207805
1616941069384771601,1616941069386358361,1.1283
1616941069394877159,1616941069396435018,1.139211
1616941069405052833,1616941069406778501,1.370244
1616941069415272747,1616941069416832288,1.258389
1616941069425447857,1616941069427093795,1.223715
1616941069435667252,1616941069437262757,1.176969
1616941069445907191,1616941069447497992,1.155277
1616941069456156390,1616941069457784503,1.213905
1616941069466336232,1616941069467935754,1.176817
1616941069476566185,1616941069478107443,1.113073
1616941069486735842,1616941069488383143,1.25995
1616941069496961233,1616941069498570684,1.194263
1616941069507184858,1616941069508752371,1.130298
1616941069517402763,1616941069519024413,1.198479
1616941069527623734,1616941069529171457,1.120978
1616941069537852613,1616941069539361698,1.086496
1616941069548071283,1616941069549585158,1.074914
1616941069558222496,1616941069559749083,1.096304
1616941069568446519,1616941069570014583,1.134853
1616941069578614426,1616941069580304094,1.217143
1616941069588834913,1616941069590458546,1.249175
1616941069599053671,1616941069600665664,1.186948
1616941069609275828,1616941069610882401,1.170265
1616941069619500058,1616941069621159820,1.23816
1616941069629675369,1616941069631310356,1.1414
1616941069639900942,1616941069641526138,1.204728
1616941069650126414,1616941069651723309,1.156751
1616941069660350869,1616941069661883806,1.102068
1616941069670520883,1616941069672096247,1.138011
1616941069680749455,1616941069682300012,1.110368
1616941069690980289,1616941069692565042,1.155826
1616941069701199640,1616941069702880126,1.270788
1616941069711448677,1616941069712974801,1.023522
1616941069721677168,1616941069723253100,1.146075
1616941069731896648,1616941069733391935,1.069098
1616941069742119273,1616941069744082744,1.557933
1616941069752366038,1616941069753995839,1.148777
1616941069762535293,1616941069764127609,1.167124
1616941069772759063,1616941069774326402,1.136515
1616941069782979848,1616941069784600830,1.20262
1616941069793201574,1616941069794791885,1.192192
1616941069803431603,1616941069804998242,1.134567
1616941069813669134,1616941069815278644,1.209578
1616941069823903915,1616941069826183356,2.098189
1616941069834083414,1616941069835748283,1.228122
1616941069844302006,1616941069845927313,1.203966
1616941069854479162,1616941069855992547,1.118848
1616941069864700264,1616941069866188169,1.061981
1616941069874869628,1616941069876380205,1.082128
1616941069885089231,1616941069886700633,1.187443
1616941069895325980,1616941069897057929,1.323133
1616941069905552566,1616941069907009510,0.986809
1616941069915779275,1616941069917265935,1.061353
1616941069926006339,1616941069927525208,1.162655
1616941069936241788,1616941069937784005,1.112642
1616941069946363128,1616941069947897405,1.114306
1616941069956588709,1616941069958079071,1.061598
1616941069966708449,1616941069968243256,1.051213
1616941069976883350,1616941069978376471,0.996642
1616941069987108427,1616941069988697793,1.154684
1616941069997286068,1616941069998769007,1.074165
1616941070007508281,1616941070009079697,1.140477
1616941070017735300,1616941070019304207,1.170676
1616941070027954410,1616941070029555020,1.170856
1616941070038127002,1616941070039721810,1.170311
1616941070048355588,1616941070049908342,1.12087
1616941070058477453,1616941070060115928,1.206144
1616941070068698828,1616941070070240448,1.114162
1616941070078869733,1616941070080463456,1.177001
1616941070089102716,1616941070090684245,1.155329
1616941070099337258,1616941070100862138,1.105294
1616941070109567577,1616941070111151672,1.164706
1616941070119797085,1616941070121456888,1.260179
1616941070129968120,1616941070131574439,1.179963
1616941070140223632,1616941070141880231,1.254297
1616941070150345808,1616941070151929397,1.15894
1616941070160592071,1616941070162195010,1.176446
1616941070170761522,1616941070172369571,1.222961
1616941070181027469,1616941070182666386,1.236602
1616941070191250355,1616941070192810464,1.075418
1616941070201470587,1616941070203106279,1.207566
1616941070211689736,1616941070213224174,1.044698
1616941070221859840,1616941070223417464,1.098274
1616941070232079165,1616941070233749579,1.244309
1616941070242187428,1616941070243981842,1.321783
1616941070252413262,1616941070253976789,1.076027
1616941070262585345,1616941070264106709,1.130239
1616941070272806048,1616941070274348946,1.121064
1616941070282974907,1616941070284509016,1.038626
1616941070293102878,1616941070294761637,1.2049
1616941070303275190,1616941070304837691,1.074725
1616941070313504513,1616941070315105470,1.186377
1616941070323739309,1616941070325224059,1.085039
1616941070333959479,1616941070335452067,1.086874
1616941070344134419,1616941070345593276,1.033887
1616941070354256180,1616941070355820399,1.054425
1616941070364426940,1616941070365929945,0.99399
1616941070374556048,1616941070376148778,1.107
1616941070384718889,1616941070386285309,1.092979
1616941070394919884,1616941070396514583,1.127552
1616941070405148338,1616941070406732663,1.082148
1616941070415265748,1616941070416771242,1.004541
1616941070425416817,1616941070426925697,1.036824
1616941070435561153,1616941070437025751,0.960047
1616941070445709030,1616941070447318053,1.126315
1616941070455872520,1616941070457410454,1.050691
1616941070466094028,1616941070467611240,1.039123
1616941070476316773,1616941070477883207,1.096748
1616941070486439343,1616941070487976724,1.099143
1616941070496551130,1616941070498075904,1.080725
1616941070506678865,1616941070508152485,1.015947
1616941070516865877,1616941070518412249,1.055852
1616941070527031629,1616941070528772924,1.284968
1616941070537126449,1616941070538690410,1.059164
1616941070547229052,1616941070548806253,1.099834
1616941070557452692,1616941070558982238,1.035222
1616941070567547368,1616941070569160191,1.103927
1616941070577568044,1616941070579175264,1.117702
1616941070587728669,1616941070589306118,1.149362
1616941070597943202,1616941070599580556,1.156572
1616941070607982270,1616941070609638358,1.236994
1616941070618085968,1616941070619784381,1.245768
1616941070628324974,1616941070629998566,1.195592
1616941070638456753,1616941070640678034,1.992518
1616941070648560160,1616941070650160174,1.12115
1616941070658646031,1616941070660220859,1.14849
1616941070668761062,1616941070670360861,1.171688
1616941070678943419,1616941070680605750,1.248436
1616941070689098886,1616941070690790668,1.217015
1616941070699183958,1616941070700918256,1.306216
1616941070709286354,1616941070710909954,1.139406
1616941070719509159,1616941070721136694,1.160835
1616941070729533779,1616941070731190446,1.233256
1616941070739631061,1616941070741327425,1.277142
1616941070749678099,1616941070751265784,1.158726
1616941070759899891,1616941070761516205,1.127141
1616941070769941402,1616941070771467950,1.09718
1616941070780182830,1616941070781824970,1.181813
1616941070790289069,1616941070791903652,1.139227
1616941070800389290,1616941070801985645,1.158978
1616941070810517110,1616941070812052271,1.099963
1616941070820687697,1616941070822274478,1.095742
1616941070830790980,1616941070832380776,1.106162
1616941070841009075,1616941070842650082,1.203191
1616941070851038795,1616941070852623880,1.107899
1616941070861200830,1616941070862752579,1.053785
1616941070871361658,1616941070872937767,1.086611
1616941070881503560,1616941070883035645,1.051245
1616941070891721074,1616941070893274905,1.073422
1616941070901834387,1616941070903396687,1.138592
1616941070912001209,1616941070913492794,1.042644
1616941070922180810,1616941070923793883,1.131887
1616941070932430136,1616941070934066941,1.209826
1616941070942599638,1616941070944197484,1.180276
1616941070952819827,1616941070954402542,1.158352
1616941070963006801,1616941070964515158,1.11593
1616941070973225301,1616941070974839405,1.152676
1616941070983397761,1616941070984980352,1.180615
1616941070993639590,1616941070995211506,1.073109
1616941071003873410,1616941071005414219,1.120979
1616941071014104914,1616941071015645990,1.10384
1616941071024329614,1616941071025914458,1.159747
1616941071034506771,1616941071036128764,1.187489
1616941071044732634,1616941071046419821,1.264156
1616941071054904818,1616941071056606787,1.280087
1616941071065123973,1616941071066860592,1.314658
1616941071075346841,1616941071076927513,1.151356
1616941071085565611,1616941071087136640,1.158525
1616941071095789245,1616941071097435116,1.216094
1616941071106010449,1616941071107659005,1.170959
1616941071116230388,1616941071117839032,1.18351
1616941071126400536,1616941071128120778,1.304437
1616941071136626110,1616941071138357090,1.309569
1616941071146793949,1616941071148459961,1.242204
1616941071156964857,1616941071158701942,1.251214
1616941071167130993,1616941071168847089,1.24603
1616941071177352646,1616941071179068624,1.289837
1616941071187537789,1616941071189213434,1.252721
1616941071197656478,1616941071199315706,1.242128
1616941071207773449,1616941071209522887,1.284706
1616941071217892800,1616941071219618753,1.25323
1616941071228008615,1616941071229614652,1.128556
1616941071238130993,1616941071239833809,1.220207
1616941071248359374,1616941071249911812,1.127934
1616941071258493520,1616941071260199354,1.236061
1616941071268661718,1616941071270383993,1.266537
1616941071278772433,1616941071280484269,1.221457
1616941071288992960,1616941071290633666,1.171887
1616941071299098444,1616941071300703898,1.139209
1616941071309204825,1616941071310777228,1.091293
1616941071319307076,1616941071320857831,1.086879
1616941071329415976,1616941071330954953,1.053907
1616941071339575717,1616941071341240034,1.156298
1616941071349731947,1616941071351295891,1.052423
1616941071359886767,1616941071361538681,1.18356
1616941071370053532,1616941071371618692,1.063981
1616941071380164952,1616941071381711667,1.061067
1616941071390314359,1616941071391826807,1.011712
1616941071400467324,1616941071402024613,1.100688
1616941071410621255,1616941071412228861,1.118351
1616941071420766668,1616941071422401269,1.148442
1616941071430973801,1616941071432472511,1.055861
1616941071441168409,1616941071443068267,1.532341
1616941071451332247,1616941071452847202,1.022441
1616941071461551220,1616941071463095288,1.118624
1616941071471778886,1616941071473327316,1.049516
1616941071482009489,1616941071483664326,1.246984
1616941071492226088,1616941071493848917,1.195991
1616941071502395150,1616941071503939052,1.115148
1616941071512623001,1616941071514251106,1.135116
1616941071522792931,1616941071524394495,1.203129
1616941071533014535,1616941071534593869,1.155485
1616941071543232385,1616941071544812087,1.145517
1616941071553460664,1616941071554986338,1.073684
1616941071563679159,1616941071565300839,1.210704
1616941071573906143,1616941071575499219,1.106572
1616941071584124757,1616941071585733919,1.18749
1616941071594294551,1616941071595845117,1.115644
1616941071604522850,1616941071606158280,1.215672
1616941071614693321,1616941071616218417,1.084331
1616941071624923289,1616941071626604879,1.276478
1616941071635141321,1616941071636696725,1.15866
1616941071645360846,1616941071646974137,1.203939
1616941071655589121,1616941071657120281,1.119779
1616941071665811559,1616941071667328032,1.099466
1616941071676033343,1616941071677645971,1.149443
1616941071686229040,1616941071687809117,1.318839
1616941071696454131,1616941071698090082,1.21668
1616941071706623588,1616941071708200602,1.156614
1616941071716862009,1616941071718456696,1.22345
1616941071727001517,1616941071728521710,1.032764
1616941071737123855,1616941071738732820,1.187846
1616941071747248178,1616941071748769255,1.101283
1616941071757374374,1616941071758809198,1.006425
1616941071767498448,1616941071769016900,1.093714
1616941071777673586,1616941071779207073,1.031282
1616941071787920649,1616941071789427162,1.097317
1616941071798170135,1616941071799649432,1.055667
1616941071808396976,1616941071809914061,1.079399
1616941071818566878,1616941071820196787,1.210415
1616941071828736856,1616941071830268377,1.091785
1616941071838908980,1616941071840463118,1.131704
1616941071849138442,1616941071858688343,9.159211
1616941071859300076,1616941071860814083,1.087946
1616941071869470580,1616941071871065590,1.169499
1616941071879688434,1616941071881141454,1.046726
1616941071889909336,1616941071891363673,1.104317
1616941071900128710,1616941071901560593,0.981634
1616941071910300216,1616941071911802397,1.107124
1616941071920520512,1616941071921959343,1.019207
1616941071930687110,1616941071932231882,1.121072
1616941071940922491,1616941071942572792,1.239152
1616941071951170213,1616941071952853698,1.261499
1616941071961343572,1616941071962930696,1.095725
1616941071971517002,1616941071973052269,1.061049
1616941071981688368,1616941071983306325,1.140665
1616941071991852051,1616941071993394918,1.058006
1616941072002095894,1616941072003679202,1.082804
1616941072012315391,1616941072013874392,1.065066
1616941072022482618,1616941072024055212,1.072742
1616941072032702040,1616941072034269953,1.072009
1616941072042868545,1616941072044407900,1.039088
1616941072053087888,1616941072054706797,1.17727
1616941072063301564,1616941072064843356,1.112136
1616941072073516226,1616941072075062257,1.107077
1616941072083730877,1616941072085298395,1.165476
1616941072093961482,1616941072095587233,1.204589
1616941072104178242,1616941072105762665,1.160035
1616941072114345810,1616941072115950045,1.166841
1616941072124563111,1616941072126250546,1.263327
1616941072134739689,1616941072136364185,1.128164
1616941072144914882,1616941072146549618,1.236432
1616941072155074497,1616941072156751939,1.192744
1616941072165294044,1616941072166875792,1.096269
1616941072175514906,1616941072177099210,1.147726
1616941072185738449,1616941072187342169,1.201079
1616941072195986109,1616941072197512078,1.039527
1616941072206229724,1616941072207834073,1.121327
1616941072216401330,1616941072218020726,1.129575
1616941072226570136,1616941072228284010,1.300366
1616941072236742714,1616941072238403043,1.227545
1616941072246898157,1616941072248645644,1.856388
1616941072256968037,1616941072258659653,1.271471
1616941072267158433,1616941072268816200,1.24907
1616941072277341923,1616941072278824822,1.024847
1616941072287581651,1616941072289169393,1.127109
1616941072297752231,1616941072300080144,1.932561
1616941072307947771,1616941072309558723,1.145511
1616941072318075240,1616941072319649744,1.100422
1616941072328294568,1616941072329824249,1.061774
1616941072338465967,1616941072340066041,1.202523
1616941072348621873,1616941072350162483,1.046541
1616941072358774272,1616941072360368491,1.119088
1616941072368968795,1616941072370621386,1.242076
1616941072379126965,1616941072380802952,1.20761
1616941072389162942,1616941072390739269,1.089012
1616941072399202765,1616941072400843916,1.171626
1616941072409335412,1616941072410922016,1.083333
1616941072419566685,1616941072421179710,1.143683
1616941072429607281,1616941072431225653,1.191539
1616941072439709413,1616941072441280794,1.155918
1616941072449789288,1616941072451286841,1.06973
1616941072459901481,1616941072461432641,1.102599
1616941072470081064,1616941072471599462,1.028238
1616941072480129183,1616941072481682281,1.117985
1616941072490290240,1616941072491801813,1.037803
1616941072500442983,1616941072501999464,1.079131
1616941072510546756,1616941072512113982,1.088882
1616941072520700156,1616941072522271867,1.106883
1616941072530803845,1616941072532340341,1.122449
1616941072540833060,1616941072542357573,1.095664
1616941072550993798,1616941072552557824,1.15782
1616941072561147192,1616941072562713202,1.08973
1616941072571252742,1616941072572830640,1.159491
1616941072581405933,1616941072582993563,1.112507
1616941072591527495,1616941072593071204,1.116782
1616941072601560896,1616941072603032408,0.99828
1616941072611615894,1616941072613105200,1.074301
1616941072621836640,1616941072623327538,1.067468
1616941072632007191,1616941072633506224,1.078941
1616941072642237286,1616941072643794735,1.126124
1616941072652474917,1616941072654042894,1.145381
1616941072662645923,1616941072664179976,1.098515
1616941072672890361,1616941072674459557,1.212544
1616941072683105690,1616941072684684082,1.154613
1616941072693329995,1616941072694884724,1.126227
1616941072703547574,1616941072705141490,1.174287
1616941072713768382,1616941072715380609,1.19317
1616941072723928389,1616941072725467445,1.115277
1616941072734164707,1616941072735854516,1.275313
1616941072744385956,1616941072746023463,1.206712
1616941072754557706,1616941072756126365,1.141889
1616941072764791546,1616941072766511290,1.249242
1616941072775009228,1616941072776708352,1.278667
1616941072785226324,1616941072786762432,1.073082
1616941072795463448,1616941072797034319,1.15096
1616941072805682325,1616941072807116810,1.050784
1616941072815903183,1616941072817537213,1.170001
1616941072826172035,1616941072827744964,1.140972
1616941072836392505,1616941072837910464,1.0886
1616941072846563671,1616941072848055605,1.080972
1616941072856784147,1616941072858298457,1.099471
1616941072866998040,1616941072868505806,1.094755
1616941072877217326,1616941072878762668,1.128769
1616941072887433011,1616941072889032614,1.176786
1616941072897649097,1616941072899206879,1.145126
1616941072907869538,1616941072909437998,1.146836
1616941072918088803,1616941072919826544,1.319347
1616941072928306553,1616941072929990499,1.282402
1616941072938473508,1616941072940169774,1.274178
1616941072948691074,1616941072950222485,1.048598
1616941072958859809,1616941072960514902,1.192191
1616941072969036247,1616941072970627259,1.178574
1616941072979254761,1616941072981028733,1.355033
1616941072989421729,1616941072990928350,1.014832
1616941072999643129,1616941073001278222,1.233105
1616941073009861732,1616941073011414701,1.116752
1616941073020082546,1616941073021681001,1.187711
1616941073030226432,1616941073031798170,1.146489
1616941073040467443,1616941073042050416,1.351189
1616941073050638123,1616941073052223275,1.1532
1616941073060883387,1616941073062723036,1.500575
1616941073071046146,1616941073072538167,1.022599
1616941073081287308,1616941073082790110,1.07392
1616941073091503666,1616941073092978322,1.058568
1616941073101671962,1616941073103184053,1.036162
1616941073111840188,1616941073113287577,1.023327
1616941073122080070,1616941073123505682,1.045005
1616941073132247061,1616941073133738860,1.007097
1616941073142420740,1616941073143961684,1.118065
1616941073152639644,1616941073158628867,5.646202
1616941073162796559,1616941073164220060,0.904931
1616941073172947770,1616941073174347857,1.025654
1616941073183122718,1616941073184548298,0.920211
1616941073193348135,1616941073194783974,0.975403
1616941073203569297,1616941073205169742,1.176917
1616941073213787913,1616941073215320462,1.120003
1616941073224005057,1616941073225545200,1.105906
1616941073234223640,1616941073235790450,1.164272
1616941073244448581,1616941073246075089,1.202652
1616941073254628556,1616941073256186563,1.1615
1616941073264847966,1616941073266513399,1.257402
1616941073275079008,1616941073276661413,1.161793
1616941073285298210,1616941073286852196,1.111887
1616941073295517936,1616941073297076020,1.145209
1616941073305735947,1616941073307384770,1.218856
1616941073315955994,1616941073317584660,1.256788
1616941073326191832,1616941073327773575,1.177976
1616941073336439513,1616941073338018288,1.161682
1616941073346609116,1616941073348185828,1.19829
1616941073356844461,1616941073358491368,1.263003
1616941073367079002,1616941073368663703,1.178491
1616941073377297576,1616941073378949023,1.291463
1616941073387516453,1616941073389153074,1.215367
1616941073397741105,1616941073399257519,1.051628
1616941073407972715,1616941073409580239,1.182166
1616941073418208942,1616941073419809455,1.177179
1616941073428435675,1616941073430028621,1.183628
1616941073438599945,1616941073440244424,1.164239
1616941073448823869,1616941073450607196,1.382871
1616941073458980848,1616941073460664573,1.21006
1616941073469145322,1616941073470796729,1.235905
1616941073479382275,1616941073480944860,1.140738
1616941073489609031,1616941073491180869,1.135148
1616941073499835799,1616941073501447641,1.230535
1616941073510083772,1616941073511648960,1.150552
1616941073520199697,1616941073521719469,1.035311
1616941073530381877,1616941073531919044,1.106708
1616941073540598573,1616941073542132122,1.110925
1616941073550766886,1616941073552251837,1.050532
1616941073561000846,1616941073562647514,1.255652
1616941073571240848,1616941073572849841,1.22324
1616941073581471862,1616941073583076300,1.214749
1616941073591644954,1616941073593251737,1.167657
1616941073601861884,1616941073603471071,1.143075
1616941073612021345,1616941073613548796,1.10131
1616941073622234612,1616941073623813333,1.157607
1616941073632483221,1616941073634089788,1.192799
1616941073642652534,1616941073644228509,1.171323
1616941073652900609,1616941073654530120,1.217163
1616941073663107203,1616941073664611375,1.101119
1616941073673275422,1616941073674858294,1.181805
1616941073683514067,1616941073685090895,1.16559
1616941073693748956,1616941073695376706,1.200918
1616941073703967073,1616941073705446002,1.082152
1616941073714200976,1616941073715711815,1.084524
1616941073724431010,1616941073725896157,1.043931
1616941073734601152,1616941073736142640,1.120121
1616941073744822334,1616941073746390410,1.162283
1616941073755055943,1616941073756570796,1.0905
1616941073765287050,1616941073766892530,1.205907
1616941073775524042,1616941073777114437,1.171637
1616941073785744275,1616941073788633801,2.47945
1616941073795974475,1616941073797487491,1.043821
1616941073806212417,1616941073807699818,0.988005
1616941073816441539,1616941073818027349,1.131408
1616941073826610751,1616941073828174301,1.097173
1616941073836829681,1616941073838365809,1.048958
1616941073847034599,1616941073848507323,1.091014
1616941073857215123,1616941073858801959,1.170011
1616941073867390583,1616941073869511431,1.727255
1616941073877552126,1616941073879044818,0.992809
1616941073887709913,1616941073889242041,1.13666
1616941073897892104,1616941073899436391,1.053916
1616941073908080588,1616941073909702767,1.234918
1616941073918186246,1616941073919795877,1.099422
1616941073928343245,1616941073929908049,1.143905
1616941073938462701,1616941073939971844,1.108692
1616941073948683293,1616941073950239488,1.133998
1616941073958861239,1616941073960406767,1.067851
1616941073969038619,1616941073970695895,1.157727
1616941073979218373,1616941073980825033,1.121325
1616941073989460861,1616941073990969468,1.099291
1616941073999695162,1616941074001260661,1.055297
1616941074009845868,1616941074011394880,1.221994
1616941074019972266,1616941074021590471,1.123383
1616941074030132897,1616941074031764913,1.124424
1616941074040304788,1616941074041922925,1.127834
1616941074050385617,1616941074052006774,1.150273
1616941074060618356,1616941074062280811,1.248367
1616941074070767237,1616941074072381552,1.153061
1616941074080870219,1616941074082530837,1.21853
1616941074090969389,1616941074092607382,1.142868
1616941074100998589,1616941074102614571,1.167853
1616941074111124590,1616941074112782566,1.18709
1616941074121277415,1616941074122825848,1.07454
1616941074131418217,1616941074133007050,1.153016
1616941074141645527,1616941074143237217,1.115024
1616941074151799715,1616941074153293478,1.027159
1616941074161927898,1616941074163476251,1.133458
1616941074172026056,1616941074173579342,1.084377
1616941074182161170,1616941074183687779,1.117778
1616941074192208835,1616941074193741710,1.123188
1616941074202306260,1616941074203886753,1.136324
1616941074212364296,1616941074213994085,1.223736
1616941074222468024,1616941074224080583,1.141341
1616941074232660466,1616941074234167465,1.027151
1616941074242761446,1616941074244298103,1.084797
1616941074252787218,1616941074254271177,1.06073
1616941074262876025,1616941074264481907,1.150362
1616941074272909655,1616941074274394821,1.006531
1616941074283141233,1616941074284768770,1.154909
1616941074293162310,1616941074294775106,1.151594
1616941074303190226,1616941074304782649,1.170417
1616941074313369362,1616941074314987647,1.102242
1616941074323536154,1616941074325017268,1.003491
1616941074333771304,1616941074335380834,1.195555
1616941074343992495,1616941074345523587,1.109542
1616941074354198526,1616941074355705636,1.050582
1616941074364358643,1616941074366555777,1.762283
1616941074374390817,1616941074375994945,1.071516
1616941074384556974,1616941074386056583,0.979525
1616941074394721480,1616941074396217286,0.960988
1616941074404879486,1616941074406534191,1.151736
1616941074415009937,1616941074416612674,1.162536
1616941074425171025,1616941074426794891,1.150116
1616941074435323994,1616941074436897806,1.137169
1616941074445446875,1616941074446979621,1.039981
1616941074455673108,1616941074457164176,1.029709
1616941074465891893,1616941074467504581,1.190109
1616941074476115425,1616941074477677056,1.137402
1616941074486242616,1616941074487745359,1.069404
1616941074496473421,1616941074498027065,1.146979
1616941074506605568,1616941074508096740,1.010105
1616941074516728552,1616941074518313802,1.167719
1616941074526860249,1616941074528379883,1.065705
1616941074537032011,1616941074538664111,1.139825
1616941074547210304,1616941074548840365,1.216179
1616941074557382528,1616941074558915253,1.097032
1616941074567554156,1616941074569030432,0.969094
1616941074577788546,1616941074579329599,1.106621
1616941074588017580,1616941074589518974,1.064561
1616941074598238405,1616941074599855412,1.20233
1616941074608367561,1616941074609894734,1.1138
1616941074618489149,1616941074620136234,1.219918
1616941074628610261,1616941074630157523,1.068848
1616941074638716786,1616941074640229501,0.99492
1616941074648829332,1616941074650311990,0.9748
1616941074658929661,1616941074660404878,0.971793
1616941074669083898,1616941074670905242,1.436377
1616941074679198546,1616941074680684920,0.975028
1616941074689362946,1616941074690790683,0.934286
1616941074699477964,1616941074700900730,0.911666
1616941074709589155,1616941074711040195,0.953391
1616941074719697392,1616941074721188669,0.995752
1616941074729807917,1616941074731361885,1.10741
1616941074739912381,1616941074741383972,0.971861
1616941074750153883,1616941074751693655,1.060152
1616941074760282748,1616941074761813785,1.04875
1616941074770402187,1616941074771994375,1.149644
1616941074780628171,1616941074782181480,1.053732
1616941074790742043,1616941074792221280,0.963484
1616941074800910458,1616941074802438863,1.036264
1616941074811014247,1616941074812524812,1.064265
1616941074821125171,1616941074822765759,1.137999
1616941074831245137,1616941074832728797,1.079235
1616941074841468587,1616941074842936441,0.964053
1616941074851694123,1616941074853209939,1.091672
1616941074861915262,1616941074863371612,1.010707
1616941074872073945,1616941074873611023,1.064778
1616941074882189284,1616941074883658581,0.946715
1616941074892285520,1616941074893773253,0.929664
1616941074902362179,1616941074903863165,0.963371
1616941074912465375,1616941074913907841,0.892416
1616941074922482607,1616941074923970201,0.94989
1616941074932645402,1616941074934099854,0.933874
1616941074942728766,1616941074944165651,0.89123
1616941074952805704,1616941074954284860,0.945169
1616941074962907625,1616941074964410895,1.028487
1616941074973023159,1616941074974598730,1.107353
1616941074983183830,1616941074984833479,1.235336
1616941074993339298,1616941074994854495,1.063165
1616941075003506453,1616941075005096731,1.114518
1616941075013735615,1616941075015201401,1.031833
1616941075023904345,1616941075025401446,1.000599
1616941075034130853,1616941075035721308,1.193541
1616941075044344152,1616941075045910498,1.155581
1616941075054491945,1616941075055933527,1.011312
1616941075064735405,1616941075066249079,1.100248
1616941075074897337,1616941075076413782,1.085593
1616941075085072178,1616941075086704890,1.235716
1616941075095308168,1616941075096880881,1.164642
1616941075105492810,1616941075107134637,1.219019
1616941075115669295,1616941075117193083,1.097169
1616941075125893137,1616941075127379760,1.063234
1616941075136117194,1616941075137725488,1.153204
1616941075146292665,1616941075147839578,1.067284
1616941075156513122,1616941075158070213,1.132522
1616941075166697277,1616941075168262631,1.090494
1616941075176956934,1616941075178616559,1.204581
1616941075187132831,1616941075188831970,1.301479
1616941075197304253,1616941075198859898,1.100002
1616941075207477747,1616941075208979936,1.026967
1616941075217649441,1616941075219242182,1.224556
1616941075227869409,1616941075229374017,1.095243
1616941075238098350,1616941075239688167,1.155438
1616941075248321824,1616941075249888018,1.184282
1616941075258439200,1616941075260129177,1.267714
1616941075268678092,1616941075270335488,1.260917
1616941075278861200,1616941075280459956,1.114924
1616941075289015262,1616941075290627349,1.207796
1616941075299169876,1616941075300819898,1.169969
1616941075309391668,1616941075310919482,1.102734
1616941075319622875,1616941075321212505,1.111182
1616941075329844564,1616941075331399697,1.143839
1616941075340071924,1616941075341589311,1.089393
1616941075350239272,1616941075351843502,1.208753
1616941075360458905,1616941075361926567,0.971014
1616941075370582448,1616941075372195277,1.122537
1616941075380707955,1616941075382264229,1.071201
1616941075390876381,1616941075392462292,1.104859
1616941075401098935,1616941075402649753,1.067949
1616941075411216858,1616941075412678754,0.960691
1616941075421356377,1616941075422978982,1.154699
1616941075431470570,1616941075433067182,1.133934
1616941075441686985,1616941075443145467,0.96508
1616941075451823072,1616941075453389987,1.142445
1616941075462041251,1616941075464200969,1.936821
1616941075472283541,1616941075473961562,1.269386
1616941075482452998,1616941075484039945,1.158469
1616941075492695251,1616941075494202024,1.093243
1616941075502864056,1616941075504376881,1.073538
1616941075513103240,1616941075514676719,1.163979
1616941075523345229,1616941075524831804,1.048872
1616941075533567005,1616941075535184280,1.191766
1616941075543787211,1616941075545296414,1.060205
1616941075554009210,1616941075555582716,1.089181
1616941075564250424,1616941075565830250,1.13559
1616941075574372900,1616941075576032165,1.248988
1616941075584598509,1616941075586223542,1.186811
1616941075594768127,1616941075596324858,1.133802
1616941075604999934,1616941075606609942,1.191946
1616941075615218562,1616941075616763901,1.136649
1616941075625439773,1616941075627110797,1.246326
1616941075635670031,1616941075637268931,1.202317
1616941075645904119,1616941075647560113,1.246869
1616941075656123623,1616941075657801483,1.219989
1616941075666348741,1616941075667961809,1.14905
1616941075676581435,1616941075678227286,1.239517
1616941075686750980,1616941075688395455,1.265673
1616941075696973749,1616941075698688538,1.301417
1616941075707202587,1616941075708816970,1.185458
1616941075717425045,1616941075719069831,1.252352
1616941075727644828,1616941075729178959,1.057752
1616941075737865882,1616941075739372369,1.113977
1616941075748084858,1616941075749759014,1.254529
1616941075758167798,1616941075759774913,1.212271
1616941075768386972,1616941075769923113,1.115973
1616941075778556569,1616941075780185770,1.216827
1616941075788775973,1616941075790352314,1.159604
1616941075798995677,1616941075800611326,1.212266
1616941075809216748,1616941075811225583,1.586106
1616941075819241913,1616941075820869733,1.219651
1616941075829274055,1616941075830900793,1.171502
1616941075839427568,1616941075841133125,1.261243
1616941075849530176,1616941075851126019,1.127568
1616941075859634375,1616941075861241838,1.211256
1616941075869727803,1616941075871290114,1.165879
1616941075879955168,1616941075881496380,1.08446
1616941075890132710,1616941075891640522,1.02298
1616941075900309645,1616941075901978733,1.208012
1616941075910425656,1616941075912132711,1.243318
1616941075920525592,1616941075922198491,1.21681
1616941075930597040,1616941075932246841,1.194261
1616941075940826125,1616941075942514799,1.262401
1616941075951051128,1616941075952662609,1.197327
1616941075961266261,1616941075962799292,1.048469
1616941075971365888,1616941075972943083,1.118146
1616941075981513636,1616941075983102834,1.121579
1616941075991573228,1616941075993085619,1.077902
1616941076001673873,1616941076003186467,1.045366
1616941076011782127,1616941076013352782,1.153776
1616941076021823022,1616941076023357117,1.150245
1616941076031921823,1616941076033571412,1.181574
1616941076041962758,1616941076043614235,1.246041
1616941076052068023,1616941076053639851,1.106718
1616941076062109357,1616941076063761931,1.230687
1616941076072210196,1616941076073882124,1.26811
1616941076082290837,1616941076083792924,1.038584
1616941076092453176,1616941076094072233,1.160836
1616941076102560768,1616941076104112674,1.154168
1616941076112719186,1616941076114362504,1.181526
1616941076122821628,1616941076124415680,1.092618
1616941076132922944,1616941076134575110,1.187483
1616941076143087774,1616941076144663857,1.08993
1616941076153163747,1616941076154622793,1.016533
1616941076163257828,1616941076164736299,0.969136
1616941076173413117,1616941076175012557,1.111424
1616941076183498201,1616941076185146918,1.171517
1616941076193754052,1616941076195362969,1.200344
1616941076203981630,1616941076205674451,1.232211
1616941076214181459,1616941076215759329,1.099242
1616941076224401961,1616941076225990416,1.157841
1616941076234527177,1616941076236145103,1.225629
1616941076244754627,1616941076246392222,1.181517
1616941076254924125,1616941076256599554,1.856254
1616941076265058917,1616941076266638125,1.154013
1616941076275272891,1616941076276870013,1.180221
1616941076285443607,1616941076287000744,1.074817
1616941076295559173,1616941076297089034,1.119405
1616941076305796526,1616941076307362139,1.116463
1616941076316027737,1616941076317578594,1.073735
1616941076326200237,1616941076327746403,1.057837
1616941076336428842,1616941076338048112,1.225435
1616941076346553877,1616941076348185362,1.210237
1616941076356769586,1616941076358362189,1.184305
1616941076366888561,1616941076368467365,1.149321
1616941076377106886,1616941076378688636,1.110401
1616941076387235713,1616941076388834017,1.123856
1616941076397407860,1616941076398951651,1.074077
1616941076407588812,1616941076409105207,1.088771
1616941076417761382,1616941076419229637,1.051477
1616941076427923366,1616941076429414814,1.063641
1616941076438032202,1616941076439565703,1.149656
1616941076448262594,1616941076449743855,1.06884
1616941076458385078,1616941076459796033,0.956946
1616941076468551118,1616941076470044376,0.994355
1616941076478715426,1616941076480254587,1.119627
1616941076488882193,1616941076490311231,1.001001
1616941076499114375,1616941076500607302,1.102641
1616941076509280631,1616941076510758382,1.008863
1616941076519514200,1616941076521093374,1.118319
1616941076529734476,1616941076531227066,0.998371
1616941076539951784,1616941076541472245,1.091953
1616941076550119498,1616941076551655622,1.050912
1616941076560344088,1616941076561902862,1.080404
1616941076570470781,1616941076571997504,1.032129
1616941076580693563,1616941076582229493,1.027732
1616941076590931230,1616941076592469826,1.110985
1616941076601171374,1616941076602704153,1.131313
1616941076611331853,1616941076612824648,1.069678
1616941076621552315,1616941076623070729,1.09987
1616941076631717059,1616941076633292332,1.172845
1616941076641947853,1616941076643525576,1.163317
1616941076652109555,1616941076653629517,1.11455
1616941076662237660,1616941076663845650,1.19749
1616941076672410818,1616941076673988475,1.160621
1616941076682533839,1616941076684045665,1.035959
1616941076692707141,1616941076694313516,1.112092
1616941076702876875,1616941076704449806,1.170381
1616941076713098044,1616941076715904375,2.376034
1616941076723213394,1616941076724772560,1.067485
1616941076733436425,1616941076735052540,1.190398
1616941076743656116,1616941076745241871,1.178589
1616941076753877310,1616941076755483903,1.173389
1616941076764098292,1616941076765569053,1.059689
1616941076774221994,1616941076775702844,1.057793
1616941076784453565,1616941076785949789,1.062537
1616941076794577877,1616941076796033463,1.02468
1616941076804801395,1616941076806358580,1.120522
1616941076814975333,1616941076816563999,1.182964
1616941076825193127,1616941076826656958,1.042167
1616941076835440213,1616941076836989440,1.12607
1616941076845676619,1616941076847160439,1.052306
1616941076855894448,1616941076857418444,1.12428
1616941076866133086,1616941076867631544,1.090403
1616941076876361474,1616941076877912739,1.143799
1616941076886475878,1616941076888009509,1.114903
1616941076896698121,1616941076898319719,1.200299
1616941076906877842,1616941076908547670,1.257278
1616941076917043039,1616941076918685904,1.196966
1616941076927213755,1616941076928870743,1.182148
1616941076937385149,1616941076939111875,1.252558
1616941076947565007,1616941076949204507,1.188402
1616941076957741134,1616941076959319175,1.110342
1616941076967915865,1616941076969568740,1.197953
1616941076978110893,1616941076979747160,1.151187
1616941076988286228,1616941076989862333,1.103561
1616941076998403706,1616941076999959070,1.086748
1616941077008525993,1616941077010072935,1.055755
1616941077018643860,1616941077020225463,1.126147
1616941077028831490,1616941077030372319,1.114725
1616941077039005209,1616941077040570263,1.147402
1616941077049172509,1616941077050792503,1.183577
1616941077059339440,1616941077060915094,1.16063
1616941077069507008,1616941077071588816,1.822646
1616941077079607978,1616941077081148274,1.095986
1616941077089785965,1616941077091385835,1.123897
1616941077099973918,1616941077101519586,1.122979
1616941077110141009,1616941077111621159,1.08528
1616941077120309749,1616941077121871720,1.135248
1616941077130434052,1616941077131964567,1.122494
1616941077140556629,1616941077142107181,1.136687
1616941077150736686,1616941077152297164,1.150702
1616941077160905688,1616941077162400805,1.085987
1616941077171064525,1616941077172589313,1.107605
1616941077181232685,1616941077182713877,1.047293
1616941077191390773,1616941077192892030,1.013679
1616941077201574195,1616941077203084967,1.022568
1616941077211746068,1616941077213255318,1.085011
1616941077221972433,1616941077223437779,1.021461
1616941077232202781,1616941077233715112,1.0722
1616941077242325579,1616941077243964784,1.171198
1616941077252499525,1616941077254110088,1.153304
1616941077262621669,1616941077264139298,1.052253
1616941077272795952,1616941077274250323,0.969699
1616941077282972116,1616941077284461077,1.003093
1616941077293199082,1616941077294767096,1.164263
1616941077303360816,1616941077304852276,1.06776
1616941077313532554,1616941077315104420,1.110236
1616941077323652938,1616941077325249389,1.134579
1616941077333820188,1616941077335379207,1.149369
1616941077344049414,1616941077345659625,1.216336
1616941077354170914,1616941077355736585,1.183962
1616941077364338907,1616941077365983763,1.243078
1616941077374452670,1616941077376083263,1.222883
1616941077384572975,1616941077386136300,1.092529
1616941077394739809,1616941077396364470,1.227341
1616941077404866876,1616941077406503485,1.246274
1616941077415034696,1616941077416714251,1.219021
1616941077425201246,1616941077426787327,1.109302
1616941077435372629,1616941077436818386,1.086057
1616941077445610170,1616941077447083445,0.995699
1616941077455791384,1616941077457257981,0.976371
1616941077465974632,1616941077467484972,1.008732
1616941077476152683,1616941077477707651,1.066154
1616941077486329715,1616941077487805172,1.028422
1616941077496547381,1616941077498142366,1.179004
1616941077506714363,1616941077508267522,1.135546
1616941077516882899,1616941077518434627,1.158717
1616941077527046008,1616941077528750779,1.866719
1616941077537077952,1616941077538774234,1.247791
1616941077547175326,1616941077548835979,1.253523
1616941077557223068,1616941077558841840,1.168136
1616941077567475927,1616941077569003789,1.050568
1616941077577635785,1616941077579160872,1.041573
1616941077587858763,1616941077589362062,1.004579
1616941077598016010,1616941077599519520,1.028723
1616941077608140407,1616941077609740679,1.148721
1616941077618164086,1616941077619637266,0.976543
1616941077628385116,1616941077629971714,1.108495
1616941077638501351,1616941077640076559,1.11806
1616941077648729379,1616941077650360389,1.149387
1616941077658900776,1616941077660544172,1.182772
1616941077668992558,1616941077670611557,1.198067
1616941077679156801,1616941077680742838,1.177046
1616941077689230427,1616941077690707593,0.994639
1616941077699334828,1616941077700871275,1.055299
1616941077709559255,1616941077711101277,1.079545
1616941077719595531,1616941077721235462,1.185536
1616941077729827730,1616941077731399228,1.094285
1616941077739932438,1616941077741546983,1.147057
1616941077750078988,1616941077751589247,1.088431
1616941077760231872,1616941077761825275,1.135898
1616941077770409208,1616941077771979487,1.088203
1616941077780654605,1616941077782189576,1.054312
1616941077790827854,1616941077792350592,1.055452
1616941077801046122,1616941077802624642,1.126115
1616941077811151376,1616941077812668302,1.109466
1616941077821366520,1616941077822924784,1.063746
1616941077831523282,1616941077833008993,1.07555
1616941077841690856,1616941077843320339,1.164863
1616941077851917800,1616941077853434643,1.049499
1616941077862157039,1616941077863947791,1.422804
1616941077872324076,1616941077873904206,1.118539
1616941077882527978,1616941077884059883,1.066787
1616941077892746860,1616941077894400550,1.241264
1616941077902932124,1616941077904453270,1.113832
1616941077913158897,1616941077914704166,1.075531
1616941077923389048,1616941077924923379,1.126836
1616941077933608059,1616941077935211409,1.19656
1616941077943840555,1616941077945399738,1.089826
1616941077954003941,1616941077955505210,1.043226
1616941077964106235,1616941077965723753,1.134135
1616941077974258679,1616941077975880333,1.133845
1616941077984451232,1616941077986094261,1.228222
1616941077994599646,1616941077996112931,1.044296
1616941078004830039,1616941078006351284,1.128311
1616941078015066765,1616941078016510272,1.051114
1616941078025314417,1616941078026801001,1.032531
1616941078035493746,1616941078037037080,1.115048
1616941078045715225,1616941078047267033,1.127133
1616941078055939659,1616941078057502248,1.152992
1616941078066178914,1616941078067731795,1.129406
1616941078076419443,1616941078077973940,1.183686
1616941078086589026,1616941078088125812,1.125501
1616941078096839526,1616941078098389223,1.125688
1616941078107003665,1616941078108495697,1.077757
1616941078117223517,1616941078118713020,1.080179
1616941078127442341,1616941078128895629,1.033556
1616941078137660304,1616941078139069032,0.944485
1616941078147881567,1616941078149323711,1.074786
1616941078158105323,1616941078159650282,1.117542
1616941078168324640,1616941078169843110,1.037789
1616941078178500377,1616941078180089656,1.176337
1616941078188737971,1616941078190372032,1.207925
1616941078198906466,1616941078200510566,1.198819
1616941078209130627,1616941078210718522,1.167928
1616941078219287445,1616941078220821316,1.129483
1616941078229505657,1616941078230997041,0.995686
1616941078239742573,1616941078241366806,1.196762
1616941078249960692,1616941078251536562,1.149231
1616941078260179797,1616941078261734816,1.111866
1616941078270350850,1616941078271941956,1.195391
1616941078280571347,1616941078282264782,1.256193
1616941078290753149,1616941078292391689,1.220761
1616941078300989996,1616941078302654075,1.196154
1616941078311217253,1616941078312856932,1.223617
1616941078321435009,1616941078322968779,1.111098
1616941078331668077,1616941078333313351,1.227893
1616941078341888392,1616941078343381386,1.068503
1616941078352123196,1616941078353708705,1.192363
1616941078362293371,1616941078363789760,1.076317
1616941078372524742,1616941078374169757,1.224633
1616941078382694135,1616941078384288938,1.165313
1616941078392912707,1616941078394522848,1.223698
1616941078403132678,1616941078404775819,1.202364
1616941078413352349,1616941078414946295,1.187687
1616941078423567207,1616941078425225928,1.240568
1616941078433733968,1616941078435265220,1.109796
1616941078443969688,1616941078445615816,1.182956
1616941078454223405,1616941078455956775,1.32338
1616941078464443111,1616941078466116359,1.243784
1616941078474612656,1616941078476296399,1.259635
1616941078484843431,1616941078486565735,1.313436
1616941078495064239,1616941078496776795,1.278405
1616941078505293602,1616941078506840976,1.052737
1616941078515508232,1616941078517155069,1.231362
1616941078525731348,1616941078527347953,1.230335
1616941078535949430,1616941078537597677,1.243916
1616941078546179213,1616941078547916867,1.31563
1616941078556396987,1616941078558084350,1.297145
1616941078566567880,1616941078568133887,1.088131
1616941078576788742,1616941078578419142,1.211994
1616941078587015561,1616941078588686278,1.237561
1616941078597244202,1616941078598799944,1.14251
1616941078607466186,1616941078609100578,1.157948
1616941078617695262,1616941078619306633,1.199474
1616941078627939875,1616941078629663643,1.314779
1616941078638170106,1616941078639784521,1.204478
1616941078648392609,1616941078650087754,1.27188
1616941078658561087,1616941078660683221,1.865772
1616941078668708378,1616941078670320755,1.181986
1616941078678932428,1616941078680510479,1.160261
1616941078689157508,1616941078690712805,1.160313
1616941078699397157,1616941078700939155,1.157564
1616941078709635787,1616941078711147059,1.074943
1616941078719872762,1616941078721430525,1.142168
1616941078730095173,1616941078731736573,1.209481
1616941078740316109,1616941078741906107,1.17206
1616941078750486282,1616941078752039209,1.131107
1616941078760715871,1616941078762248643,1.120655
1616941078770888020,1616941078772417708,1.093928
1616941078781107906,1616941078782699590,1.193835
1616941078791335120,1616941078792840349,1.102737
1616941078801562858,1616941078803147640,1.216442
1616941078811786410,1616941078813379680,1.165145
1616941078822006334,1616941078823563161,1.132882
1616941078832226277,1616941078833734805,1.116694
1616941078842395413,1616941078843938611,1.079775
1616941078852635321,1616941078854282051,1.236739
1616941078862792973,1616941078864341430,1.102678
1616941078873026434,1616941078874613072,1.15663
1616941078883266896,1616941078884850300,1.174911
1616941078893487944,1616941078894960809,1.037311
1616941078903708120,1616941078905253531,1.141637
1616941078913933317,1616941078915503586,1.156287
1616941078924171600,1616941078925756796,1.12759
1616941078934340034,1616941078935882642,1.146344
1616941078944559193,1616941078946135163,1.161843
1616941078954730883,1616941078956334962,1.123776
1616941078964948761,1616941078966692149,1.346147
1616941078975100531,1616941078976689273,1.175682
1616941078985320181,1616941078986888951,1.157659
1616941078995474269,1616941078996978813,1.035163
1616941079005635803,1616941079007104843,1.007097
1616941079015874155,1616941079017558275,1.278159
1616941079026039169,1616941079027652980,1.193306
1616941079036264582,1616941079037812545,1.119939
1616941079046443903,1616941079047911605,1.067608
1616941079056580396,1616941079058192780,1.224326
1616941079066769210,1616941079068416397,1.254415
1616941079076880736,1616941079078406368,1.061297
1616941079087047931,1616941079088674601,1.227909
1616941079097222345,1616941079098887003,1.185009
1616941079107384133,1616941079108929438,1.156751
1616941079117498478,1616941079119074424,1.151889
1616941079127669278,1616941079129304928,1.24194
1616941079137932440,1616941079139513698,1.169421
1616941079148150267,1616941079149753580,1.175572
1616941079158317287,1616941079159918931,1.17021
1616941079168544814,1616941079170193096,1.220483
1616941079178742154,1616941079180327214,1.181785
1616941079188976352,1616941079190528826,1.11439
1616941079199205180,1616941079200813462,1.183033
1616941079209378842,1616941079210919506,1.127483
1616941079219596403,1616941079221151774,1.141763
1616941079229813947,1616941079231391209,1.157963
1616941079240032454,1616941079241608976,1.158152
1616941079250229832,1616941079251911840,1.271454
1616941079260391726,1616941079262106195,1.226241
1616941079270549198,1616941079272219681,1.274676
1616941079280706617,1616941079282379902,1.306556
1616941079290863011,1616941079292939449,1.609127
1616941079300928015,1616941079302573324,1.186053
1616941079311139052,1616941079312641766,1.055712
1616941079321294594,1616941079322771690,1.0033
1616941079331464157,1616941079332975839,1.059657
1616941079341536325,1616941079343137506,1.107983
1616941079351571180,1616941079353200178,1.177718
1616941079361674252,1616941079363211378,1.04484
1616941079371773463,1616941079373380107,1.145921
1616941079381869237,1616941079383320780,0.968925
1616941079391939347,1616941079393475822,1.112698
1616941079401966762,1616941079403650789,1.237833
1616941079412081770,1616941079413715230,1.187977
1616941079422114470,1616941079423717524,1.134858
1616941079432125376,1616941079433716058,1.150005
1616941079442239684,1616941079443910108,1.205439
1616941079452309146,1616941079454101525,1.677849
1616941079462488676,1616941079464116867,1.179487
1616941079472613364,1616941079474165982,1.062188
1616941079482717655,1616941079484394873,1.225491
1616941079492777582,1616941079494443790,1.241134
1616941079503000312,1616941079504618380,1.147298
1616941079513225737,1616941079514849435,1.121938
1616941079523301002,1616941079524845110,1.061205
1616941079533384589,1616941079534871011,1.054069
1616941079543445504,1616941079544964568,1.104024
1616941079553598064,1616941079555124274,1.058074
1616941079563684735,1616941079565301069,1.214759
1616941079573806321,1616941079575418645,1.20892
1616941079584034877,1616941079585778729,1.309286
1616941079594154004,1616941079595804806,1.181364
1616941079604240404,1616941079605855916,1.192094
1616941079614402899,1616941079616036802,1.15616
1616941079624626232,1616941079626195990,1.080731
1616941079634692667,1616941079636328280,1.230146
1616941079644913001,1616941079646606543,1.250482
1616941079655140619,1616941079656685355,1.138133
1616941079665384015,1616941079666912325,1.11368
1616941079675604203,1616941079677093291,1.070809
1616941079685828866,1616941079687428728,1.118592
1616941079696046840,1616941079697623525,1.172142
1616941079706235484,1616941079707846529,1.182276
1616941079716453464,1616941079718000766,1.15326
1616941079726677497,1616941079728221627,1.123836
1616941079736901442,1616941079738398739,1.08184
1616941079747063642,1616941079748541230,1.00782
1616941079757237371,1616941079758726752,1.070217
1616941079767409978,1616941079768948654,1.114592
1616941079777584050,1616941079779112817,1.060415
1616941079787756980,1616941079789308314,1.132429
1616941079797976414,1616941079799562891,1.175469
1616941079808193753,1616941079809744661,1.137359
1616941079818363871,1616941079819912834,1.129178
1616941079828585408,1616941079830193043,1.191197
1616941079838755836,1616941079840269108,1.051004
1616941079848974492,1616941079850589000,1.225356
1616941079859155628,1616941079860750640,1.099841
1616941079869386623,1616941079870864913,1.075989
1616941079879610536,1616941079881113582,1.103089
1616941079889781208,1616941079891303491,1.156661
1616941079900000803,1616941079901589096,1.142875
1616941079910228842,1616941079911858264,1.248566
1616941079920449647,1616941079922167608,1.32324
1616941079930619997,1616941079932221897,1.139011
1616941079940836417,1616941079942298225,1.032125
1616941079951068285,1616941079952659538,1.179451
1616941079961227447,1616941079962729699,1.005352
1616941079971440948,1616941079973051941,1.168448
1616941079981657540,1616941079983169454,1.026296
1616941079991882365,1616941079993514797,1.217546
1616941080002121890,1616941080003746233,1.228454
1616941080012354576,1616941080013864680,1.093624
1616941080022524105,1616941080024169835,1.222296
1616941080032743098,1616941080035307957,2.133112
1616941080042910361,1616941080044494250,1.175116
1616941080053134367,1616941080054740725,1.234402
1616941080063364359,1616941080064941882,1.163112
1616941080073585483,1616941080075186304,1.204791
1616941080083809201,1616941080085476285,1.281852
1616941080094031675,1616941080095677505,1.221153
1616941080104272606,1616941080105951208,1.274069
1616941080114395109,1616941080116098531,1.353341
1616941080124618837,1616941080126201895,1.114096
1616941080134783439,1616941080136490590,1.284081
1616941080145009938,1616941080146667206,1.334615
1616941080155232192,1616941080156917962,1.324128
1616941080165409560,1616941080167036535,1.165199
1616941080175636455,1616941080177249016,1.198834
1616941080185874245,1616941080187494906,1.176713
1616941080196092845,1616941080197863764,1.299403
1616941080206260984,1616941080207935675,1.223025
1616941080216488389,1616941080218163388,1.231978
1616941080226666971,1616941080228436928,1.38073
1616941080236901590,1616941080238550023,1.265348
1616941080247081385,1616941080248807385,1.327558
1616941080257306709,1616941080259633612,2.110325
1616941080267532589,1616941080269219899,1.280685
1616941080277752818,1616941080279273038,1.104448
1616941080287968458,1616941080289491684,1.116
1616941080298116517,1616941080299679476,1.14929
1616941080308250683,1616941080309887438,1.182568
1616941080318372485,1616941080319922847,1.086986
1616941080328490215,1616941080330051091,1.177821
1616941080338591368,1616941080340057778,1.004371
1616941080348697566,1616941080350159109,0.99479
1616941080358810535,1616941080360276062,0.971442
1616941080369037894,1616941080370496969,0.975556
1616941080379196347,1616941080380642113,0.948007
1616941080389412066,1616941080391009478,1.100735
1616941080399629672,1616941080401166816,1.084247
1616941080409798682,1616941080411255917,0.956258
1616941080419966711,1616941080421431923,0.968649
1616941080430111938,1616941080431593717,0.959854
1616941080440326561,1616941080441893111,1.104766
1616941080450491421,1616941080452102504,1.106119
1616941080460659243,1616941080462193024,1.029612
1616941080470822685,1616941080472445100,1.14073
1616941080480978626,1616941080482553834,1.113888
1616941080491193753,1616941080492758887,1.147603
1616941080501415162,1616941080502941269,1.108012
1616941080511585279,1616941080513255820,1.246097
1616941080521806252,1616941080523375223,1.139246
1616941080532028036,1616941080533644469,1.196845
1616941080542224173,1616941080543834562,1.149041
1616941080552392139,1616941080553987605,1.111279
1616941080562557222,1616941080564159883,1.185093
1616941080572771322,1616941080574411334,1.213262
1616941080582932138,1616941080584653777,1.308356
1616941080593149648,1616941080594784081,1.224724
1616941080603398975,1616941080605006422,1.196408
1616941080613636001,1616941080615190765,1.124464
1616941080623904991,1616941080625515348,1.195858
1616941080634156402,1616941080635790403,1.22549
1616941080644379488,1616941080646062073,1.269017
1616941080654502478,1616941080656082552,1.116293
1616941080664677996,1616941080666277181,1.168429
1616941080674847615,1616941080676423360,1.144004
1616941080685077921,1616941080686683452,1.218074
1616941080695298894,1616941080696879941,1.168767
1616941080705517810,1616941080707082368,1.163816
1616941080715690435,1616941080717302208,1.233413
1616941080725852540,1616941080727357192,1.104871
1616941080736079809,1616941080737737546,1.237029
1616941080746229521,1616941080747818355,1.191763
1616941080756404773,1616941080757895228,0.996384
1616941080766576408,1616941080768091225,1.097314
1616941080776744874,1616941080778251571,1.074553
1616941080786905217,1616941080788449698,1.135332
1616941080797079105,1616941080798635260,1.143566
1616941080807295972,1616941080808807560,1.100468
1616941080817522999,1616941080819043992,1.098473
1616941080827747136,1616941080829322382,1.16787
1616941080837969213,1616941080839511962,1.135592
1616941080848132874,1616941080849669807,1.129875
1616941080858302848,1616941080859804432,1.071853
1616941080868427673,1616941080869980687,1.145568
1616941080878555340,1616941080880134905,1.154758
1616941080888731220,1616941080890206293,1.062515
1616941080898890642,1616941080900373446,1.088434
1616941080909112902,1616941080910760656,1.23734
1616941080919334414,1616941080920884917,1.123229
1616941080929563506,1616941080931053516,1.061009
1616941080939809243,1616941080941336822,1.094901
1616941080949968989,1616941080951561015,1.184851
1616941080960190144,1616941080961731921,1.118528
1616941080970360728,1616941080971896788,1.114703
1616941080980533008,1616941080982144632,1.199548
1616941080990698500,1616941080992307131,1.207648
1616941081000917524,1616941081002428824,1.123468
1616941081011135608,1616941081013152694,1.530646
1616941081021366057,1616941081022905784,1.071245
1616941081031590817,1616941081033094663,1.046016
1616941081041809022,1616941081043315088,1.049421
1616941081051965849,1616941081053527478,1.080507
1616941081062125598,1616941081063673331,1.069349
1616941081072305095,1616941081074172391,1.650547
1616941081082465729,1616941081084098514,1.155714
1616941081092517220,1616941081093976219,0.969357
1616941081102613064,1616941081104155783,1.06224
1616941081112718330,1616941081114288060,1.089625
1616941081122821510,1616941081124302661,1.010787
1616941081133056462,1616941081134666371,1.136804
1616941081143292391,1616941081144814741,1.091977
1616941081153445098,1616941081154990665,1.076115
1616941081163540353,1616941081165091343,1.131752
1616941081173717681,1616941081175251510,1.119344
1616941081183823432,1616941081185356324,1.069938
1616941081193920128,1616941081195447721,1.122016
1616941081204024001,1616941081205639513,1.13391
1616941081214103090,1616941081215629132,1.126417
1616941081224229462,1616941081225817182,1.118762
1616941081234324693,1616941081235933534,1.122337
1616941081244460444,1616941081245969392,1.022708
1616941081254510191,1616941081256026288,1.043597
1616941081264710407,1616941081266181679,0.968515
1616941081274800266,1616941081276302527,1.001637
1616941081285023794,1616941081286587021,1.088043
1616941081295195052,1616941081296763754,1.085307
1616941081305295724,1616941081306846916,1.057951
1616941081315510844,1616941081317083020,1.095766
1616941081325663715,1616941081327161358,1.006119
1616941081335762548,1616941081337278113,1.026814
1616941081345988362,1616941081347499484,1.031083
1616941081356209311,1616941081357664110,0.958408
1616941081366325409,1616941081367783723,0.966249
1616941081376547556,1616941081378048051,1.005217
1616941081386663855,1616941081388141605,1.003152
1616941081396882780,1616941081398461325,1.131552
1616941081406998756,1616941081408566793,1.10566
1616941081417103957,1616941081418734125,1.141295
1616941081427259039,1616941081428880714,1.146543
1616941081437423523,1616941081438982672,1.077686
1616941081447528440,1616941081449061653,1.110962
1616941081457692145,1616941081459172718,1.051841
1616941081467902282,1616941081469462690,1.111977
1616941081478099016,1616941081479688426,1.161173
1616941081488311728,1616941081489870701,1.141656
1616941081498419735,1616941081500016431,1.203126
1616941081508584501,1616941081510246482,1.24301
1616941081518704241,1616941081520316287,1.193254
1616941081528930723,1616941081530601559,1.308573
1616941081539144974,1616941081540772712,1.204488
1616941081549312374,1616941081550832640,1.046477
1616941081559475877,1616941081561031826,1.089947
1616941081569693687,1616941081571336323,1.245007
1616941081579917083,1616941081581519369,1.179463
1616941081590154191,1616941081591806222,1.243933
1616941081600386991,1616941081602007894,1.214532
1616941081610508459,1616941081612094555,1.139528
1616941081620727917,1616941081622387163,1.263635
1616941081630833009,1616941081632436064,1.135221
1616941081641005896,1616941081642683607,1.249974
1616941081651236359,1616941081652853656,1.211765
1616941081661410343,1616941081663049554,1.161325
1616941081671626438,1616941081673292626,1.272732
1616941081681861602,1616941081683473734,1.141901
1616941081692067804,1616941081693736415,1.260849
1616941081702228576,1616941081703864338,1.20685
1616941081712408554,1616941081714083754,1.25263
1616941081722581540,1616941081724303883,1.240941
1616941081732806817,1616941081734513881,1.276005
1616941081742976766,1616941081744693343,1.299074
1616941081753144512,1616941081754838722,1.286475
1616941081763314264,1616941081764996737,1.260602
1616941081773547047,1616941081775180281,1.208001
1616941081783777969,1616941081785463003,1.206451
1616941081794000989,1616941081795607472,1.119629
1616941081804222578,1616941081805941607,1.291841
1616941081814395175,1616941081816080668,1.263781
1616941081824616390,1616941081826214241,1.1863
1616941081834782603,1616941081836472932,1.264264
1616941081844936912,1616941081846698505,1.293636
1616941081855155672,1616941081857473358,2.196176
1616941081865378526,1616941081866972292,1.167684
1616941081875612103,1616941081877223435,1.203538
1616941081885836481,1616941081887326319,1.042154
1616941081895955167,1616941081897449406,1.01308
1616941081906185051,1616941081907738249,1.063484
1616941081916406093,1616941081917941539,1.065883
1616941081926643117,1616941081928158652,1.101943
1616941081936885030,1616941081938397645,1.081025
1616941081947067550,1616941081948532897,0.971586
1616941081957251642,1616941081958772973,1.092806
1616941081967400628,1616941081968848973,0.925576
1616941081977492227,1616941081978881853,0.896661
1616941081987652508,1616941081989110111,0.965185
1616941081997819228,1616941081999330143,1.020832
1616941082008038713,1616941082009772653,1.267565
1616941082018230340,1616941082019789027,1.091603
1616941082028453679,1616941082030047517,1.118898
1616941082038678234,1616941082040315476,1.16964
1616941082048861637,1616941082050566443,1.247685
1616941082059021350,1616941082060655465,1.229951
1616941082069248942,1616941082070835839,1.162005
1616941082079411497,1616941082081107158,1.295807
1616941082089642698,1616941082091290455,1.23679
1616941082099864874,1616941082101526519,1.2514
1616941082110108885,1616941082111774649,1.256974
1616941082120349687,1616941082121955504,1.193809
1616941082130523006,1616941082132162452,1.22723
1616941082140749918,1616941082142243926,1.116326
1616941082150989444,1616941082152640489,1.2426
1616941082161163841,1616941082162759572,1.19286
1616941082171397642,1616941082172929614,1.116266
1616941082181637129,1616941082183135926,1.074177
1616941082191858221,1616941082193457775,1.183408
1616941082202085371,1616941082203602066,1.050276
1616941082212253000,1616941082213853177,1.139915
1616941082222426748,1616941082223958241,1.045138
1616941082232601125,1616941082234171561,1.122217
1616941082242770624,1616941082244307807,1.099218
1616941082252997198,1616941082254581194,1.148119
1616941082263228335,1616941082264759183,1.069644
1616941082273447197,1616941082275066760,1.16824
1616941082283675737,1616941082285230256,1.141501
1616941082293906242,1616941082295556548,1.207303
1616941082304082469,1616941082305632337,1.064527
1616941082314225973,1616941082315783505,1.128478
1616941082324459497,1616941082325963535,1.020612
1616941082334575032,1616941082336138744,1.111437
1616941082344811774,1616941082346324810,1.10967
1616941082355038423,1616941082356631220,1.192239
1616941082365261710,1616941082366927280,1.257744
1616941082375482652,1616941082377100932,1.223074
1616941082385705545,1616941082387297474,1.183783
1616941082395945691,1616941082397532552,1.180332
1616941082406178161,1616941082407742721,1.158048
1616941082416405486,1616941082417901355,1.112625
1616941082426579257,1616941082428151814,1.204289
1616941082436802107,1616941082438283190,1.094069
1616941082447060553,1616941082448568976,1.116047
1616941082457281671,1616941082458791065,1.090692
1616941082467502676,1616941082469004936,1.067682
1616941082477754000,1616941082479261426,1.048518
1616941082487928133,1616941082489479284,1.108395
1616941082498186625,1616941082499688020,1.017342
1616941082508366949,1616941082509900727,1.075918
1616941082518535611,1616941082520048076,1.025005
1616941082528754031,1616941082530388981,1.18027
1616941082538909242,1616941082540510371,1.128117
1616941082549131466,1616941082550740168,1.191405
1616941082559349631,1616941082560910831,1.1191
1616941082569571670,1616941082571135981,1.142013
1616941082579749094,1616941082581183851,0.929794
1616941082589925347,1616941082591379511,1.042006
1616941082600171871,1616941082601609671,1.012945
1616941082610344546,1616941082611806334,1.043819
1616941082620517125,1616941082621987972,1.043297
1616941082630691990,1616941082632172874,1.072805
1616941082640925495,1616941082642364338,1.017057
1616941082651148301,1616941082652750569,1.55477
1616941082661375033,1616941082662828415,0.952581
1616941082671617717,1616941082673031596,1.053781
1616941082681855410,1616941082683348903,1.006731
1616941082692095201,1616941082693570085,0.981031
1616941082702239132,1616941082703671561,1.010265
1616941082712469601,1616941082714005136,1.148612
1616941082722644098,1616941082724090558,0.951671
1616941082732869374,1616941082734297670,0.99752
1616941082743105417,1616941082744620099,1.113307
1616941082753342883,1616941082754803441,1.072079
1616941082763569747,1616941082765037452,1.083924
1616941082773796010,1616941082775275621,1.053514
1616941082784019152,1616941082785519905,1.089678
1616941082794230820,1616941082795852270,1.645025
1616941082804480920,1616941082806102704,1.176733
1616941082814579818,1616941082816253715,1.210581
1616941082824611481,1616941082826279078,1.207072
1616941082834666492,1616941082836293113,1.195932
1616941082844891500,1616941082846532668,1.206361
1616941082855047083,1616941082856673042,1.237511
1616941082865198845,1616941082866759962,1.098741
1616941082875304177,1616941082876859813,1.105921
1616941082885440211,1616941082886894060,1.035835
1616941082895535491,1616941082897124823,1.156192
1616941082905638944,1616941082907182588,1.197917
1616941082915738461,1616941082917260941,1.121222
1616941082925902791,1616941082927396947,1.150136
1616941082936007400,1616941082937542527,1.057795
1616941082946110075,1616941082947734063,1.13828
1616941082956187553,1616941082957716445,1.049661
1616941082966350781,1616941082967823658,1.013752
1616941082976580197,1616941082978125981,1.071883
1616941082986733696,1616941082988320429,1.244285
1616941082996959846,1616941082998619030,1.222148
1616941083007151266,1616941083008765437,1.140205
1616941083017241697,1616941083018830988,1.125465
1616941083027401278,1616941083028901261,1.047461
1616941083037501853,1616941083039012928,1.033256
1616941083047605410,1616941083049133310,1.119991
1616941083057708887,1616941083059175549,1.03886
1616941083067862717,1616941083069444471,1.170015
1616941083077912775,1616941083079496857,1.116577
1616941083088054627,1616941083089724076,1.20187
1616941083098153857,1616941083099722938,1.202961
1616941083108310788,1616941083109973085,1.208701
1616941083118428628,1616941083120064853,1.163537
1616941083128605939,1616941083130312771,1.261046
1616941083138707692,1616941083140384999,1.210948
1616941083148934147,1616941083150511760,1.152387
1616941083159151136,1616941083160672275,1.053691
1616941083169370010,1616941083171056522,1.248378
1616941083179599194,1616941083181223750,1.178742
1616941083189817921,1616941083191390728,1.136301
1616941083200034454,1616941083201676598,1.194474
1616941083210222572,1616941083211777635,1.07981
1616941083220466983,1616941083222085077,1.160263
1616941083230647338,1616941083232243699,1.124625
1616941083240869202,1616941083242607811,1.270599
1616941083251086675,1616941083252647189,1.089033
1616941083261305063,1616941083262996231,1.226052
1616941083271522444,1616941083273092726,1.10358
1616941083281742384,1616941083283262181,1.046382
1616941083291970503,1616941083293505780,1.091149
1616941083302165402,1616941083303794931,1.22606
1616941083312390681,1616941083314027618,1.227124
1616941083322561686,1616941083324124005,1.167705
1616941083332781377,1616941083334421439,1.245523
1616941083343002736,1616941083344576047,1.172743
1616941083353241220,1616941083354810907,1.152721
1616941083363462483,1616941083365066675,1.213227
1616941083373697530,1616941083375329191,1.222906
1616941083383917491,1616941083385542798,1.219324
1616941083394161607,1616941083395820140,1.256534
1616941083404382469,1616941083405926829,1.131578
1616941083414551289,1616941083416199471,1.257553
1616941083424771276,1616941083426375371,1.196093
1616941083434992334,1616941083436676989,1.290355
1616941083445218135,1616941083446830757,1.200008
1616941083455463148,1616941083457108936,1.569506
1616941083465686788,1616941083467136531,1.023939
1616941083475908578,1616941083477339072,1.03177
1616941083486129708,1616941083487607435,1.042763
1616941083496347144,1616941083497866720,1.073458
1616941083506513698,1616941083508107707,1.143307
1616941083516737755,1616941083518251767,1.027799
1616941083526908100,1616941083528378850,1.032625
1616941083537088710,1616941083538585371,1.031445
1616941083547260252,1616941083548945104,1.232019
1616941083557439216,1616941083558940452,1.02555
1616941083567608937,1616941083569133914,1.070753
1616941083577827399,1616941083579394269,1.115791
1616941083588058538,1616941083589548892,1.032837
1616941083598219797,1616941083599764714,1.150274
1616941083608441585,1616941083610113576,1.263625
1616941083618613776,1616941083623968751,4.999997
1616941083628783458,1616941083630363998,1.168333
1616941083639014969,1616941083640569258,1.1401
1616941083649234947,1616941083650864641,1.246003
1616941083659455942,1616941083661122438,1.263299
1616941083669630211,1616941083671237567,1.208819
1616941083679851979,1616941083681443798,1.196633
1616941083690096462,1616941083691661415,1.171448
1616941083700316433,1616941083701913647,1.189464
1616941083710487728,1616941083712112218,1.256621
1616941083720707208,1616941083722297339,1.191934
1616941083730865242,1616941083732457324,1.178983
1616941083741087347,1616941083742661260,1.19814
1616941083751307546,1616941083752982971,1.274043
1616941083761529145,1616941083763062997,1.134359
1616941083771762851,1616941083773302388,1.125917
1616941083781983656,1616941083783608562,1.218727
1616941083792220171,1616941083793805484,1.106471
1616941083802390257,1616941083804057237,1.264759
1616941083812609259,1616941083814198512,1.170891
1616941083822778795,1616941083824372128,1.20232
1616941083833006201,1616941083834603692,1.207845
1616941083843226084,1616941083844801206,1.179324
1616941083853443510,1616941083854980488,1.153087
1616941083863667022,1616941083865178540,1.102841
1616941083873885370,1616941083875459049,1.176037
1616941083884131380,1616941083885609702,1.089969
1616941083894303744,1616941083895719053,0.989046
1616941083904482035,1616941083906059894,1.182254
1616941083914653014,1616941083916197786,1.132431
1616941083924872826,1616941083926567460,1.305387
1616941083935092757,1616941083936741646,1.22409
1616941083945312491,1616941083946950446,1.234819
1616941083955531495,1616941083957085525,1.13343
1616941083965755973,1616941083967329474,1.093404
1616941083975930208,1616941083977548351,1.13761
1616941083986158603,1616941083987745897,1.076762
1616941083996376678,1616941083997910156,1.092598
1616941084006546509,1616941084008226302,1.214127
1616941084016773282,1616941084018524826,1.331494
1616941084027004908,1616941084028527914,1.030883
1616941084037177753,1616941084038816115,1.183419
1616941084047348563,1616941084048904144,1.082932
1616941084057537810,1616941084059136643,1.142975
1616941084067706770,1616941084069311889,1.122971
1616941084077927651,1616941084079524381,1.153422
1616941084088163997,1616941084089783493,1.153164
1616941084098330099,1616941084099883991,1.099923
1616941084108504263,1616941084110155156,1.212119
1616941084118685108,1616941084120305708,1.146613
1616941084128902225,1616941084130685709,1.399698
1616941084139123481,1616941084140793732,1.197309
1616941084149349417,1616941084151025334,1.213214
1616941084159517764,1616941084161145080,1.161332
1616941084169692872,1616941084171394188,1.259817
1616941084179914782,1616941084181596984,1.228395
1616941084190157292,1616941084191832706,1.200839
1616941084200382501,1616941084201992593,1.155872
1616941084210552025,1616941084212231622,1.210424
1616941084220770597,1616941084222445209,1.299422
1616941084230987866,1616941084232627354,1.161036
1616941084241207196,1616941084242852535,1.185558
1616941084251443547,1616941084253050947,1.218282
1616941084261661943,1616941084263333881,1.213227
1616941084271882462,1616941084273456755,1.123198
1616941084282104080,1616941084283711099,1.158829
1616941084292324399,1616941084293851873,1.049404
1616941084302496450,1616941084304125842,1.210654
1616941084312714411,1616941084314355081,1.180781
1616941084322966629,1616941084324551975,1.146285
1616941084333187597,1616941084334721664,1.042595
1616941084343417997,1616941084345061168,1.205274
1616941084353647135,1616941084355205586,1.078916
1616941084363866841,1616941084365273446,0.93978
1616941084374125574,1616941084375647723,1.030411
1616941084384242624,1616941084385785577,1.091867
1616941084394412227,1616941084396013416,1.16445
1616941084404643124,1616941084406282536,1.21738
1616941084414810468,1616941084416433436,1.138171
1616941084425036781,1616941084426691245,1.19892
1616941084435159277,1616941084436808028,1.18157
1616941084445402990,1616941084447007133,1.135442
1616941084455630833,1616941084457197894,1.116126
1616941084465854275,1616941084467513071,1.206347
1616941084476083587,1616941084477675040,1.12425
1616941084486222602,1616941084487773588,1.075097
1616941084496439457,1616941084497993074,1.090464
1616941084506609124,1616941084508220947,1.190089
1616941084516831768,1616941084518504301,1.240602
1616941084527012452,1616941084528616263,1.139404
1616941084537183310,1616941084538720548,1.055443
1616941084547402259,1616941084549053168,1.246153
1616941084557582742,1616941084559177003,1.129519
1616941084567752833,1616941084569332768,1.194383
1616941084577927734,1616941084580162183,1.846117
1616941084588028241,1616941084589605399,1.183249
1616941084598180105,1616941084599871676,1.232658
1616941084608347226,1616941084609946134,1.163993
1616941084618452611,1616941084620045531,1.10174
1616941084628569473,1616941084630166213,1.149542
1616941084638675469,1616941084640328043,1.186442
1616941084648784047,1616941084650357699,1.113828
1616941084658881676,1616941084660446116,1.081771
1616941084669098276,1616941084670684417,1.087564
1616941084679135897,1616941084680780015,1.183201
1616941084689305674,1616941084690929179,1.151467
1616941084699337798,1616941084700977800,1.204574
1616941084709551698,1616941084711062936,1.025865
1616941084719723314,1616941084721171728,0.967072
1616941084729918793,1616941084731337521,0.936824
1616941084740040547,1616941084741604736,1.104306
1616941084750095643,1616941084751694181,1.16826
1616941084760180827,1616941084761876987,1.224674
1616941084770294068,1616941084771976155,1.22711
1616941084780484996,1616941084782174155,1.206261
1616941084790579358,1616941084792317294,1.251153
1616941084800613228,1616941084802268555,1.188513
1616941084810768189,1616941084812349080,1.125316
1616941084820819085,1616941084822510870,1.269268
1616941084830924813,1616941084832564609,1.246824
1616941084841137962,1616941084842835093,1.240636
1616941084851355835,1616941084853002362,1.222299
1616941084861584499,1616941084863139449,1.089214
1616941084871767134,1616941084873450663,1.221379
1616941084881985904,1616941084883562645,1.112129
1616941084892207185,1616941084893849735,1.193107
1616941084902318511,1616941084903961400,1.254084
1616941084912366012,1616941084913984614,1.192584
1616941084922536187,1616941084924088496,1.111288
1616941084932638120,1616941084934174701,1.134525
1616941084942798511,1616941084944300631,1.043338
1616941084953014842,1616941084954614670,1.170569
1616941084963194755,1616941084964900604,1.296925
1616941084973415431,1616941084974943974,1.106625
1616941084983641046,1616941084985289837,1.239911
1616941084993860893,1616941084995555434,1.235484
1616941085004080235,1616941085005790319,1.304134
1616941085014315625,1616941085016027352,1.305316
1616941085024553152,1616941085026191814,1.241725
1616941085034785804,1616941085036449495,1.222019
1616941085045003915,1616941085046499964,1.098465
1616941085055223698,1616941085056797543,1.12277
1616941085065464608,1616941085067454560,1.523951
1616941085075643012,1616941085077196140,1.077796
1616941085085867380,1616941085087574508,1.249037
1616941085096089425,1616941085097624652,1.066829
1616941085106316309,1616941085107850062,1.085063
1616941085116533181,1616941085118011277,1.008433
1616941085126701311,1616941085128250692,1.148068
1616941085136934019,1616941085138405402,1.063778
1616941085147151744,1616941085148742864,1.187831
1616941085157371871,1616941085158963388,1.129185
1616941085167607324,1616941085169136010,1.118295
1616941085177830467,1616941085179336703,1.086972
1616941085188084444,1616941085189599634,1.110899
1616941085198177412,1616941085199671029,1.06878
1616941085208398102,1616941085209907895,1.110274
1616941085218574868,1616941085220144842,1.161806
1616941085228738640,1616941085230264696,1.12307
1616941085238908970,1616941085240362138,1.084955
1616941085249144117,1616941085250683023,1.144882
1616941085259373232,1616941085260891520,1.131231
1616941085269591708,1616941085271061545,1.030955
1616941085279815801,1616941085281467450,1.249181
1616941085290036625,1616941085291508208,1.095454
1616941085300257722,1616941085301732028,1.008019
1616941085310385217,1616941085311861452,1.071817
1616941085320611595,1616941085322119896,1.098832
1616941085330730406,1616941085332205038,0.983099
1616941085340952875,1616941085342499454,1.067228
1616941085351122163,1616941085352788120,1.210106
1616941085361220741,1616941085362742823,1.034225
1616941085371442689,1616941085372963027,1.091956
1616941085381657810,1616941085383160899,1.036623
1616941085391824594,1616941085393292872,1.062818
1616941085402008080,1616941085403636793,1.174562
1616941085412250123,1616941085413864913,1.122088
1616941085422372245,1616941085423865863,1.029265
1616941085432538950,1616941085434090337,1.06285
1616941085442704237,1616941085444249470,1.126099
1616941085452876570,1616941085454369804,1.06714
1616941085463039879,1616941085464535437,1.08368
1616941085473257040,1616941085474838251,1.175199
1616941085483507742,1616941085485044002,1.117847
1616941085493735998,1616941085495333331,1.217388
1616941085503957067,1616941085505495115,1.138439
1616941085514141962,1616941085515663920,1.120416
1616941085524376922,1616941085525856160,1.074561
1616941085534564356,1616941085536050919,1.104513
1616941085544790641,1616941085551788754,6.59068
1616941085554895383,1616941085556366169,1.02617
1616941085565129826,1616941085566609368,1.039735
1616941085575355284,1616941085576913703,1.149027
1616941085585577355,1616941085587120204,1.086268
1616941085595723393,1616941085597294651,1.161497
1616941085605942178,1616941085607521201,1.110335
1616941085616161848,1616941085617785675,1.21218
1616941085626335527,1616941085627934872,1.132711
1616941085636553943,1616941085638137513,1.174276
1616941085646726037,1616941085648350421,1.231413
1616941085656973096,1616941085658656910,1.2887
1616941085667205411,1616941085668869270,1.275611
1616941085677422866,1616941085679025191,1.191489
1616941085687656671,1616941085689236485,1.198281
1616941085697890208,1616941085699460508,1.161576
1616941085708121185,1616941085709689461,1.161067
1616941085718294816,1616941085719853780,1.160089
1616941085728516007,1616941085730137896,1.1645
1616941085738684068,1616941085740243982,1.105364
1616941085748903316,1616941085750616609,1.316815
1616941085759055299,1616941085760800403,1.337749
1616941085769287546,1616941085770948384,1.217245
1616941085779504350,1616941085781205658,1.237792
1616941085789724778,1616941085791464603,1.285537
1616941085799954373,1616941085801643153,1.19037
1616941085810142711,1616941085811887280,1.342511
1616941085820313684,1616941085822128736,1.414999
1616941085830486804,1616941085832166796,1.228982
1616941085840714231,1616941085842374661,1.260405
1616941085850873122,1616941085852647286,1.381218
1616941085861093643,1616941085862953804,1.811316
1616941085871166835,1616941085872931362,1.369512
1616941085881388454,1616941085883054004,1.250637
1616941085891608173,1616941085893162718,1.067247
1616941085901767264,1616941085903353125,1.120017
1616941085911988239,1616941085913659574,1.224263
1616941085922243311,1616941085923887808,1.26194
1616941085932474619,1616941085934026965,1.136663
1616941085942591139,1616941085944230534,1.254255
1616941085952825417,1616941085954494509,1.249879
1616941085962928332,1616941085964517968,1.134515
1616941085973148510,1616941085974677334,1.050474
1616941085983309778,1616941085984889961,1.112619
1616941085993532452,1616941085995222110,1.291515
1616941086003755761,1616941086005266273,1.051359
1616941086013974623,1616941086015662876,1.299746
1616941086024205228,1616941086025821091,1.20319
1616941086034374574,1616941086036006243,1.245525
1616941086044612047,1616941086046234888,1.176946
1616941086054781981,1616941086056434112,1.291396
1616941086065000827,1616941086066622045,1.230595
1616941086075175646,1616941086076771530,1.143398
1616941086085413840,1616941086086977846,1.155117
1616941086095632846,1616941086097122237,1.074985
1616941086105799088,1616941086107291065,1.02925
1616941086116020974,1616941086117600985,1.255729
1616941086126223371,1616941086127731443,1.056317
1616941086136441181,1616941086138047440,1.21833
1616941086146610381,1616941086148301945,1.295006
1616941086156831015,1616941086158434392,1.15287
1616941086167058137,1616941086168687727,1.149505
1616941086177281643,1616941086178844184,1.146251
1616941086187506478,1616941086189157415,1.1745
1616941086197731301,1616941086199326182,1.174031
1616941086207969460,1616941086209563789,1.19766
1616941086218205138,1616941086219832354,1.16318
1616941086228425307,1616941086229948111,1.09908
1616941086238597245,1616941086240206889,1.137791
1616941086248770411,1616941086250355478,1.101517
1616941086258936716,1616941086260581863,1.177002
1616941086269166758,1616941086270783019,1.200369
1616941086279396475,1616941086280960785,1.146091
1616941086289631042,1616941086291238988,1.135614
1616941086299798470,1616941086302013701,1.793273
1616941086310020631,1616941086311609356,1.129893
1616941086320250107,1616941086321764090,1.002222
1616941086330360401,1616941086332028287,1.157917
1616941086340460884,1616941086342076437,1.096459
1616941086350558332,1616941086352167407,1.09518
1616941086360657248,1616941086362159622,0.992206
1616941086370806175,1616941086372474290,1.170168
1616941086380839025,1616941086382448674,1.172388
1616941086390994841,1616941086392579881,1.131901
1616941086401152061,1616941086402704177,1.078455
1616941086411211967,1616941086412818725,1.142739
1616941086421326177,1616941086422840417,1.078233
1616941086431518171,1616941086433027893,1.054893
1616941086441613949,1616941086443250660,1.157745
1616941086451828271,1616941086453383208,1.077524
1616941086462100427,1616941086463716152,1.141658
1616941086472318547,1616941086473811503,0.989801
1616941086482440926,1616941086484107610,1.192631
1616941086492592652,1616941086494130549,1.048675
1616941086502775834,1616941086504272541,1.030054
1616941086512999035,1616941086514549411,1.13633
1616941086523251147,1616941086524748083,1.087595
1616941086533322176,1616941086534882883,1.110955
1616941086543437158,1616941086544950307,1.111082
1616941086553539091,1616941086555151004,1.145838
1616941086563699897,1616941086565336821,1.166944
1616941086573802274,1616941086575432534,1.228657
1616941086583866107,1616941086585466654,1.210661
1616941086594085135,1616941086595657951,1.107409
1616941086604308840,1616941086605894669,1.128447
1616941086614466228,1616941086616129652,1.206449
1616941086624685551,1616941086626295117,1.157928
1616941086634765136,1616941086636372873,1.208234
1616941086644866039,1616941086646492941,1.204617
1616941086654895701,1616941086656483166,1.130224
1616941086664946783,1616941086666537163,1.215487
1616941086675163655,1616941086677093075,1.473364
1616941086685182274,1616941086686800732,1.143643
1616941086695405109,1616941086696953230,1.081492
1616941086705632089,1616941086707251073,1.19312
1616941086715852670,1616941086717397602,1.209749
1616941086726087706,1616941086727647547,1.079645
1616941086736308499,1616941086737853425,1.133628
1616941086746478232,1616941086748072091,1.191702
1616941086756698842,1616941086758224599,1.11133
1616941086766870435,1616941086768459167,1.190977
1616941086777115694,1616941086778668584,1.142765
1616941086787336430,1616941086788933270,1.179917
1616941086797564192,1616941086799010479,1.040627
1616941086807783377,1616941086809213682,1.063545
1616941086818002263,1616941086819464066,1.096205
1616941086828238313,1616941086829753413,1.123809
1616941086838408230,1616941086839901272,1.122578
1616941086848646609,1616941086850154450,1.125178
1616941086858817174,1616941086860357841,1.14049
1616941086869034554,1616941086870491163,1.095423
1616941086879260666,1616941086880718217,1.081101
1616941086889478380,1616941086890938460,1.053464
1616941086899697561,1616941086901210238,1.100861
1616941086909916522,1616941086911414991,1.023188
1616941086920092411,1616941086921600876,1.091472
1616941086930218591,1616941086931721484,1.08551
1616941086940438173,1616941086941854147,1.051245
1616941086950606973,1616941086952121246,1.102898
1616941086960854308,1616941086962267106,1.069704
1616941086971094920,1616941086972646573,1.170937
1616941086981313499,1616941086982835305,1.056201
1616941086991533059,1616941086993071584,1.151948
1616941087001753707,1616941087003346655,1.196538
1616941087011907354,1616941087013428459,1.123212
1616941087022097291,1616941087023637224,1.07982
1616941087032317388,1616941087033956170,1.259105
1616941087042486714,1616941087044013602,1.069896
1616941087052707061,1616941087054342676,1.236758
1616941087062931271,1616941087064515106,1.192953
1616941087073151526,1616941087074757363,1.208487
1616941087083324971,1616941087084866658,1.126008
1616941087093556371,1616941087095160336,1.207132
1616941087103733716,1616941087105278185,1.141023
1616941087113948171,1616941087115494542,1.154074
1616941087124181013,1616941087125771610,1.193482
1616941087134299523,1616941087135852155,1.152819
1616941087144533532,1616941087146177209,1.245385
1616941087154702030,1616941087156352306,1.257642
1616941087164932736,1616941087166595014,1.275181
1616941087175153361,1616941087176714236,1.163826
1616941087185373444,1616941087186982416,1.191924
1616941087195610024,1616941087197259725,1.20096
1616941087205829402,1616941087207457899,1.245762
1616941087216047185,1616941087217566657,1.119562
1616941087226221116,1616941087227733139,1.095456
1616941087236452050,1616941087238010349,1.145429
1616941087246567129,1616941087248165943,1.178137
1616941087256739484,1616941087258336606,1.181213
1616941087266907701,1616941087268511768,1.195632
1616941087277077800,1616941087278720828,1.251658
1616941087287247831,1616941087288853432,1.150529
1616941087297422947,1616941087298965217,1.130888
1616941087307622586,1616941087309142739,1.106251
1616941087317802011,1616941087319524869,1.32268
1616941087328025260,1616941087329669804,1.227207
1616941087338129885,1616941087339752478,1.222915
1616941087348304296,1616941087349958261,1.26091
1616941087358475369,1616941087360106761,1.227122
1616941087368693833,1616941087370385889,1.324657
1616941087378853253,1616941087380400825,1.089931
1616941087389028648,1616941087390640682,1.231968
1616941087399209682,1616941087400937315,1.283618
1616941087409442620,1616941087411093911,1.191088
1616941087419608428,1616941087421161403,1.088805
1616941087429842691,1616941087431413512,1.16816
1616941087440076661,1616941087441718282,1.240054
1616941087450241141,1616941087451806377,1.16152
1616941087460409611,1616941087462021635,1.219132
1616941087470580929,1616941087472204538,1.213121
1616941087480807184,1616941087482508959,1.699959
1616941087490977563,1616941087492662713,1.228205
1616941087501201262,1616941087502750867,1.147369
1616941087511440473,1616941087512991652,1.131756
1616941087521676744,1616941087523245119,1.176986
1616941087531897966,1616941087533502623,1.204925
1616941087542148969,1616941087543822179,1.287001
1616941087552387004,1616941087553970280,1.177695
1616941087562557644,1616941087564169890,1.220989
1616941087572784464,1616941087574394166,1.208911
1616941087582954294,1616941087584523198,1.161352
1616941087593177413,1616941087594750839,1.193826
1616941087603396266,1616941087604930327,1.148605
1616941087613616045,1616941087615202104,1.17389
1616941087623850310,1616941087625474317,1.223539
1616941087634023008,1616941087635934854,1.503124
1616941087644201663,1616941087645782490,1.126616
1616941087654377295,1616941087655975675,1.189853
1616941087664600767,1616941087666228186,1.169025
1616941087674709967,1616941087676314669,1.12982
1616941087684878636,1616941087686460414,1.234264
1616941087695098387,1616941087696770664,1.294523
1616941087705324883,1616941087706887027,1.160687
1616941087715538502,1616941087717101196,1.149358
1616941087725786927,1616941087727302494,1.125753
1616941087736010664,1616941087737489677,1.096103
1616941087746226413,1616941087747775987,1.142305
1616941087756444454,1616941087758075151,1.214013
1616941087766614071,1616941087768147832,1.159098
1616941087776788788,1616941087778311303,1.105531
1616941087786968637,1616941087788549205,1.178733
1616941087797188668,1616941087798774332,1.178405
1616941087807406325,1616941087809003366,1.188139
1616941087817624148,1616941087819229516,1.139407
1616941087827866231,1616941087829465336,1.18969
1616941087838089400,1616941087839641995,1.142238
1616941087848307952,1616941087849916681,1.209685
1616941087858476902,1616941087860037403,1.168371
1616941087868717485,1616941087870394934,1.305811
1616941087878894627,1616941087880477810,1.115193
1616941087889118610,1616941087890730051,1.226529
1616941087899346212,1616941087901002706,1.269338
1616941087909570719,1616941087911199009,1.170451
1616941087919761172,1616941087921339063,1.147504
1616941087929866608,1616941087931367161,1.038714
1616941087940089795,1616941087941649081,1.140349
1616941087950183183,1616941087951871781,1.294792
1616941087960336654,1616941087961913641,1.112355
1616941087970434418,1616941087972019488,1.122697
1616941087980668236,1616941087982189705,1.050444
1616941087990830395,1616941087992532314,1.302971
1616941088001052229,1616941088002719109,1.823666
1616941088011084796,1616941088012754242,1.27357
1616941088021318368,1616941088022900832,1.114592
1616941088031488726,1616941088033153789,1.276878
1616941088041653928,1616941088043171851,1.065849
1616941088051741045,1616941088053452541,1.276471
1616941088061776417,1616941088063446606,1.271699
1616941088071816080,1616941088073439981,1.179105
1616941088081919262,1616941088083579889,1.266328
1616941088092000847,1616941088093600253,1.196359
1616941088102105888,1616941088103766819,1.26707
1616941088112324051,1616941088114001498,1.237092
1616941088122445869,1616941088124084837,1.19203
1616941088132669905,1616941088134329353,1.206927
1616941088142696308,1616941088144212917,1.067729
1616941088152731142,1616941088154308871,1.105681
1616941088162918732,1616941088164414903,1.083366
1616941088172985964,1616941088174643903,1.287193
1616941088183153609,1616941088184793250,1.238719
1616941088193251962,1616941088194821622,1.109807
1616941088203272217,1616941088204871852,1.196729
1616941088213504163,1616941088215177089,1.21589
1616941088223541514,1616941088225147851,1.215142
1616941088233696921,1616941088235316280,1.226195
1616941088243794143,1616941088245449062,1.246933
1616941088253941217,1616941088255517089,1.155782
1616941088264039574,1616941088265547657,1.045034
1616941088274239107,1616941088275741159,1.033781
1616941088284458768,1616941088285910781,0.974388
1616941088294555731,1616941088296578230,1.952262
1616941088304775089,1616941088306287390,1.021757
1616941088314945552,1616941088316478797,1.089095
1616941088325106934,1616941088326709187,1.143232
1616941088335264282,1616941088336711736,0.968329
1616941088345427588,1616941088346874259,0.962
1616941088355656300,1616941088357110867,0.989074
1616941088365700908,1616941088367101774,0.930346
1616941088375877677,1616941088377332192,0.979732
1616941088385940067,1616941088387391872,0.97755
1616941088396158388,1616941088397640853,1.013423
1616941088406193785,1616941088407757039,1.0821
1616941088416419366,1616941088418030067,1.139936
1616941088426523900,1616941088428084396,1.163873
1616941088436776605,1616941088438349098,1.152975
1616941088446956383,1616941088448545546,1.174832
1616941088457128895,1616941088458756347,1.213913
1616941088467305450,1616941088468771267,0.99434
1616941088477479586,1616941088479063513,1.170281
1616941088487710756,1616941088489395881,1.262625
1616941088497929100,1616941088499435103,1.09302
1616941088508163925,1616941088509718850,1.129409
1616941088518333316,1616941088519872892,1.135353
1616941088528561473,1616941088530164119,1.214286
1616941088538735804,1616941088540300552,1.172461
1616941088548966008,1616941088550552650,1.17199
1616941088559199198,1616941088560716345,1.101512
1616941088569416511,1616941088570951967,1.1264
1616941088579646420,1616941088581148911,1.095188
1616941088589883549,1616941088591420661,1.129766
1616941088600102069,1616941088601706903,1.205011
1616941088610270555,1616941088611825122,1.083607
1616941088620496462,1616941088621979733,1.080058
1616941088630680245,1616941088632259069,1.169961
1616941088640901226,1616941088642402089,1.083532
1616941088651120516,1616941088652681224,1.146127
1616941088661345056,1616941088662969967,1.221565
1616941088671562422,1616941088673088174,1.120307
1616941088681811865,1616941088683328956,1.113017
1616941088692031032,1616941088693514623,1.080919
1616941088702225021,1616941088703730729,1.096266
1616941088712441869,1616941088713904588,1.034203
1616941088722611422,1616941088724124406,1.11971
1616941088732825138,1616941088734411284,1.159539
1616941088743068302,1616941088744604209,1.158333
1616941088753315616,1616941088754858700,1.133163
1616941088763536583,1616941088765098970,1.180542
1616941088773754510,1616941088775346087,1.193503
1616941088783971617,1616941088785500948,1.103789
1616941088794216249,1616941088795776991,1.146947
1616941088804456913,1616941088806112971,1.292089
1616941088814625488,1616941088816215995,1.12753
1616941088824846811,1616941088826417978,1.169501
1616941088835076204,1616941088836559234,1.074181
1616941088845295879,1616941088846776289,1.074044
1616941088855515771,1616941088857115993,1.197391
1616941088865732996,1616941088867258790,1.111851
1616941088875955164,1616941088877638082,1.243096
1616941088886198917,1616941088887892393,1.238046
1616941088896409935,1616941088898050224,1.19844
1616941088906533621,1616941088908190543,1.24748
1616941088916751804,1616941088918455124,1.371706
1616941088926916850,1616941088928546486,1.215575
1616941088937090129,1616941088938864228,1.374055
1616941088947256831,1616941088948837554,1.123808
1616941088957424295,1616941088958967809,1.06679
1616941088967595407,1616941088969160042,1.166552
1616941088977758970,1616941088979483436,1.324219
1616941088987973139,1616941088989664148,1.29214
1616941088998223397,1616941088999894748,1.267615
1616941089008456042,1616941089010086888,1.197919
1616941089018629742,1616941089020232547,1.23242
1616941089028850239,1616941089030532913,1.293775
1616941089039068846,1616941089040648851,1.173562
1616941089049291874,1616941089050877437,1.192831
1616941089059514444,1616941089061130886,1.23757
1616941089069732298,1616941089071286481,1.158859
1616941089079914000,1616941089081627639,1.316155
1616941089090145408,1616941089092218174,1.708931
1616941089100367055,1616941089101887508,1.068491
1616941089110482878,1616941089111997805,1.05618
1616941089120700495,1616941089122284804,1.183446
1616941089130865156,1616941089132412818,1.173991
1616941089141092746,1616941089142640975,1.140137
1616941089151329362,1616941089152896997,1.154231
1616941089161554879,1616941089163122946,1.149895
1616941089171726782,1616941089173233625,1.034484
1616941089181960290,1616941089183524646,1.177426
1616941089192185229,1616941089193792985,1.220137
1616941089202363652,1616941089204020637,1.24814
1616941089212534553,1616941089214176309,1.226279
1616941089222650809,1616941089224157450,1.041613
1616941089232883311,1616941089234563853,1.299025
1616941089243105747,1616941089244695250,1.181213
1616941089253338847,1616941089254959707,1.212857
1616941089263570315,1616941089265103342,1.13785
1616941089273790374,1616941089275384525,1.149934
1616941089284005016,1616941089285574117,1.06893
1616941089294176097,1616941089295769260,1.220399
1616941089304401153,1616941089306034042,1.230619
1616941089314486390,1616941089316074311,1.193918
1616941089324594109,1616941089326089485,1.017391
1616941089334772853,1616941089336403866,1.211857
1616941089344950235,1616941089346613763,1.281126
1616941089355127921,1616941089356733006,1.229574
1616941089365303954,1616941089366921422,1.229494
1616941089375484739,1616941089377040739,1.147326
1616941089385662411,1616941089387269508,1.231209
1616941089395838945,1616941089397446808,1.197279
1616941089406015953,1616941089407715140,1.243936
1616941089416195918,1616941089417726248,1.099455
1616941089426313618,1616941089427820206,1.061574
1616941089436475485,1616941089438012955,1.077373
1616941089446599841,1616941089448200736,1.170452
1616941089456844915,1616941089458375221,1.068932
1616941089467007028,1616941089468601297,1.162894
1616941089477228359,1616941089478797694,1.108174
1616941089487458050,1616941089489011032,1.117059
1616941089497645535,1616941089499199400,1.080544
1616941089507874728,1616941089509480099,1.180415
1616941089518077646,1616941089519576057,1.020334
1616941089528325305,1616941089529937759,1.161604
1616941089538450490,1616941089540040168,1.138268
1616941089548673269,1616941089550266291,1.159812
1616941089558842517,1616941089560421590,1.156829
1616941089569063491,1616941089570625662,1.1588
1616941089579301827,1616941089580822506,1.110432
1616941089589521927,1616941089591115053,1.195996
1616941089599739905,1616941089601216008,1.002535
1616941089609984384,1616941089611503598,1.108636
1616941089620151311,1616941089621689410,1.11876
1616941089630321402,1616941089631759372,1.024632
1616941089640485754,1616941089642057818,1.167502
1616941089650663291,1616941089652178435,1.106514
1616941089660891145,1616941089662419821,1.14425
1616941089671048553,1616941089672664406,1.223167
1616941089681269812,1616941089682857678,1.177142
1616941089691488953,1616941089693003346,1.103852
1616941089701670811,1616941089703267477,1.179865
1616941089711844623,1616941089713321803,1.465459
1616941089721983044,1616941089723483677,1.015559
1616941089732086536,1616941089733602752,1.05997
1616941089742221932,1616941089743850128,1.172442
1616941089752319359,1616941089753860189,1.025592
1616941089762345895,1616941089763908016,1.153094
1616941089772366376,1616941089773949548,1.130738
1616941089782404649,1616941089784029145,1.219884
1616941089792506701,1616941089794088535,1.175626
1616941089802560842,1616941089804082744,1.055817
1616941089812786455,1616941089814390195,1.150558
1616941089822892550,1616941089824498242,1.145679
1616941089833109964,1616941089834698852,1.128504
1616941089843208689,1616941089844785866,1.186303
1616941089853431655,1616941089854931042,1.0198
1616941089863603073,1616941089865079987,0.972047
1616941089873705391,1616941089875240577,1.037264
1616941089883932541,1616941089885472824,1.064422
1616941089894156169,1616941089896052027,1.535736
1616941089904318262,1616941089905839228,1.151566
1616941089914381769,1616941089915927475,1.077143
1616941089924609069,1616941089926201910,1.140461
1616941089934710806,1616941089936198606,1.013416
1616941089944936350,1616941089946606221,1.232784
1616941089955154465,1616941089956746405,1.126038
1616941089965324558,1616941089966845175,1.01956
1616941089975484186,1616941089977007310,1.044884
1616941089985590703,1616941089987009285,0.914047
1616941089995763715,1616941089997154345,0.927525
1616941090005987344,1616941090007424177,0.958203
1616941090016104778,1616941090017568513,0.992196
1616941090026221358,1616941090027623537,0.905091
1616941090036371975,1616941090037740167,0.910723
1616941090046528079,1616941090047986512,0.974783
1616941090056629655,1616941090058126722,1.016509
1616941090066720032,1616941090068107093,0.91821
1616941090076941760,1616941090078528196,1.149969
1616941090087046526,1616941090088543992,1.094175
1616941090097215600,1616941090098747626,1.067698
1616941090107425338,1616941090109003775,1.169103
1616941090117525112,1616941090119130149,1.13703
1616941090127618056,1616941090129222093,1.183603
1616941090137763500,1616941090139351430,1.122049
1616941090147867114,1616941090149531988,1.209801
1616941090157996771,1616941090159611349,1.165783
1616941090168217328,1616941090169838754,1.216052
1616941090178340779,1616941090180000745,1.258746
1616941090188559761,1616941090190149512,1.172024
1616941090198741222,1616941090200309249,1.131642
1616941090208971540,1616941090210554835,1.139763
1616941090219143812,1616941090220693931,1.171949
1616941090229321284,1616941090230852500,1.119458
1616941090239502394,1616941090241079490,1.111916
1616941090249631288,1616941090253095961,3.077814
1616941090259807649,1616941090261211319,0.982154
1616941090270029497,1616941090271692280,1.203759
1616941090280271795,1616941090281747034,0.968864
1616941090290406629,1616941090291937039,1.027091
1616941090300579457,1616941090302132500,1.062456
1616941090310769180,1616941090312343104,1.181079
1616941090320900484,1616941090322443348,1.138528
1616941090331021314,1616941090332547828,1.074849
1616941090341235071,1616941090342846388,1.140842
1616941090351451554,1616941090353021299,1.118752
1616941090361668274,1616941090363184208,1.057215
1616941090371887587,1616941090373444092,1.095397
1616941090382083473,1616941090383595673,1.050488
1616941090392206793,1616941090393799753,1.136291
1616941090402429996,1616941090404006019,1.108065
1616941090412548875,1616941090414155591,1.154347
1616941090422651678,1616941090424319897,1.215214
1616941090432796091,1616941090434429229,1.208891
1616941090442954957,1616941090444677814,1.293397
1616941090453155530,1616941090454869266,1.266114
1616941090463308972,1616941090464912805,1.134312
1616941090473525187,1616941090475005618,0.997045
1616941090483695016,1616941090485198516,1.052681
1616941090493858964,1616941090495490622,1.1789
1616941090503991202,1616941090505662498,1.230233
1616941090514178964,1616941090515865815,1.254871
1616941090524302890,1616941090526082705,1.333377
1616941090534415119,1616941090536113774,1.27114
1616941090544631359,1616941090546266553,1.212348
1616941090554794457,1616941090556401110,1.15206
1616941090564955697,1616941090566597887,1.224197
1616941090575193259,1616941090576755158,1.098347
1616941090585422152,1616941090586948153,1.129858
1616941090595649855,1616941090597197939,1.079245
1616941090605903335,1616941090607485461,1.176537
1616941090616074480,1616941090617609227,1.071908
1616941090626252857,1616941090627898180,1.202574
1616941090636475809,1616941090638065756,1.140846
1616941090646654493,1616941090648229850,1.121715
1616941090656883546,1616941090658426403,1.095272
1616941090667065566,1616941090668689805,1.240526
1616941090677192316,1616941090678773138,1.123315
1616941090687311442,1616941090688985615,1.850703
1616941090697365116,1616941090698942613,1.174999
1616941090707575118,1616941090709127247,1.15253
1616941090717793120,1616941090719333865,1.137626
1616941090728015225,1616941090729598655,1.175907
1616941090738159749,1616941090739670931,1.090893
1616941090748386525,1616941090749886209,1.108993
1616941090758560250,1616941090760120939,1.150422
1616941090768733478,1616941090770271963,1.12449
1616941090778864301,1616941090780503489,1.231967
1616941090788981101,1616941090790630356,1.199703
1616941090799102291,1616941090800724111,1.14834
1616941090809226523,1616941090810801330,1.113611
1616941090819346686,1616941090820970849,1.164682
1616941090829507114,1616941090831028758,1.063385
1616941090839667095,1616941090841232472,1.083829
1616941090849825720,1616941090851377880,1.101272
1616941090859979109,1616941090861531277,1.156757
1616941090870146277,1616941090871763592,1.170911
1616941090880316612,1616941090881891986,1.135373
1616941090890432022,1616941090892035446,1.149909
1616941090900653103,1616941090902219838,1.191167
1616941090910776573,1616941090912345321,1.088288
1616941090920894429,1616941090922519347,1.207433
1616941090931019570,1616941090932586312,1.149267
1616941090941242108,1616941090942775577,1.049954
1616941090951416611,1616941090952972111,1.210305
1616941090961629680,1616941090963206462,1.189468
1616941090971867689,1616941090973548236,1.273457
1616941090982063672,1616941090983665450,1.202968
1616941090992230631,1616941090993712871,1.022659
1616941091002395901,1616941091003883947,1.068892
1616941091012637846,1616941091014303251,1.227825
1616941091022801737,1616941091024369799,1.207288
1616941091033045684,1616941091034669112,1.228991
1616941091043274858,1616941091044790907,1.106742
1616941091053505262,1616941091055041860,1.145261
1616941091063737743,1616941091065333399,1.214859
1616941091073979103,1616941091075572203,1.198059
1616941091084216444,1616941091085852746,1.244999
1616941091094436820,1616941091096125671,1.299014
1616941091104657691,1616941091106376543,1.313124
1616941091114827009,1616941091116482815,1.27514
1616941091125051582,1616941091126670119,1.222469
1616941091135273513,1616941091136897337,1.241439
1616941091145509123,1616941091147067242,1.157226
1616941091155755900,1616941091157323173,1.184055
1616941091165988702,1616941091167649615,1.256253
1616941091176145087,1616941091177987048,1.480161
1616941091186323590,1616941091187800583,0.994401
1616941091196443716,1616941091202112298,5.315429
1616941091206560461,1616941091208022721,0.978748
1616941091216779276,1616941091218230131,0.98543
1616941091226930911,1616941091228455418,1.069204
1616941091237053455,1616941091238610807,1.122308
1616941091247220449,1616941091248764275,1.081384
1616941091257395740,1616941091258934104,1.124001
1616941091267571745,1616941091269064965,1.024343
1616941091277730211,1616941091279214252,1.021705
1616941091287843807,1616941091289376118,1.094433
1616941091297950947,1616941091299538363,1.163496
1616941091308115877,1616941091309657151,1.074314
1616941091318254022,1616941091319898896,1.184663
1616941091328440853,1616941091330005944,1.097787
1616941091338553728,1616941091340130587,1.11109
1616941091348724504,1616941091350344015,1.162752
1616941091358880938,1616941091360505212,1.168244
1616941091369054496,1616941091370707429,1.18602
1616941091379216784,1616941091380785630,1.132185
1616941091389379872,1616941091390934510,1.102058
1616941091399489469,1616941091400991471,1.042482
1616941091409595813,1616941091411123510,1.053343
1616941091419753919,1616941091421236880,1.079505
1616941091429976833,1616941091431460528,1.065121
1616941091440189788,1616941091441725059,1.117389
1616941091450355186,1616941091451854685,1.035122
1616941091460540678,1616941091462087056,1.1413
1616941091470705881,1616941091472605975,1.418722
1616941091481142894,1616941091482656496,1.045163
1616941091491302624,1616941091493194327,1.593813
1616941091501458087,1616941091502990879,1.07898
1616941091511560670,1616941091513067714,1.041234
1616941091521785565,1616941091523389682,1.188867
1616941091531862710,1616941091533523292,1.218198
1616941091541931584,1616941091543554295,1.156439
1616941091552027093,1616941091553555222,1.062137
1616941091562110824,1616941091563592199,0.998102
1616941091572219887,1616941091573758282,1.106913
1616941091582329204,1616941091583775051,0.98846
1616941091592472706,1616941091594017644,1.082773
1616941091602519417,1616941091604071030,1.076552
1616941091612742981,1616941091614293438,1.093431
1616941091622833190,1616941091624331116,1.060313
1616941091632886037,1616941091634513004,1.228719
1616941091643068722,1616941091644667497,1.152642
1616941091653238126,1616941091654836280,1.114362
1616941091663331627,1616941091664822555,1.016757
1616941091673432943,1616941091674986602,1.085255
1616941091683535028,1616941091685110437,1.112109
1616941091693756374,1616941091695328023,1.11851
1616941091703977517,1616941091705576697,1.153515
1616941091714140002,1616941091715694577,1.094078
1616941091724370632,1616941091725876315,1.049819
1616941091734502155,1616941091736013753,1.051184
1616941091744660768,1616941091746244533,1.12918
1616941091754843888,1616941091756385348,1.090973
1616941091765063783,1616941091766629519,1.142855
1616941091775232085,1616941091776810417,1.13006
1616941091785448410,1616941091787041599,1.142776
1616941091795546680,1616941091797133685,1.114915
1616941091805645459,1616941091807251037,1.148447
1616941091815869615,1616941091817438947,1.115236
1616941091825972535,1616941091827618209,1.181662
1616941091836141794,1616941091837686742,1.094747
1616941091846245577,1616941091847868762,1.175754
1616941091856381857,1616941091857989099,1.158758
1616941091866496650,1616941091868012000,1.039917
1616941091876675752,1616941091878164398,1.034871
1616941091886779720,1616941091888383294,1.145927
1616941091896972859,1616941091898635819,1.247829
1616941091907148102,1616941091908863004,1.313377
1616941091917322554,1616941091918873369,1.086283
1616941091927492994,1616941091929026410,1.136499
1616941091937718294,1616941091939354025,1.187961
1616941091947946135,1616941091949507720,1.152917
1616941091958177524,1616941091959786331,1.191104
1616941091968402353,1616941091970108000,1.251745
1616941091978578376,1616941091980281879,1.246092
1616941091988793562,1616941091990444547,1.239094
1616941091998912013,1616941092000644856,1.276503
1616941092009138697,1616941092010692954,1.106201
1616941092019261380,1616941092020976539,1.256479
1616941092029473436,1616941092031045228,1.11589
1616941092039698500,1616941092041434657,1.270592
1616941092049910959,1616941092051503754,1.130748
1616941092060078542,1616941092061698278,1.15816
1616941092070229163,1616941092071936464,1.264716
1616941092080419270,1616941092082064636,1.234852
1616941092090634981,1616941092092321368,1.288628
1616941092100848250,1616941092102446681,1.241862
1616941092111060958,1616941092112661387,1.19104
1616941092121285001,1616941092122846804,1.094366
1616941092131448502,1616941092133108041,1.257188
1616941092141687516,1616941092143317559,1.22473
1616941092151915378,1616941092153514924,1.203851
1616941092162142250,1616941092163741204,1.204344
1616941092172362363,1616941092174014380,1.196514
1616941092182532342,1616941092184193552,1.253702
1616941092192754589,1616941092194406137,1.253743
1616941092202981293,1616941092204556079,1.175421
1616941092213218022,1616941092214906214,1.234355
1616941092223463895,1616941092225100461,1.243707
1616941092233702736,1616941092235275149,1.17702
1616941092243935494,1616941092245618692,1.299699
1616941092254172226,1616941092255725074,1.161986
1616941092264390286,1616941092265921278,1.123533
1616941092274559604,1616941092276194981,1.261537
1616941092284811368,1616941092286908004,1.773963
1616941092294870227,1616941092296392133,1.116107
1616941092305090776,1616941092306705384,1.222807
1616941092315319052,1616941092316911851,1.196076
1616941092325558775,1616941092327078743,1.10625
1616941092335790354,1616941092337379535,1.164773
1616941092346079313,1616941092347663951,1.139381
1616941092356313523,1616941092357870143,1.099266
1616941092366484800,1616941092368024907,1.087096
1616941092376706350,1616941092378185870,1.076718
1616941092386886420,1616941092388485189,1.219677
1616941092397113369,1616941092398704499,1.167007
1616941092407336844,1616941092408792766,1.066998
1616941092417574304,1616941092419115673,1.171313
1616941092427816412,1616941092429527903,1.324581
1616941092438035717,1616941092439627252,1.194346
1616941092448268598,1616941092449758973,1.084721
1616941092458439647,1616941092460013077,1.176827
1616941092468658099,1616941092470246076,1.19707
1616941092478829179,1616941092480368718,1.150849
1616941092489002443,1616941092490570869,1.199888
1616941092499223451,1616941092500727366,1.126364
1616941092509443666,1616941092511043927,1.149574
1616941092519660076,1616941092521142471,1.094051
1616941092529894531,1616941092531556051,1.254571
1616941092540113568,1616941092541733101,1.227895
1616941092550336941,1616941092552004739,1.290762
1616941092560558719,1616941092562109420,1.194033
1616941092570728944,1616941092572256298,1.123626
1616941092580962917,1616941092582515777,1.147871
1616941092591218567,1616941092592769641,1.140133
1616941092601438526,1616941092602930985,1.036772
1616941092611656240,1616941092613197867,1.133417
1616941092621878115,1616941092623407595,1.127375
1616941092632097823,1616941092633568745,1.078014
1616941092642268100,1616941092643738416,1.068321
1616941092652504973,1616941092653994623,1.074294
1616941092662687407,1616941092664200759,1.113113
1616941092672910917,1616941092674516912,1.236569
1616941092683144808,1616941092684650401,1.117894
1616941092693386915,1616941092694931269,1.142578
1616941092703609102,1616941092705154552,1.294507
1616941092713827323,1616941092715388258,1.174069
1616941092724045917,1616941092725558389,1.118897
1616941092734192092,1616941092735663947,1.107699
1616941092744415247,1616941092745942045,1.145688
1616941092754584157,1616941092756061051,1.088615
1616941092764812207,1616941092766218174,1.052807
1616941092775036794,1616941092776495531,1.236047
1616941092785254832,1616941092786807387,1.159749
1616941092795496750,1616941092797111732,1.214053
1616941092805730025,1616941092807244520,1.139007
1616941092815958121,1616941092817506398,1.104397
1616941092826165260,1616941092827779775,1.215037
1616941092836382413,1616941092838021375,1.238483
1616941092846551942,1616941092848076165,1.069541
1616941092856774175,1616941092858244070,1.065311
1616941092866969685,1616941092868510555,1.132935
1616941092877129793,1616941092878644914,1.128833
1616941092887350258,1616941092888842636,1.096711
1616941092897568596,1616941092899077400,1.128478
1616941092907790969,1616941092909321110,1.120186
1616941092918008805,1616941092919517102,1.100949
1616941092928248041,1616941092929689419,1.061983
1616941092938371777,1616941092939845329,1.096057
1616941092948595822,1616941092950071548,1.08574
1616941092958770034,1616941092960230064,1.03486
1616941092968989112,1616941092970437822,1.11445
1616941092979229300,1616941092980733651,1.108847
1616941092989450491,1616941092990943779,1.096711
1616941092999668668,1616941093001171735,1.113039
1616941093009888066,1616941093011348464,1.053154
1616941093020106391,1616941093021614507,1.112942
1616941093030229568,1616941093031752204,1.121786
1616941093040449484,1616941093041951195,1.108547
1616941093050620772,1616941093052119280,1.104132
1616941093060793860,1616941093062408644,1.225393
1616941093071015048,1616941093072595338,1.158815
1616941093081233310,1616941093083196214,1.830833
1616941093091335402,1616941093092859861,1.141539
1616941093101558480,1616941093103033677,1.076494
1616941093111730744,1616941093113217336,1.087717
1616941093121950233,1616941093123473605,1.131403
1616941093132134981,1616941093133571474,1.022916
1616941093142252378,1616941093143662602,0.996999
1616941093152488265,1616941093154055366,1.15482
1616941093162624730,1616941093164162693,1.139855
1616941093172843689,1616941093174302351,1.042522
1616941093183060427,1616941093184488666,1.032425
1616941093193293079,1616941093194797283,1.12109
1616941093203517254,1616941093204987538,1.055163
1616941093213744167,1616941093215158464,1.028898
1616941093223986766,1616941093225501790,1.11896
1616941093234177006,1616941093235600437,1.040906
1616941093244398335,1616941093246569805,1.780737
1616941093254570439,1616941093256058236,1.081818
1616941093264601981,1616941093265991605,1.038971
1616941093274765568,1616941093276138073,1.016829
1616941093284999633,1616941093286376387,0.958123
1616941093295227115,1616941093296643479,0.973825
1616941093305407294,1616941093306868993,1.002439
1616941093315642167,1616941093317087801,1.001338
1616941093325769644,1616941093327154034,0.987204
1616941093335992394,1616941093337399097,0.986011
1616941093346179134,1616941093347667481,1.024229
1616941093356398377,1616941093357850145,0.99886
1616941093366504394,1616941093367916976,1.015877
1616941093376614094,1616941093378018014,1.030847
1616941093386770961,1616941093388158000,0.952761
1616941093396814383,1616941093398273660,0.989474
1616941093406935047,1616941093408404062,0.978388
1616941093417046378,1616941093418617949,1.142184
1616941093427115520,1616941093428580517,0.994592
1616941093437306000,1616941093438785039,1.010932
1616941093447417925,1616941093448908939,1.01045
1616941093457639280,1616941093459121817,0.993746
1616941093467740396,1616941093469197169,0.99172
1616941093477793358,1616941093479294649,1.053202
1616941093488007507,1616941093489489345,1.025439
1616941093498186263,1616941093499728907,1.094951
1616941093508243340,1616941093509748573,1.052667
1616941093518442725,1616941093519951160,1.074765
1616941093528536151,1616941093530035617,1.036932
1616941093538656194,1616941093540202004,1.081579
1616941093548807812,1616941093550290334,1.00711
1616941093559028598,1616941093560559516,1.096221
1616941093569253421,1616941093570750286,1.043558
1616941093579481741,1616941093581015452,1.075379
1616941093589518841,1616941093591123034,1.169519
1616941093599669347,1616941093601171187,1.096294
1616941093609765763,1616941093611288388,1.070127
1616941093619943360,1616941093621456219,1.050599
1616941093629970039,1616941093631517343,1.152037
1616941093640058451,1616941093641608490,1.092067
1616941093650195148,1616941093651798022,1.154824
1616941093660294860,1616941093661849424,1.092028
1616941093670410599,1616941093671954279,1.080387
1616941093680446233,1616941093681954811,1.04655
1616941093690569609,1616941093692045786,1.006111
1616941093700779975,1616941093702280477,1.044022
1616941093710926851,1616941093712448446,1.063659
1616941093721090521,1616941093722643425,1.107556
1616941093731315203,1616941093732865119,1.099118
1616941093741421108,1616941093742917349,1.363993
1616941093751458095,1616941093752950396,1.094835
1616941093761569066,1616941093763100819,1.072164
1616941093771723912,1616941093773149074,0.973713
1616941093781950355,1616941093783457410,1.062179
1616941093792130678,1616941093793656717,1.078632
1616941093802196429,1616941093803734669,1.139313
1616941093812216650,1616941093813791535,1.196959
1616941093822336514,1616941093823866178,1.147865
1616941093832360571,1616941093833933645,1.136264
1616941093842462176,1616941093843976847,1.123777
1616941093852638759,1616941093854192606,1.171167
1616941093862765533,1616941093864399199,1.246269
1616941093872967886,1616941093874961352,1.750932
1616941093883004419,1616941093884480510,1.083973
1616941093893226676,1616941093894720780,1.114328
1616941093903460742,1616941093905009970,1.165882
1616941093913682098,1616941093915196128,1.117115
1616941093923920878,1616941093925420457,1.106836
1616941093934162461,1616941093935683277,1.112734
1616941093944341121,1616941093945868002,1.130454
1616941093954521049,1616941093956037135,1.131626
1616941093964678531,1616941093966179088,1.065409
1616941093974783908,1616941093976262498,1.048888
1616941093984998892,1616941093986668695,1.298412
1616941093995221800,1616941093996857890,1.239059
1616941094005443762,1616941094007181642,1.338314
1616941094015679657,1616941094017259178,1.201497
1616941094025922207,1616941094027585769,1.264156
1616941094036143765,1616941094037644394,1.061851
1616941094046312505,1616941094047828423,1.113577
1616941094056485847,1616941094057990550,1.101286
1616941094066655164,1616941094068166462,1.109917
1616941094076830950,1616941094078361967,1.097098
1616941094087005441,1616941094088515400,1.022017
1616941094097115033,1616941094098649548,1.059018
1616941094107231036,1616941094108718288,1.023256
1616941094117454794,1616941094118929932,1.01156
1616941094127674271,1616941094129153684,1.086551
1616941094137907041,1616941094139437636,1.129676
1616941094148085555,1616941094149625773,1.159597
1616941094158201909,1616941094159689014,1.084381
1616941094168378684,1616941094169867691,1.126572
1616941094178553066,1616941094180117956,1.097199
1616941094188729093,1616941094190235954,1.11233
1616941094198946707,1616941094200450822,1.113567
1616941094209060039,1616941094210530398,1.084306
1616941094219279131,1616941094220756548,1.093458
1616941094229452468,1616941094230938206,1.066814
1616941094239623083,1616941094241118691,1.085384
1616941094249855934,1616941094251375427,1.113572
1616941094260080721,1616941094261620428,1.141017
1616941094270179358,1616941094271813693,1.247377
1616941094280405263,1616941094281934065,1.124508
1616941094290527434,1616941094292092146,1.181613
1616941094300642395,1616941094302219804,1.214221
1616941094310792309,1616941094312377750,1.23327
1616941094321018603,1616941094322609394,1.142871
1616941094331189600,1616941094332804006,1.167876
1616941094341299220,1616941094342862264,1.099445
1616941094351540419,1616941094353091275,1.147036
1616941094361721765,1616941094363157907,1.02897
1616941094371893695,1616941094373355411,1.070709
1616941094382123847,1616941094383581124,1.073227
1616941094392359028,1616941094393964757,1.218369
1616941094402524695,1616941094404142315,1.242846
1616941094412751706,1616941094414369435,1.226752
1616941094422925912,1616941094424464514,1.0936
1616941094433163787,1616941094434623752,1.068118
1616941094443334028,1616941094444764948,1.043909
1616941094453567338,1616941094455099252,1.128258
1616941094463809293,1616941094465279242,1.070485
1616941094474028713,1616941094475558437,1.123235
1616941094484262176,1616941094485835917,1.180096
1616941094494427583,1616941094495928671,1.11697
1616941094504598813,1616941094506103699,1.127157
1616941094514767359,1616941094516236635,1.093773
1616941094524984183,1616941094526447541,1.108468
1616941094535146423,1616941094536605574,1.049317
1616941094545315783,1616941094546835504,1.156809
1616941094555538201,1616941094557026387,1.101767
1616941094565756813,1616941094567228654,1.073194
1616941094575974945,1616941094577527828,1.105901
1616941094586223834,1616941094587747326,1.127317
1616941094596450344,1616941094597929302,1.084626
1616941094606578938,1616941094608149149,1.128498
1616941094616703579,1616941094618206309,1.043931
1616941094626871540,1616941094628338643,1.062549
1616941094637033972,1616941094638572685,1.105753
1616941094647189616,1616941094648664215,1.003854
1616941094657290055,1616941094658753839,0.996061
1616941094667465060,1616941094668948046,1.02711
1616941094677683211,1616941094679290020,1.502378
1616941094687901515,1616941094689396809,1.037314
1616941094698094255,1616941094699518350,1.029184
1616941094708267517,1616941094709756847,1.039228
1616941094718389936,1616941094719839259,1.044689
1616941094728647811,1616941094730138195,1.086934
1616941094738822786,1616941094740285562,1.003549
1616941094748990077,1616941094750535271,1.159973
1616941094759160898,1616941094760685619,1.132373
1616941094769338734,1616941094770798150,1.047567
1616941094779446518,1616941094780927632,1.093661
1616941094789565571,1616941094791020557,1.009293
1616941094799790007,1616941094801264313,1.13221
1616941094810009541,1616941094811500293,1.089806
1616941094820235307,1616941094821724852,1.085296
1616941094830357847,1616941094831824375,1.06359
1616941094840590244,1616941094841976746,1.035049
1616941094850765148,1616941094852233887,1.062021
1616941094860938227,1616941094862414223,1.06763
1616941094871161403,1616941094872558535,0.983661
1616941094881386225,1616941094882828241,1.047682
1616941094891611023,1616941094893040782,1.024384
1616941094901845227,1616941094903352409,1.110561
1616941094911974880,1616941094913428708,1.066413
1616941094922162112,1616941094923663614,1.114955
1616941094932393913,1616941094933885819,1.101165
1616941094942510304,1616941094943968667,1.068831
1616941094952731887,1616941094954879249,1.67114
1616941094962779741,1616941094964279445,1.052243
1616941094973012871,1616941094974589284,1.145264
1616941094983115686,1616941094984598205,1.080931
1616941094993274780,1616941094994818280,1.087469
1616941095003437877,1616941095004946912,1.048639
1616941095013614241,1616941095015129450,1.058437
1616941095023786134,1616941095025285226,1.042483
1616941095034012330,1616941095035545517,1.079006
1616941095044112319,1616941095045640033,1.06817
1616941095054216712,1616941095055682795,0.994696
1616941095064317864,1616941095065780789,1.010053
1616941095074443005,1616941095075896249,1.040138
1616941095084666853,1616941095086133990,0.996264
1616941095094825541,1616941095096271758,1.002286
1616941095105001110,1616941095106558838,1.115038
1616941095115221159,1616941095116758573,1.072491
1616941095125253668,1616941095126735904,1.052428
1616941095135417099,1616941095136913251,1.047467
1616941095145636349,1616941095147112170,1.001584
1616941095155855693,1616941095157357834,1.04447
1616941095166008062,1616941095167512207,1.038377
1616941095176111826,1616941095177675010,1.105514
1616941095186240397,1616941095187850229,1.156493
1616941095196464081,1616941095198091271,1.15691
1616941095206634228,1616941095208121359,1.040759
1616941095216772350,1616941095218267778,1.034604
1616941095226925329,1616941095228371996,0.99323
1616941095237027697,1616941095238608776,1.125414
1616941095247197975,1616941095248791351,1.155181
1616941095257307800,1616941095258756363,1.008682
1616941095267491318,1616941095268979325,1.017905
1616941095277589070,1616941095279102672,1.047901
1616941095287779815,1616941095289235199,1.006897
1616941095297823469,1616941095299350834,1.068368
1616941095307983011,1616941095309480259,1.042107
1616941095318159133,1616941095319769411,1.167843
1616941095328382708,1616941095329969805,1.130955
1616941095338489662,1616941095340075205,1.114494
1616941095348668706,1616941095350232591,1.096374
1616941095358766023,1616941095360344272,1.112603
1616941095368865195,1616941095370386477,1.052733
1616941095378963120,1616941095380546793,1.140949
1616941095389165731,1616941095390708447,1.080496
1616941095399259309,1616941095400799917,1.048237
1616941095409414670,1616941095410934187,1.047585
1616941095419576586,1616941095421059677,0.973417
1616941095429687220,1616941095431244009,1.064746
1616941095439789510,1616941095441412010,1.127594
1616941095449909577,1616941095451428799,1.031616
1616941095460073135,1616941095461566679,1.091265
1616941095470196479,1616941095474769198,4.130427
1616941095480424337,1616941095481917904,1.404698
1616941095490538733,1616941095492013495,1.017335
1616941095500757517,1616941095502244791,1.073909
1616941095510931746,1616941095512438802,1.13658
1616941095521099018,1616941095522577220,1.048937
1616941095531330544,1616941095532785822,1.045488
1616941095541561640,1616941095543055706,1.039941
1616941095551728815,1616941095553209582,1.053771
1616941095561900240,1616941095563442434,1.144178
1616941095572124479,1616941095573573268,1.072981
1616941095582295950,1616941095583793223,1.109464
1616941095592547010,1616941095594033996,1.106503
1616941095602718929,1616941095604399487,1.298946
1616941095612939322,1616941095614403737,1.028021
1616941095623106526,1616941095624584087,1.078711
1616941095633220821,1616941095634723499,1.062693
1616941095643397970,1616941095644839265,0.993479
1616941095653621492,1616941095655065967,0.998682
1616941095663807416,1616941095665303742,1.035223
1616941095673988470,1616941095675511351,1.092434
1616941095684216554,1616941095685748785,1.072384
1616941095694386243,1616941095695970438,1.198989
1616941095704616074,1616941095706094726,1.018105
1616941095714787961,1616941095716372322,1.20412
1616941095724975323,1616941095726450082,1.05395
1616941095735142590,1616941095736741796,1.209407
1616941095745307643,1616941095746853714,1.148822
1616941095755526400,1616941095757042024,1.122
1616941095765754515,1616941095767268540,1.109245
1616941095776002354,1616941095777459702,1.088028
1616941095786230497,1616941095787769199,1.140938
1616941095796453873,1616941095798042410,1.184809
1616941095806628329,1616941095808161273,1.058599
1616941095816761856,1616941095818337399,1.10363
1616941095826875273,1616941095828461958,1.136393
1616941095837045555,1616941095838597341,1.158613
1616941095847271208,1616941095848819844,1.187804
1616941095857393072,1616941095858949004,1.166655
1616941095867635091,1616941095869126087,1.113111
1616941095877852757,1616941095879387772,1.155268
1616941095888084012,1616941095889680506,1.216156
1616941095898184907,1616941095899782692,1.209512
1616941095908356559,1616941095909944974,1.185789
1616941095918472564,1616941095920020337,1.082336
1616941095928686621,1616941095930178504,1.085213
1616941095938904937,1616941095940398019,1.093291
1616941095949127412,1616941095950595371,1.070782
1616941095959299956,1616941095960757302,0.996414
1616941095969525762,1616941095971004105,1.018337
1616941095979745310,1616941095981223328,1.054963
1616941095989973319,1616941095991478135,1.04103
1616941096000193465,1616941096001734470,1.168563
1616941096010364586,1616941096011951664,1.152928
1616941096020583250,1616941096022126386,1.124422
1616941096030754472,1616941096032348460,1.257414
1616941096040985125,1616941096042569785,1.204211
1616941096051203473,1616941096052744837,1.151359
1616941096061420833,1616941096062907861,1.114461
1616941096071642798,1616941096073270714,1.215126
1616941096081804895,1616941096083400335,1.151359
1616941096091978504,1616941096093647918,1.275509
1616941096102182761,1616941096103681588,1.036069
1616941096112347113,1616941096113915115,1.098225
1616941096122473105,1616941096124039510,1.180502
1616941096132701224,1616941096134239647,1.08364
1616941096142822198,1616941096144268498,0.986393
1616941096152940084,1616941096154502090,1.192286
1616941096163162677,1616941096164672665,1.116164
1616941096173400824,1616941096174913077,1.121115
1616941096183588446,1616941096185073291,1.094617
1616941096193762915,1616941096195362710,1.203405
1616941096203932641,1616941096205471535,1.137316
1616941096214158799,1616941096215703307,1.10242
1616941096224387936,1616941096225902715,1.126868
1616941096234504429,1616941096235959226,1.068254
1616941096244672875,1616941096246170183,1.03533
1616941096254841835,1616941096256482884,1.291866
1616941096265064327,1616941096266763841,1.266885
1616941096275234824,1616941096276903294,1.299553
1616941096285412377,1616941096287064918,1.574356
1616941096295633705,1616941096297130119,1.047185
1616941096305812884,1616941096307310516,1.089697
1616941096316032960,1616941096317518153,1.076173
1616941096326238889,1616941096327738543,1.081745
1616941096336470584,1616941096337963137,1.119808
1616941096346641477,1616941096348256948,1.176881
1616941096356867621,1616941096358435731,1.127689
1616941096367094047,1616941096373476474,6.021419
1616941096377216118,1616941096378654106,1.01168
1616941096387440450,1616941096388876177,1.011263
1616941096397719221,1616941096399328992,1.23027
1616941096407988146,1616941096409525620,1.134844
1616941096418239767,1616941096419832612,1.135156
1616941096428476659,1616941096430033656,1.162531
1616941096438648338,1616941096440172642,1.105772
1616941096448867717,1616941096450350325,1.091148
1616941096459091346,1616941096460564064,1.080179
1616941096469307486,1616941096470769774,1.109783
1616941096479465117,1616941096480966762,1.104094
1616941096489620733,1616941096491051962,1.043887
1616941096499794114,1616941096501265551,1.103124
1616941096509916426,1616941096511432412,1.081547
1616941096520035144,1616941096521472927,0.973553
1616941096530154512,1616941096531640502,1.050222
1616941096540337536,1616941096541831769,1.043917
1616941096550444367,1616941096551923429,1.025871
1616941096560617625,1616941096562074166,1.018601
1616941096570739518,1616941096572250232,1.058559
1616941096580856296,1616941096582281505,0.976865
1616941096590960703,1616941096592406380,0.991717
1616941096601105795,1616941096602670554,1.116609
1616941096611263894,1616941096612750927,1.083623
1616941096621419488,1616941096622933920,1.053653
1616941096631600788,1616941096633157118,1.101321
1616941096641776960,1616941096643292103,1.099079
1616941096651950976,1616941096653437961,1.072588
1616941096662162512,1616941096663748360,1.204552
1616941096672381418,1616941096674028901,1.214246
1616941096682512131,1616941096684120984,1.596606
1616941096692681459,1616941096694294692,1.225933
1616941096702743124,1616941096704367778,1.294518
1616941096712993829,1616941096714678833,1.231385
1616941096723151938,1616941096724806700,1.269503
1616941096733194492,1616941096734769595,1.143011
1616941096743298316,1616941096745223011,1.493635
1616941096753395034,1616941096754968655,1.116411
1616941096763578254,1616941096765216764,1.194629
1616941096773752918,1616941096775305407,1.089139
1616941096783922448,1616941096785547363,1.178109
1616941096794094759,1616941096795591079,1.105692
1616941096804317902,1616941096805864758,1.093864
1616941096814385857,1616941096816090063,1.245638
1616941096824570684,1616941096826279172,1.248753
1616941096834669068,1616941096836327125,1.287245
1616941096844895033,1616941096846548241,1.240063
1616941096855048889,1616941096856678334,1.183989
1616941096865085420,1616941096866712293,1.179419
1616941096875256993,1616941096876835456,1.139774
1616941096885358570,1616941096888012099,2.269474
1616941096895456392,1616941096896919652,1.030987
1616941096905511344,1616941096907000018,1.027207
1616941096915730762,1616941096917522653,1.327732
1616941096925828073,1616941096927586455,1.318067
1616941096935985668,1616941096937516656,1.050668
1616941096946195836,1616941096947791548,1.163421
1616941096956267351,1616941096957840333,1.135985
1616941096966372160,1616941096968018313,1.197118
1616941096976525866,1616941096978040952,1.090191
1616941096986625839,1616941096988100483,1.004867
1616941096996672711,1616941096998198792,1.068128
1616941097006821870,1616941097008345846,1.117295
1616941097016867887,1616941097018435767,1.13039
1616941097027036623,1616941097028593715,1.089368
1616941097037214713,1616941097038800606,1.142242
1616941097047249335,1616941097048796740,1.101041
1616941097057406843,1616941097058923536,1.049245
1616941097067647918,1616941097069279649,1.228502
1616941097077869232,1616941097079423470,1.154907
1616941097088087007,1616941097090222087,2.005468
1616941097098244293,1616941097099885033,1.276287
1616941097108464983,1616941097110030542,1.188305
1616941097118635398,1616941097120191283,1.114993
1616941097128868433,1616941097130425389,1.173493
1616941097139091954,1616941097140674066,1.190722
1616941097149320674,1616941097150920686,1.167723
1616941097159539591,1616941097161147884,1.179595
1616941097169758468,1616941097171334526,1.179513
1616941097179976021,1616941097181694909,1.349143
1616941097190214365,1616941097191841853,1.25149
1616941097200389323,1616941097202032074,1.248684
1616941097210562553,1616941097212260337,1.315859
1616941097220784654,1616941097222382586,1.200575
1616941097231003495,1616941097232639451,1.230844
1616941097241222459,1616941097242854669,1.604856
1616941097251445065,1616941097253083986,1.17727
1616941097261665534,1616941097263221775,1.094659
1616941097271895899,1616941097273528260,1.217283
1616941097282122735,1616941097283740473,1.228644
1616941097292351127,1616941097293961327,1.214552
1616941097302520584,1616941097304182261,1.27906
1616941097312736011,1616941097314266276,1.133714
1616941097322928176,1616941097324490521,1.10544
1616941097333091955,1616941097334683859,1.198193
1616941097343257663,1616941097344795354,1.168926
1616941097353427124,1616941097354935076,1.09237
1616941097363650379,1616941097365176651,1.131929
1616941097373821872,1616941097375386016,1.161565
1616941097384053623,1616941097385573636,1.161999
1616941097394184380,1616941097395707883,1.146371
1616941097404416934,1616941097405945679,1.157975
1616941097414639909,1616941097416137427,1.120636
1616941097424858124,1616941097426340013,1.103415
1616941097435091632,1616941097436659598,1.203295
1616941097445312309,1616941097446843407,1.149795
1616941097455557879,1616941097457027724,1.092613
1616941097465786535,1616941097467264299,1.08107
1616941097476013965,1616941097477623390,1.220085
1616941097486242397,1616941097487805784,1.197799
1616941097496494513,1616941097498063717,1.169504
1616941097506685643,1616941097508262136,1.215387
1616941097516869162,1616941097518411604,1.15731
1616941097527036290,1616941097528540433,1.110735
1616941097537207679,1616941097538740982,1.129194
1616941097547379249,1616941097548943795,1.181043
1616941097557551521,1616941097559147821,1.193512
1616941097567726611,1616941097569304624,1.193334
1616941097577946983,1616941097579510689,1.163481
1616941097588182943,1616941097589802103,1.240266
1616941097598353798,1616941097599981237,1.244446
1616941097608518227,1616941097610087525,1.134109
1616941097618689179,1616941097620260108,1.197912
1616941097628907002,1616941097630629059,1.351075
1616941097639133702,1616941097640706438,1.169407
1616941097649353268,1616941097650920024,1.172419
1616941097659571350,1616941097661109189,1.145859
1616941097669794510,1616941097671403919,1.227468
1616941097680020103,1616941097681575469,1.15565
1616941097690224479,1616941097691826742,1.214606
1616941097700448080,1616941097702009144,1.171746
1616941097710618392,1616941097712214622,1.213639
1616941097720851383,1616941097722395663,1.141996
1616941097731074021,1616941097732673489,1.21248
1616941097741292584,1616941097742873993,1.52681
1616941097751511117,1616941097753103038,1.146459
1616941097761740390,1616941097763383331,1.273954
1616941097771913756,1616941097773483239,1.149547
1616941097782149402,1616941097783693243,1.13163
1616941097792386376,1616941097793966866,1.180526
1616941097802557442,1616941097804166036,1.197606
1616941097812792864,1616941097814444578,1.304959
1616941097823015197,1616941097824597229,1.194068
1616941097833263811,1616941097834860094,1.210796
1616941097843488730,1616941097845141837,1.270374
1616941097853709819,1616941097855329773,1.234871
1616941097863954620,1616941097865518524,1.165353
1616941097874185425,1616941097875904813,1.342223
1616941097884424751,1616941097886610401,1.932201
1616941097894585913,1616941097896199742,1.217066
1616941097904815659,1616941097906412858,1.202697
1616941097914976716,1616941097916478730,1.05872
1616941097925196118,1616941097926663940,1.110421
1616941097935417515,1616941097936964963,1.19265
1616941097945646562,1616941097947181918,1.158337
1616941097955868160,1616941097957431735,1.111613
1616941097966089782,1616941097967643390,1.078807
1616941097976306896,1616941097977915316,1.16064
1616941097986479238,1616941097988042214,1.114145
1616941097996718492,1616941097998246135,1.080038
1616941098006889180,1616941098008349298,1.006895
1616941098017063067,1616941098018679778,1.187624
1616941098027196749,1616941098028896864,1.263819
1616941098037364270,1616941098038923755,1.093872
1616941098047530239,1616941098048998147,1.01113
1616941098057707072,1616941098059291545,1.15023
1616941098067916342,1616941098069470437,1.127667
1616941098078092260,1616941098079627791,1.087965
1616941098088263893,1616941098089811495,1.171754
1616941098098442000,1616941098099987413,1.145751
1616941098108597671,1616941098110069270,1.08204
1616941098118778211,1616941098120410522,1.238574
1616941098128939098,1616941098130549781,1.217641
1616941098139104694,1616941098140728736,1.233503
1616941098149340364,1616941098150819136,1.094433
1616941098159499885,1616941098160996223,1.106906
1616941098169729696,1616941098171191022,1.018912
1616941098179961263,1616941098181468442,1.108522
1616941098190127617,1616941098191646126,1.132574
1616941098200346028,1616941098201949871,1.220837
1616941098210522406,1616941098212151477,1.235495
1616941098220743765,1616941098222197094,1.044616
1616941098230991608,1616941098232520157,1.167751
1616941098241212297,1616941098242867370,1.609833
1616941098251432274,1616941098253187752,1.326286
1616941098261664746,1616941098263280555,1.232019
1616941098271887589,1616941098273582467,1.259116
1616941098282109848,1616941098283746784,1.24671
1616941098292345944,1616941098293911473,1.175173
1616941098302518055,1616941098304187856,1.276697
1616941098312679092,1616941098314442979,1.459693
1616941098322902674,1616941098324581839,1.29505
1616941098333023187,1616941098334693242,1.238627
1616941098343136398,1616941098344843208,1.258098
1616941098353293610,1616941098354841132,1.115433
1616941098363473282,1616941098365147316,1.251216
1616941098373667372,1616941098375300346,1.252518
1616941098383883529,1616941098385491456,1.211751
1616941098394136486,1616941098395778952,1.260552
1616941098404304924,1616941098405966845,1.277223
1616941098414427475,1616941098416060620,1.249067
1616941098424649370,1616941098426272311,1.177147
1616941098434829968,1616941098436565366,1.379925
1616941098445004020,1616941098447233596,1.779825
1616941098455185269,1616941098456974184,1.403964
1616941098465318606,1616941098467075049,1.349771
1616941098475542792,1616941098477232343,1.350242
1616941098485581080,1616941098487234883,1.214408
1616941098495740051,1616941098497348497,1.157446
1616941098505910776,1616941098507494209,1.142825
1616941098516076647,1616941098517690672,1.164086
1616941098526180436,1616941098527758929,1.130686
1616941098536399013,1616941098538012930,1.130695
1616941098546495577,1616941098548117635,1.167161
1616941098556558744,1616941098558189396,1.189907
1616941098566648416,1616941098568205701,1.120009
1616941098576872765,1616941098578533917,1.237308
1616941098586896156,1616941098588415511,1.080939
1616941098597132419,1616941098598785453,1.198635
1616941098607235174,1616941098608796011,1.16602
1616941098617260343,1616941098618785117,1.09202
1616941098627351793,1616941098628908781,1.115753
1616941098637447050,1616941098639061981,1.184544
1616941098647620762,1616941098649227997,1.177944
1616941098657711323,1616941098659325024,1.164824
1616941098667931519,1616941098669481020,1.132908
1616941098678183616,1616941098679838523,1.576798
1616941098688360934,1616941098689904228,1.165597
1616941098698467985,1616941098700055320,1.198521
1616941098708570100,1616941098710111521,1.176075
1616941098718634157,1616941098720209726,1.115741
1616941098728749140,1616941098730318517,1.098064
1616941098738861544,1616941098740374255,1.063182
1616941098749081147,1616941098750742583,1.237921
1616941098759238442,1616941098760623692,0.989335
1616941098769347540,1616941098770797614,0.941781
1616941098779448440,1616941098780890339,0.988821
1616941098789546090,1616941098790992557,1.010358
1616941098799704925,1616941098801188038,1.017111
1616941098809867722,1616941098811241879,0.901956
1616941098820045431,1616941098821520885,1.01185
1616941098830121518,1616941098831653772,1.076401
1616941098840347081,1616941098841777922,1.069358
1616941098850471942,1616941098851918811,1.070028
1616941098860635534,1616941098862152869,1.046995
1616941098870714951,1616941098872147140,1.028804
1616941098880753196,1616941098882239304,1.091821
1616941098890920942,1616941098892350353,1.025834
1616941098901095858,1616941098902577336,1.073668
1616941098911323922,1616941098912840465,1.110913
1616941098921409030,1616941098922979313,1.147514
1616941098931438868,1616941098932918263,1.100565
1616941098941665881,1616941098943239840,1.184869
1616941098951818320,1616941098953244468,1.016068
1616941098961836632,1616941098963321888,1.078771
1616941098971952606,1616941098973516890,1.095067
1616941098982006355,1616941098983579117,1.162142
1616941098992110614,1616941098993717576,1.150714
1616941099002200471,1616941099003702236,1.102047
1616941099012266428,1616941099013911568,1.208351
1616941099022378702,1616941099024017047,1.241819
1616941099032599090,1616941099034150012,1.154479
1616941099042770484,1616941099044310992,1.176228
1616941099052994842,1616941099054575651,1.151259
1616941099063217827,1616941099064719892,1.044385
1616941099073381617,1616941099074859609,1.031499
1616941099083607203,1616941099085157063,1.096051
1616941099093736873,1616941099095390572,1.192642
1616941099103852463,1616941099105349486,1.056209
1616941099114031490,1616941099115651049,1.231768
1616941099124250553,1616941099125701681,1.011866
1616941099134371288,1616941099135990799,1.231129
1616941099144540957,1616941099146200329,1.265874
1616941099154648439,1616941099156277899,1.255294
1616941099164871278,1616941099166498119,1.250139
1616941099175095055,1616941099176654480,1.162241
1616941099185309611,1616941099186901991,1.159951
1616941099195527092,1616941099197092685,1.173671
1616941099205748176,1616941099207366135,1.243239
1616941099215978546,1616941099217569893,1.186508
1616941099226221501,1616941099227863842,1.258089
1616941099236441004,1616941099238078599,1.23628
1616941099246679311,1616941099248248268,1.202366
1616941099256898059,1616941099258530676,1.208626
1616941099267066053,1616941099268658235,1.15508
1616941099277285556,1616941099278903788,1.236639
1616941099287504532,1616941099289011340,1.075429
1616941099297728220,1616941099299242622,1.129871
1616941099307963211,1616941099309466317,1.062276
1616941099318253129,1616941099319758220,1.062676
1616941099328470666,1616941099330011970,1.146777
1616941099338640139,1616941099340238279,1.202508
1616941099348858899,1616941099350536594,1.298372
1616941099359096846,1616941099360766791,1.289178
1616941099369315346,1616941099370986872,1.298404
1616941099379484469,1616941099381096988,1.17384
1616941099389704919,1616941099391282671,1.219349
1616941099399934561,1616941099401572972,1.242431
1616941099410174065,1616941099411782534,1.336874
1616941099420393357,1616941099421994225,1.159384
1616941099430557410,1616941099432084538,1.100481
1616941099440776086,1616941099442423460,1.316733
1616941099450945463,1616941099452543465,1.152988
1616941099461166796,1616941099463356105,1.991367
1616941099471385045,1616941099472844031,1.088976
1616941099481613525,1616941099483092053,1.101056
1616941099491835771,1616941099493313941,1.097813
1616941099502089071,1616941099503597514,1.114381
1616941099512310033,1616941099513792503,1.10327
1616941099522479441,1616941099524073389,1.196136
1616941099532700603,1616941099534231833,1.147745
1616941099542868224,1616941099544427486,1.146909
1616941099553086398,1616941099554710001,1.240608
1616941099563253819,1616941099564863720,1.224665
1616941099573474961,1616941099575061504,1.21024
1616941099583703802,1616941099585339173,1.257228
1616941099593942575,1616941099595371493,0.984611
1616941099604170538,1616941099605629035,1.08568
1616941099614399303,1616941099615957780,1.170422
1616941099624649503,1616941099626239662,1.208625
1616941099634819706,1616941099636363004,1.200689
1616941099645041285,1616941099650691930,5.382503
1616941099655260812,1616941099656760478,1.055367
1616941099665492307,1616941099666954288,1.044584
1616941099675719141,1616941099677253653,1.140828
1616941099685940471,1616941099687412217,1.096465
1616941099696160945,1616941099697792735,1.214743
1616941099706383022,1616941099707879141,1.042557
1616941099716602856,1616941099718210081,1.217012
1616941099726772595,1616941099728276328,1.081371
1616941099736993273,1616941099738521243,1.117758
1616941099747214768,1616941099748798388,1.186605
1616941099757434278,1616941099758968909,1.075126
1616941099767669209,1616941099769146601,1.072934
1616941099777898063,1616941099779389256,1.100018
1616941099788116561,1616941099789622591,1.128343
1616941099798286238,1616941099799756619,1.080229
1616941099808462445,1616941099810048024,1.214088
1616941099818635162,1616941099820118233,1.066987
1616941099828854715,1616941099830347064,1.101629
1616941099839079443,1616941099840561781,1.103899
1616941099849315873,1616941099850815532,1.093637
1616941099859536339,1616941099861005967,1.158569
1616941099869773629,1616941099871232126,1.057231
1616941099879994322,1616941099881507221,1.109602
1616941099890231001,1616941099891760528,1.144801
1616941099900449493,1616941099902079506,1.197673
1616941099910619480,1616941099912232666,1.230779
1616941099920840602,1616941099922366798,1.108479
1616941099931072507,1616941099932570454,1.109565
1616941099941293934,1616941099942792589,1.125771
1616941099951512946,1616941099953134142,1.254907
1616941099961732637,1616941099963258863,1.079225
1616941099971909849,1616941099973520357,1.220266
1616941099982087404,1616941099983685781,1.170793
1616941099992316571,1616941099993944291,1.259951
1616941100002441820,1616941100003966225,1.084466
1616941100012667430,1616941100014226965,1.129089
1616941100022842739,1616941100024411303,1.125943
1616941100033059617,1616941100034645101,1.164832
1616941100043283950,1616941100044798316,1.100428
1616941100053503252,1616941100055078909,1.157888
1616941100063725674,1616941100065276331,1.109956
1616941100073946367,1616941100075500209,1.160767
1616941100084165497,1616941100085657214,1.035877
1616941100094335450,1616941100095841562,1.110792
1616941100104557044,1616941100106107376,1.156785
1616941100114738324,1616941100116293855,1.161341
1616941100124988853,1616941100126502736,1.148513
1616941100135210556,1616941100136817824,1.217717
1616941100145445388,1616941100146991081,1.088732
1616941100155674764,1616941100157232271,1.185267
1616941100165897039,1616941100167430493,1.10132
1616941100176135964,1616941100177663382,1.162639
1616941100186305566,1616941100188530093,1.765862
1616941100196405245,1616941100197917477,1.075136
1616941100206509119,1616941100208091223,1.159544
1616941100216554909,1616941100218118477,1.187894
1616941100226712616,1616941100228186645,1.092193
1616941100236936470,1616941100238504882,1.189519
1616941100247113064,1616941100248647659,1.129189
1616941100257269317,1616941100258770501,1.036445
1616941100267410507,1616941100269005326,1.655528
1616941100277455593,1616941100278935716,1.022423
1616941100287611200,1616941100289054710,1.000899
1616941100297710686,1616941100299125718,1.032613
1616941100307804021,1616941100309243107,0.944581
1616941100318023631,1616941100319517060,1.044263
1616941100328146105,1616941100329669139,1.06251
1616941100338240687,1616941100339747777,1.034506
1616941100348405141,1616941100349893653,1.023134
1616941100358565825,1616941100360056643,1.029055
1616941100368723156,1616941100370211276,1.038563
1616941100378816109,1616941100380282638,1.02068
1616941100388915635,1616941100390338927,0.951527
1616941100399005547,1616941100400368432,0.898315
1616941100409162392,1616941100410679335,1.058556
1616941100419259311,1616941100420774771,1.033169
1616941100429414287,1616941100430847655,0.970615
1616941100439591448,1616941100441045315,0.963719
1616941100449691741,1616941100451154219,1.020635
1616941100459779763,1616941100461167923,0.921368
1616941100469840593,1616941100471273840,0.955555
1616941100479947115,1616941100481450202,1.045925
1616941100490070642,1616941100491574427,1.046257
1616941100500226113,1616941100501724163,1.043898
1616941100510343615,1616941100511816818,1.004271
1616941100520564472,1616941100522031843,1.009975
1616941100530665984,1616941100532088101,0.983164
1616941100540832959,1616941100542324272,1.051446
1616941100550930654,1616941100552402334,1.019303
1616941100561034336,1616941100562519059,1.048594
1616941100571255682,1616941100572759364,1.047115
1616941100581358333,1616941100582916374,1.108788
1616941100591591345,1616941100593087477,1.040117
1616941100601697151,1616941100603218946,1.132822
1616941100611779819,1616941100613247565,1.06221
1616941100621900612,1616941100623365100,1.065993
1616941100632119508,1616941100633678415,1.119775
1616941100642285999,1616941100643778520,1.080499
1616941100652520593,1616941100654008638,1.091573
1616941100662696020,1616941100664216051,1.115638
1616941100672914701,1616941100674456509,1.206149
1616941100683158840,1616941100684765837,1.22096
1616941100693388337,1616941100694912993,1.138236
1616941100703616124,1616941100705126887,1.127549
1616941100714093836,1616941100715665826,1.180154
1616941100724264149,1616941100725705535,0.959775
1616941100734388096,1616941100735951886,1.177076
1616941100744617411,1616941100746220796,1.205029
1616941100754787615,1616941100756343244,1.158711
1616941100765007061,1616941100766599261,1.208173
1616941100775177095,1616941100776744085,1.162577
1616941100785342876,1616941100786788860,0.971771
1616941100795569907,1616941100797067781,1.10483
1616941100805807550,1616941100807304242,1.084079
1616941100815986662,1616941100817584310,1.194496
1616941100826226257,1616941100827829817,1.203749
1616941100836397651,1616941100837884753,1.032945
1616941100846525691,1616941100848098461,1.169275
1616941100856745354,1616941100858244931,1.127216
1616941100866874181,1616941100868372926,1.131371
1616941100876988484,1616941100878508424,1.091867
1616941100887162201,1616941100888681637,1.128013
1616941100897295548,1616941100898760079,1.017363
1616941100907473513,1616941100909035079,1.085845
1616941100917688950,1616941100919200038,1.113132
1616941100927914722,1616941100929419961,1.098671
1616941100938088970,1616941100939571503,1.092442
1616941100948266261,1616941100949774531,1.047896
1616941100958391967,1616941100960029273,1.269486
1616941100968614224,1616941100970100201,1.026956
1616941100978784170,1616941100980321450,1.153228
1616941100988961915,1616941100990518798,1.182399
1616941100999179631,1616941101000712852,1.144417
1616941101009355076,1616941101010944379,1.191115
1616941101019586459,1616941101021182808,1.168065
1616941101029757549,1616941101031332914,1.182242
1616941101040003451,1616941101041632958,1.238066
1616941101050184391,1616941101051835209,1.269915
1616941101060366655,1616941101061983042,1.225471
1616941101070536236,1616941101072165017,1.238111
1616941101080761750,1616941101082980179,2.168437
1616941101090982395,1616941101092525540,1.158088
1616941101101212775,1616941101102710746,1.113199
1616941101111443412,1616941101113068132,1.224872
1616941101121664347,1616941101123295771,1.241778
1616941101131790470,1616941101133476506,1.307081
1616941101142014852,1616941101143622914,1.240475
1616941101152238628,1616941101153869936,1.235647
1616941101162357200,1616941101163992035,1.26104
1616941101172592479,1616941101174246702,1.262411
1616941101182767605,1616941101184296606,1.108588
1616941101192945591,1616941101194507058,1.161937
1616941101203164292,1616941101204689241,1.080996
1616941101213323355,1616941101214836446,1.058451
1616941101223552224,1616941101225139179,1.139137
1616941101233728688,1616941101235315614,1.123314
1616941101243903959,1616941101245455797,1.151995
1616941101254136968,1616941101255774484,1.259241
1616941101264357257,1616941101265923718,1.127076
1616941101274477710,1616941101275966034,1.051114
1616941101284580891,1616941101286179859,1.170116
1616941101294707095,1616941101296263361,1.113291
1616941101304880890,1616941101306524246,1.2432
1616941101315035002,1616941101316666199,1.216241
1616941101325248740,1616941101326853061,1.160808
1616941101335460633,1616941101337151990,1.232052
1616941101345616805,1616941101347229320,1.173519
1616941101355736194,1616941101357368471,1.216263
1616941101365902199,1616941101367558442,1.207692
1616941101376124483,1616941101377704263,1.120493
1616941101386290773,1616941101387946733,1.208221
1616941101396444030,1616941101397978952,1.09006
1616941101406644054,1616941101408201848,1.089221
1616941101416763676,1616941101418309063,1.097653
1616941101426879314,1616941101428355935,1.030818
1616941101437051171,1616941101438597445,1.151725
1616941101447157198,1616941101448610375,1.053526
1616941101457325945,1616941101458849657,1.121443
1616941101467542226,1616941101469053164,1.118184
1616941101477777537,1616941101479292457,1.144655
1616941101487946396,1616941101489500947,1.164796
1616941101498172105,1616941101499658675,1.122401
1616941101508389985,1616941101509960438,1.180576
1616941101518558936,1616941101520078188,1.083701
1616941101528790910,1616941101530444502,1.315924
1616941101539010297,1616941101540616591,1.193775
1616941101549239710,1616941101550769409,1.156554
1616941101559461199,1616941101561012680,1.158974
1616941101569680048,1616941101571230665,1.165361
1616941101579902670,1616941101581543455,1.258527
1616941101590095599,1616941101591696354,1.228597
1616941101600336870,1616941101602072305,1.349862
1616941101610506263,1616941101612121863,1.186329
1616941101620737590,1616941101622397326,1.258043
1616941101630955619,1616941101632677057,1.335017
1616941101641173822,1616941101642889456,1.332182
1616941101651396139,1616941101653054687,1.298912
1616941101661618995,1616941101663246877,1.232276
1616941101671846854,1616941101673322729,1.114131
1616941101682091859,1616941101683652358,1.194379
1616941101692308706,1616941101693891511,1.205475
1616941101702481194,1616941101704159969,1.289583
1616941101712702040,1616941101714342064,1.252499
1616941101722856864,1616941101724497259,1.289195
1616941101733019854,1616941101734647796,1.251507
1616941101743246919,1616941101744925232,1.287253
1616941101753466994,1616941101755107121,1.269775
1616941101763688125,1616941101765320679,1.257365
1616941101773918067,1616941101775547719,1.255682
1616941101784136003,1616941101785709189,1.183315
1616941101794254761,1616941101795828664,1.191886
1616941101804426355,1616941101806033309,1.237071
1616941101814683126,1616941101816196116,1.127933
1616941101824904968,1616941101826376083,1.084501
1616941101835013854,1616941101836429201,0.999182
1616941101845233398,1616941101846743930,1.131221
1616941101855453888,1616941101856895982,1.05987
1616941101865690681,1616941101867192276,1.103122
1616941101875922485,1616941101877358010,1.055519
1616941101886035367,1616941101887915739,1.569519
1616941101896251226,1616941101897727883,1.043699
1616941101906374042,1616941101907858292,1.092369
1616941101916592690,1616941101918172564,1.195082
1616941101926759106,1616941101928312631,1.104095
1616941101936935252,1616941101938331556,1.026053
1616941101947063409,1616941101948502850,1.062392
1616941101957186347,1616941101958619438,1.584896
1616941101967331175,1616941101968804431,1.037347
1616941101977438504,1616941101979014961,1.119035
1616941101987540697,1616941101989027141,1.028416
1616941101997644710,1616941101999143303,1.029319
1616941102007801235,1616941102009327387,1.072661
1616941102017899719,1616941102019480874,1.119682
1616941102028006533,1616941102029480563,1.030264
1616941102038101648,1616941102039656161,1.091907
1616941102048271360,1616941102049763413,1.057623
1616941102058377737,1616941102059933256,1.13258
1616941102068473770,1616941102070076666,1.15057
1616941102078642657,1616941102080318581,1.228936
1616941102088743504,1616941102090324040,1.217356
1616941102098769349,1616941102100257171,1.080011
1616941102108904222,1616941102110519454,1.228386
1616941102119120607,1616941102120662572,1.086086
1616941102129195990,1616941102130689197,1.059623
1616941102139253957,1616941102140733677,1.046864
1616941102149263699,1616941102150823682,1.125307
1616941102159389842,1616941102160885665,1.05849
1616941102169492705,1616941102171005109,1.07762
1616941102179716049,1616941102181206725,1.05258
1616941102189741216,1616941102191298833,1.096466
1616941102199843397,1616941102201386764,1.155873
1616941102209950980,1616941102211468263,1.113602
1616941102220135955,1616941102221653539,1.117203
1616941102230170814,1616941102231655606,1.025361
1616941102240271284,1616941102241811984,1.117785
1616941102250381701,1616941102251838663,1.05176
1616941102260533295,1616941102262062678,1.091021
1616941102270648636,1616941102272302778,1.288436
1616941102280809348,1616941102282347298,1.159254
1616941102291052660,1616941102292635144,1.187359
1616941102301294055,1616941102302817874,1.089073
1616941102311479250,1616941102313060109,1.191943
1616941102321701886,1616941102323208392,1.130575
1616941102331922862,1616941102333370471,1.065439
1616941102342163299,1616941102343586683,1.031694
1616941102352389394,1616941102353923705,1.184996
1616941102362559350,1616941102364005366,1.043018
1616941102372801080,1616941102374433169,1.29928
1616941102383024259,1616941102384559511,1.079742
1616941102393244519,1616941102394760929,1.115415
1616941102403476598,1616941102405000094,1.147355
1616941102413591492,1616941102415100550,1.072691
1616941102423831866,1616941102425369578,1.160429
1616941102433950731,1616941102435469043,1.108504
1616941102444111099,1616941102445595030,1.108692
1616941102454225311,1616941102455754440,1.063539
1616941102464392305,1616941102466026587,1.19193
1616941102474559115,1616941102476220468,1.279486
1616941102484729904,1616941102486273044,1.092793
1616941102494898955,1616941102496487605,1.198914
1616941102505064748,1616941102506728159,1.270382
1616941102515224914,1616941102516900018,1.287698
1616941102525394211,1616941102527010532,1.189574
1616941102535552230,1616941102537253646,1.322368
1616941102545720309,1616941102547301199,1.226911
1616941102555887830,1616941102557502844,1.252878
1616941102566075697,1616941102567647560,1.193111
1616941102576241551,1616941102577957323,1.343492
1616941102586405354,1616941102587968339,1.133381
1616941102596562335,1616941102598155349,1.215048
1616941102606674800,1616941102608311767,1.230339
1616941102616900988,1616941102618580403,1.273849
1616941102627060179,1616941102628694754,1.205944
1616941102637224773,1616941102638749141,1.128348
1616941102647397825,1616941102648908626,1.119073
1616941102657612164,1616941102659177436,1.17279
1616941102667784159,1616941102669297297,1.072155
1616941102677953636,1616941102679563376,1.175029
1616941102688169148,1616941102690611265,2.200198
1616941102698278672,1616941102699838056,1.105147
1616941102708448810,1616941102709992393,1.103692
1616941102718569508,1616941102720026064,0.985358
1616941102728699877,1616941102730171666,1.028692
1616941102738862920,1616941102740394973,1.082336
1616941102749079358,1616941102750592068,1.074739
1616941102759302550,1616941102760823485,1.140361
1616941102769482679,1616941102771024724,1.130679
1616941102779717844,1616941102781248704,1.15924
1616941102789931689,1616941102791362228,1.097201
1616941102800162981,1616941102801719820,1.180149
1616941102810285628,1616941102811814611,1.156765
1616941102820520547,1616941102822124198,1.215106
1616941102830640508,1616941102832143860,1.05821
1616941102840869803,1616941102842412445,1.155352
1616941102851084525,1616941102852690874,1.237805
1616941102861313044,1616941102862881293,1.171786
1616941102871547212,1616941102873122413,1.214552
1616941102881775254,1616941102883229509,0.99814
1616941102891992627,1616941102893511534,1.147575
1616941102902221739,1616941102903815904,1.253834
1616941102912447599,1616941102914010617,1.179924
1616941102922621282,1616941102924220553,1.255422
1616941102932861181,1616941102934416837,1.169532
1616941102943054468,1616941102944557737,1.13241
1616941102953248312,1616941102954710881,1.092899
1616941102963467374,1616941102964936180,1.054628
1616941102973692477,1616941102975234856,1.106483
1616941102983856481,1616941102985365943,1.068174
1616941102994102544,1616941102995656403,1.121347
1616941103004278200,1616941103005832019,1.104016
1616941103014448483,1616941103015898207,0.989767
1616941103024676489,1616941103026332114,1.228503
1616941103034838036,1616941103037380850,2.597658
1616941103045059971,1616941103046556594,1.021986
1616941103055279879,1616941103056671051,0.961972
1616941103065452575,1616941103066920835,1.032347
1616941103075670070,1616941103077092243,0.98056
1616941103085911769,1616941103087388290,1.188806
1616941103096145227,1616941103097616920,1.070614
1616941103106314643,1616941103107814120,1.082775
1616941103116478974,1616941103117977569,1.048544
1616941103126648921,1616941103128175298,1.120063
1616941103136874441,1616941103138452388,1.208027
1616941103147096932,1616941103148713489,1.163603
1616941103157322792,1616941103158908298,1.21808
1616941103167482680,1616941103169029816,1.161129
1616941103177653682,1616941103179100392,1.056051
1616941103187871755,1616941103189377999,1.104811
1616941103198090955,1616941103199654404,1.177374
1616941103208252476,1616941103209712446,1.078656
1616941103218422005,1616941103219939378,1.144299
1616941103228645236,1616941103230082666,1.079891
1616941103238767451,1616941103240224204,1.074016
1616941103248988165,1616941103250439163,1.082059
1616941103259207374,1616941103260664366,1.093766
1616941103269445471,1616941103270888460,1.064471
1616941103279667233,1616941103281214003,1.147177
1616941103289896363,1616941103291429452,1.14101
1616941103300115263,1616941103301512271,0.989289
1616941103310293501,1616941103311737507,1.06789
1616941103320516120,1616941103322107151,1.202962
1616941103330698275,1616941103332249520,1.172784
1616941103340916169,1616941103342378815,1.083886
1616941103351130251,1616941103352543991,1.057215
1616941103361355191,1616941103362790869,1.052836
1616941103371582193,1616941103372957083,1.029075
1616941103381800229,1616941103383288621,1.138292
1616941103392034651,1616941103393409894,1.042468
1616941103402222617,1616941103403673387,1.076936
1616941103412442132,1616941103413909713,1.107385
1616941103422626353,1616941103424075353,1.06096
1616941103432782665,1616941103434175738,1.033131
1616941103442962127,1616941103444414381,1.091248
1616941103453123517,1616941103454588324,1.104257
1616941103463341541,1616941103464781287,1.032062
1616941103473462507,1616941103475000747,1.094381
1616941103483702530,1616941103485250434,1.49719
1616941103493867908,1616941103495344984,1.020689
1616941103504108986,1616941103505602617,1.101445
1616941103514233123,1616941103515771795,1.112959
1616941103524373960,1616941103525887732,1.053595
1616941103534471449,1616941103535927499,0.939939
1616941103544558821,1616941103546067564,1.015888
1616941103554660359,1616941103556189989,1.05696
1616941103564764124,1616941103566310705,1.060007
1616941103574863595,1616941103576433694,1.087292
1616941103584950112,1616941103586506723,1.054699
1616941103595044881,1616941103596628652,1.077511
1616941103605128583,1616941103606657687,1.031521
1616941103615306893,1616941103616919988,1.132027
1616941103625535864,1616941103627046458,1.042564
1616941103635755088,1616941103637298211,1.10061
1616941103645976168,1616941103647545983,1.173341
1616941103656193022,1616941103657636160,0.985047
1616941103666366274,1616941103667928334,1.100504
1616941103676600021,1616941103678062332,1.50398
1616941103686774459,1616941103688396039,1.1712
1616941103696884521,1616941103698406031,1.127097
1616941103707056171,1616941103708595705,1.143988
1616941103717167053,1616941103718780395,1.197348
1616941103727310118,1616941103728808760,1.06056
1616941103737412846,1616941103739040126,1.195611
1616941103747542062,1616941103749125842,1.225334
1616941103757631565,1616941103759122176,1.057122
1616941103767760026,1616941103769389232,1.26143
1616941103777980489,1616941103779501837,1.090678
1616941103788042711,1616941103789642277,1.214098
1616941103798209217,1616941103799741804,1.153796
1616941103808337618,1616941103809812056,1.073596
1616941103818449243,1616941103819984782,1.08376
1616941103828596994,1616941103830092253,1.047341
1616941103838674778,1616941103840222554,1.162775
1616941103848936157,1616941103850432207,1.146959
1616941103859110170,1616941103860531788,1.038559
1616941103869128252,1616941103870560261,1.068151
1616941103879344454,1616941103881164751,1.38885
1616941103889453260,1616941103890983485,1.082549
1616941103899678913,1616941103901277012,1.164544
1616941103909898297,1616941103911540982,1.219162
1616941103920004290,1616941103921634711,1.259417
1616941103930204626,1616941103931701075,1.048209
1616941103940420511,1616941103942068191,1.210231
1616941103950520809,1616941103952220970,1.264129
1616941103960621521,1616941103962231578,1.180276
1616941103970740395,1616941103972413300,1.223448
1616941103980889890,1616941103982624047,1.309511
1616941103990993359,1616941103992656819,1.23967
1616941104001234942,1616941104002885026,1.233034
1616941104011307885,1616941104013010957,1.294342
1616941104021345968,1616941104022976698,1.168192
1616941104031516186,1616941104033169082,1.2698
1616941104041618595,1616941104043245257,1.238249
1616941104051787721,1616941104053445287,1.264033
1616941104062021927,1616941104063664897,1.207981
1616941104072247673,1616941104073862587,1.167687
1616941104082319866,1616941104083879058,1.191773
1616941104092511957,1616941104094394715,1.657194
1616941104102612086,1616941104104218922,1.231009
1616941104112829804,1616941104114337822,1.117521
1616941104122999149,1616941104124536621,1.10661
1616941104133218574,1616941104134785918,1.139098
1616941104143443394,1616941104144972703,1.163694
1616941104153668125,1616941104155207389,1.169147
1616941104163887501,1616941104165374260,1.050761
1616941104174090512,1616941104175679608,1.216078
1616941104184270207,1616941104185723181,0.997254
1616941104194440951,1616941104196116104,1.350735
1616941104204618066,1616941104206212272,1.155009
1616941104214768227,1616941104216343500,1.221707
1616941104224942389,1616941104226556888,1.201607
1616941104235116744,1616941104236739955,1.241443
1616941104245336300,1616941104246855271,1.150891
1616941104255555758,1616941104257072662,1.13773
1616941104265781608,1616941104267348986,1.198073
1616941104275999507,1616941104277528328,1.100688
1616941104286242872,1616941104288156344,1.800075
1616941104296358236,1616941104297939504,1.221525
1616941104306579948,1616941104308111759,1.135379
1616941104316706200,1616941104318361576,1.208519
1616941104326880228,1616941104328396207,1.116037
1616941104337045082,1616941104338617107,1.129181
1616941104347224222,1616941104348774264,1.15242
1616941104357334337,1616941104358889607,1.168725
1616941104367460032,1616941104372018647,4.173317
1616941104377632117,1616941104379018526,0.982743
1616941104387799489,1616941104389179580,0.925535
1616941104397962789,1616941104399441717,1.012638
1616941104408131938,1616941104409645455,1.066736
1616941104418299159,1616941104419759331,1.034701
1616941104428448585,1616941104429932768,1.007911
1616941104438551034,1616941104440137908,1.122722
1616941104448764570,1616941104450317477,1.162412
1616941104458926075,1616941104460518105,1.135421
1616941104469156885,1616941104470720762,1.173277
1616941104479398541,1616941104480903929,1.103876
1616941104489615806,1616941104491098118,1.079389
1616941104499848387,1616941104501404202,1.175339
1616941104510145141,1616941104511632080,1.09929
1616941104520370947,1616941104521901045,1.116614
1616941104530542060,1616941104532059618,1.129414
1616941104540762496,1616941104542265330,1.112309
1616941104550931003,1616941104552426887,1.095003
1616941104561170009,1616941104562692105,1.066702
1616941104571387882,1616941104572935706,1.165623
1616941104581625521,1616941104583125724,1.125445
1616941104591842509,1616941104593321515,1.090393
1616941104602017163,1616941104603495600,1.097966
1616941104612240065,1616941104613733141,1.088239
1616941104622353955,1616941104623819080,1.072848
1616941104632516190,1616941104634013749,1.035475
1616941104642633461,1616941104644092306,1.063128
1616941104652743743,1616941104654282805,1.07811
1616941104662845988,1616941104664340155,1.064754
1616941104672944012,1616941104674377309,0.971845
1616941104683050856,1616941104684579327,1.046439
1616941104693165566,1616941104694687210,1.06914
1616941104703273974,1616941104704810190,1.076162
1616941104713436847,1616941104714903013,1.011076
1616941104723602309,1616941104725043013,0.967905
1616941104733863202,1616941104735367055,1.135533
1616941104744028677,1616941104745531106,1.067103
1616941104754131753,1616941104755596628,1.078282
1616941104764247606,1616941104765771526,1.07063
1616941104774363182,1616941104775944234,1.13998
1616941104784477738,1616941104786055762,1.133869
1616941104794594545,1616941104796125805,1.09814
1616941104804763473,1616941104806244850,1.102391
1616941104815003195,1616941104816482698,1.115899
1616941104825224144,1616941104826675536,1.014899
1616941104835444917,1616941104836978062,1.141423
1616941104845669715,1616941104847260019,1.233023
1616941104855843965,1616941104857308991,1.014881
1616941104866099651,1616941104867568975,1.032644
1616941104876320824,1616941104877791835,1.034851
1616941104886463686,1616941104887936325,1.08183
1616941104896579855,1616941104897982993,0.919638
1616941104906664651,1616941104908055824,0.841531
1616941104916763623,1616941104918120451,0.83368
1616941104926865926,1616941104928248214,0.848093
1616941104937065813,1616941104938446235,0.861383
1616941104947099582,1616941104948548354,0.952189
1616941104957285308,1616941104958774150,1.02045
1616941104967403271,1616941104968845513,0.971333
1616941104977508217,1616941104978907146,0.909239
1616941104987611737,1616941104989023349,0.92775
1616941104997715820,1616941104999099037,0.895904
1616941105007868749,1616941105009368718,1.025543
1616941105017993526,1616941105019439677,0.991824
1616941105028096136,1616941105029670933,1.110824
1616941105038204545,1616941105039684800,1.014277
1616941105048416866,1616941105050011041,1.156613
1616941105058541840,1616941105060006341,0.991339
1616941105068760702,1616941105070291075,1.106217
1616941105078886723,1616941105080288188,0.921082
1616941105089101395,1616941105090611080,1.286531
1616941105099331847,1616941105100832078,1.024661
1616941105109553487,1616941105111010226,1.054573
1616941105119774633,1616941105121230296,0.986844
1616941105130002752,1616941105131429440,0.946887
1616941105140234351,1616941105141791677,1.145129
1616941105150361558,1616941105151931197,1.133095
1616941105160586365,1616941105162115348,1.100139
1616941105170756355,1616941105172199320,0.976695
1616941105181005000,1616941105182569298,1.136792
1616941105191231039,1616941105192789055,1.137141
1616941105201464757,1616941105203021908,1.101391
1616941105211686709,1616941105213204051,1.071388
1616941105221863181,1616941105223339626,1.002206
1616941105232090739,1616941105233640584,1.092332
1616941105242217705,1616941105243669438,0.985379
1616941105252436333,1616941105253857202,0.947738
1616941105262614824,1616941105264090387,1.067244
1616941105272847061,1616941105274238875,0.909022
1616941105283021067,1616941105284493235,1.025464
1616941105293252175,1616941105294729020,1.028213
1616941105303422438,1616941105305075095,1.246041
1616941105313646078,1616941105315114210,1.045889
1616941105323867012,1616941105325381471,1.082166
1616941105334092449,1616941105335581799,1.102385
1616941105344271054,1616941105345787750,1.069688
1616941105354395855,1616941105355933426,1.100326
1616941105364525377,1616941105366014370,1.039913
1616941105374695864,1616941105376269419,1.1301
1616941105384916806,1616941105386388460,1.077617
1616941105395077871,1616941105396632989,1.093413
1616941105405242006,1616941105406795852,1.094198
1616941105415420009,1616941105416934493,1.495417
1616941105425637915,1616941105427234247,1.150537
1616941105435744086,1616941105437196102,0.975898
1616941105445848391,1616941105447391000,1.086775
1616941105455969938,1616941105457561122,1.143516
1616941105466108542,1616941105467676101,1.199358
1616941105476332517,1616941105477860265,1.088311
1616941105486433572,1616941105488066368,1.255191
1616941105496660027,1616941105498229770,1.109913
1616941105506800021,1616941105508392349,1.171388
1616941105516901569,1616941105518525074,1.247649
1616941105527056775,1616941105528755768,1.259089
1616941105537189406,1616941105538745576,1.138614
1616941105547213672,1616941105548707830,1.12174
1616941105557365871,1616941105558957425,1.143058
1616941105567527174,1616941105569040852,1.090833
1616941105577686340,1616941105579205443,1.07394
1616941105587892908,1616941105589468685,1.143418
1616941105598042761,1616941105599625619,1.192311
1616941105608063168,1616941105609631644,1.127021
1616941105618090737,1616941105619703491,1.225445
1616941105628123330,1616941105629763684,1.272309
1616941105638228226,1616941105639748704,1.152755
1616941105648329355,1616941105649942079,1.220562
1616941105658353907,1616941105659877798,1.145602
1616941105668585126,1616941105670131293,1.155374
1616941105678703486,1616941105680223445,1.08848
1616941105688865710,1616941105690396248,1.165822
1616941105699085293,1616941105700606137,1.075118
1616941105709311351,1616941105710932680,1.171685
1616941105719329669,1616941105720841645,1.115854
1616941105729418579,1616941105731035488,1.176753
1616941105739641529,1616941105741267749,1.209325
1616941105749742565,1616941105751297667,1.117955
1616941105759838160,1616941105761423789,1.145408
1616941105769941123,1616941105771461613,1.080684
1616941105780099929,1616941105781558792,1.032527
1616941105790203996,1616941105791775131,1.108127
1616941105800250041,1616941105801817410,1.134584
1616941105810341717,1616941105811856982,1.103458
1616941105820477529,1616941105821973221,1.071201
1616941105830650915,1616941105832207949,1.107624
1616941105840867998,1616941105842401428,1.137572
1616941105850924720,1616941105852526326,1.236861
1616941105861051695,1616941105862575280,1.097852
1616941105871208963,1616941105872808729,1.165205
1616941105881317953,1616941105882976414,1.28366
1616941105891535388,1616941105893254088,1.893916
1616941105901763227,1616941105903338582,1.208361
1616941105911930242,1616941105913607865,1.303147
1616941105922155017,1616941105923815134,1.244949
1616941105932369360,1616941105933999966,1.239343
1616941105942540543,1616941105944159996,1.249899
1616941105952759012,1616941105954384693,1.220425
1616941105962934589,1616941105964514716,1.110434
1616941105973107328,1616941105974713571,1.188398
1616941105983285583,1616941105984783900,1.034596
1616941105993457382,1616941105995016864,1.18401
1616941106003635387,1616941106005135396,1.12587
1616941106013808786,1616941106015359881,1.156387
1616941106024002687,1616941106025638354,1.261858
1616941106034173441,1616941106035750447,1.188005
1616941106044347081,1616941106045899282,1.173036
1616941106054523394,1616941106056122482,1.18288
1616941106064697409,1616941106066256007,1.198166
1616941106074806404,1616941106076365869,1.177419
1616941106084984723,1616941106086526552,1.123937
1616941106095158370,1616941106096690645,1.150012
1616941106105330020,1616941106106976672,1.274667
1616941106115520376,1616941106117056494,1.171855
1616941106125692635,1616941106127220234,1.183305
1616941106135827833,1616941106137329675,1.105682
1616941106146068166,1616941106147657341,1.207191
1616941106156319157,1616941106157924778,1.218169
1616941106166489075,1616941106167902743,1.012046
1616941106176728234,1616941106178246122,1.150091
1616941106186832079,1616941106188421971,1.219763
1616941106197029575,1616941106198627800,1.246264
1616941106207203605,1616941106208824027,1.232214
1616941106217376693,1616941106218964307,1.160534
1616941106227558207,1616941106229091483,1.159496
1616941106237732351,1616941106239382720,1.278159
1616941106247956781,1616941106249547955,1.256098
1616941106258134808,1616941106259868016,1.416221
1616941106268353309,1616941106269843197,1.060041
1616941106278480414,1616941106280008085,1.173487
1616941106288706379,1616941106290262569,1.122312
1616941106298869205,1616941106300414800,1.184872
1616941106309090291,1616941106310728513,1.276236
1616941106319246371,1616941106320775380,1.086715
1616941106329485565,1616941106331012887,1.094815
1616941106339712662,1616941106341341256,1.250283
1616941106349946010,1616941106351521556,1.196605
1616941106360179529,1616941106361721434,1.103131
1616941106370299740,1616941106371965679,1.222615
1616941106380520849,1616941106381954263,1.012271
1616941106390691272,1616941106392218348,1.135061
1616941106400929085,1616941106402553281,1.262591
1616941106411107306,1616941106412664984,1.176939
1616941106421365121,1616941106422949606,1.153068
1616941106431538527,1616941106433062450,1.132975
1616941106441714412,1616941106443181454,1.087011
1616941106451939801,1616941106453528580,1.220419
1616941106462125978,1616941106463678234,1.176725
1616941106472298754,1616941106473901976,1.213311
1616941106482477650,1616941106484083809,1.22388
1616941106492710549,1616941106494227877,1.148762
1616941106502880607,1616941106504392626,1.105209
1616941106513098600,1616941106514673582,1.125928
1616941106523217380,1616941106524657309,1.027766
1616941106533332598,1616941106534757100,0.952128
1616941106543507087,1616941106545129370,1.227897
1616941106553683870,1616941106555140949,1.005403
1616941106563859974,1616941106565453488,1.174989
1616941106574034724,1616941106575581077,1.07651
1616941106584207305,1616941106585766395,1.091282
1616941106594339343,1616941106596031659,1.207877
1616941106604468189,1616941106606090338,1.22736
1616941106614586971,1616941106616215631,1.234522
1616941106624823201,1616941106626311491,1.047894
1616941106634985325,1616941106636540721,1.156592
1616941106645162603,1616941106646736963,1.187116
1616941106655339416,1616941106656912418,1.180872
1616941106665514490,1616941106667073782,1.196189
1616941106675736274,1616941106677242750,1.124094
1616941106685972097,1616941106687483936,1.075627
1616941106696194386,1616941106697768467,1.178532
1616941106706360422,1616941106708334395,1.751394
1616941106716519807,1616941106718035754,1.061136
1616941106726651119,1616941106728193517,1.101639
1616941106736760614,1616941106738243945,1.023879
1616941106746870403,1616941106748302942,0.981421
1616941106756979681,1616941106758529973,1.133503
1616941106767134796,1616941106768650441,1.136956
1616941106777287727,1616941106778809054,1.060035
1616941106787505053,1616941106789027653,1.145005
1616941106797726040,1616941106799214144,1.080682
1616941106807914991,1616941106809355630,1.04752
1616941106818148339,1616941106819655811,1.080111
1616941106828373492,1616941106829801771,1.039123
1616941106838492586,1616941106839967766,1.034705
1616941106848714908,1616941106850202869,1.095335
1616941106858881766,1616941106860345049,1.081289
1616941106869098373,1616941106870693189,1.242272
1616941106879270336,1616941106880839688,1.178966
1616941106889442044,1616941106891003798,1.137198
1616941106899672752,1616941106901212045,1.148553
1616941106909922869,1616941106911509440,1.229516
1616941106920152556,1616941106921680340,1.12789
1616941106930274052,1616941106931726005,1.078379
1616941106940494100,1616941106942002665,1.113455
1616941106950666181,1616941106952180327,1.070343
1616941106960830890,1616941106962233755,0.968112
1616941106970939509,1616941106972425442,1.101571
1616941106981167925,1616941106982695040,1.152182
1616941106991340089,1616941106992875240,1.166629
1616941107001567510,1616941107003126544,1.173943
1616941107011786186,1616941107013265765,1.064221
1616941107021959521,1616941107023481881,1.140116
1616941107032178338,1616941107033728017,1.17915
1616941107042299389,1616941107043887241,1.219926
1616941107052521618,1616941107054071550,1.173546
1616941107062697119,1616941107064270254,1.189948
1616941107072928453,1616941107074557198,1.234066
1616941107083090467,1616941107084703045,1.246613
1616941107093307410,1616941107094909622,1.226634
1616941107103481427,1616941107105116952,1.245212
1616941107113646558,1616941107115207014,1.208176
1616941107123758536,1616941107125286637,1.133404
1616941107133915658,1616941107135474562,1.172142
1616941107144070564,1616941107145637728,1.177455
1616941107154227603,1616941107156227145,1.625658
1616941107164434644,1616941107166129291,1.313987
1616941107174609729,1616941107176303428,1.254959
1616941107184773930,1616941107186431466,1.367203
1616941107194988340,1616941107196645587,1.219281
1616941107205237414,1616941107206887773,1.238094
1616941107215339652,1616941107216938463,1.236157
1616941107225360180,1616941107226930737,1.115228
1616941107235461796,1616941107237102922,1.228554
1616941107245564002,1616941107247081908,1.075319
1616941107255666966,1616941107257350939,1.33152
1616941107265822044,1616941107267458395,1.199173
1616941107276048299,1616941107277588284,1.112585
1616941107286154001,1616941107287770299,1.207443
1616941107296244041,1616941107301191701,4.517048
1616941107306333560,1616941107307756038,1.031974
1616941107316368686,1616941107317775717,0.938962
1616941107326413362,1616941107327851175,0.980898
1616941107336438096,1616941107337880383,1.028746
1616941107346571718,1616941107348071891,1.055025
1616941107356653053,1616941107358168466,1.085199
1616941107366741578,1616941107368267477,1.106132
1616941107376841642,1616941107378352745,1.096774
1616941107387021312,1616941107388546733,1.072597
1616941107397197778,1616941107398868558,1.235467
1616941107407354152,1616941107408846242,1.108593
1616941107417474741,1616941107419058824,1.182103
1616941107427652860,1616941107429235587,1.195033
1616941107437810456,1616941107439388775,1.193259
1616941107448037123,1616941107449488389,1.054965
1616941107458072139,1616941107459491188,1.032117
1616941107468166016,1616941107469597214,1.024981
1616941107478217192,1616941107479733229,1.123269
1616941107488439738,1616941107489901888,1.028472
1616941107498558598,1616941107499960963,0.995234
1616941107508714221,1616941107510433626,1.367147
1616941107518816183,1616941107520206133,0.930528
1616941107528864085,1616941107530440145,1.13092
1616941107538967258,1616941107540328422,1.010612
1616941107549005105,1616941107550415698,0.992227
1616941107559052740,1616941107560502487,1.043875
1616941107569275139,1616941107570728761,0.980019
1616941107579507548,1616941107580941767,0.995301
1616941107589656840,1616941107591161123,1.079782
1616941107599880997,1616941107601297897,0.964478
1616941107609980499,1616941107611454630,1.007601
1616941107620077574,1616941107621492980,1.009774
1616941107630228562,1616941107631647447,0.95455
1616941107640407712,1616941107641852976,0.995341
1616941107650514564,1616941107651939980,1.020742
1616941107660616770,1616941107661993516,1.037397
1616941107670777802,1616941107672218352,0.997362
1616941107680956164,1616941107682397264,0.982933
1616941107691136263,1616941107692468171,1.020962
1616941107701361956,1616941107702818948,1.062986
1616941107711533605,1616941107712982484,1.019746
1616941107721756380,1616941107723199882,1.033991
1616941107731947635,1616941107733514674,1.127814
1616941107742186568,1616941107743641091,1.063005
1616941107752414974,1616941107753954402,1.104299
1616941107762638567,1616941107764119928,1.047641
1616941107772859824,1616941107774452056,1.224548
1616941107782980750,1616941107784514342,1.100292
1616941107793213027,1616941107794777899,1.109899
1616941107803433716,1616941107804885571,1.00383
1616941107813651915,1616941107815218783,1.136716
1616941107823882805,1616941107825400223,1.076362
1616941107834102648,1616941107835634997,1.095869
1616941107844331234,1616941107845899661,1.142971
1616941107854502134,1616941107856101884,1.093376
1616941107864723379,1616941107866340808,1.195002
1616941107874898747,1616941107876438921,1.089541
1616941107885121064,1616941107886782006,1.241606
1616941107895341596,1616941107896857852,1.0753
1616941107905569564,1616941107907095704,1.10062
1616941107915800253,1616941107917355442,1.145395
1616941107926072210,1616941107927700037,1.206573
1616941107936323391,1616941107937784905,0.99313
1616941107946493452,1616941107947914063,1.031849
1616941107956714029,1616941107958229307,1.078446
1616941107966844943,1616941107968431942,1.143201
1616941107976975747,1616941107978696563,1.287277
1616941107987129615,1616941107988633367,1.07823
1616941107997348110,1616941107998831534,1.089883
1616941108007567931,1616941108009058161,1.050059
1616941108017791605,1616941108019296539,1.061297
1616941108028017135,1616941108029558306,1.104237
1616941108038223164,1616941108039819430,1.168874
1616941108048441596,1616941108049990964,1.107994
1616941108058568056,1616941108060054882,1.051229
1616941108068791805,1616941108070306807,1.087961
1616941108079011808,1616941108080506167,1.037471
1616941108089232142,1616941108090781291,1.13989
1616941108099504791,1616941108101001397,1.066242
1616941108109726054,1616941108111169747,0.986056
1616941108119958148,1616941108121447819,1.068265
1616941108130268501,1616941108131727563,1.004479
1616941108140486756,1616941108141968310,1.058952
1616941108150656359,1616941108152133891,1.047972
1616941108160885315,1616941108162422420,1.098026
1616941108171105475,1616941108172665829,1.140453
1616941108181333133,1616941108182822357,1.036136
1616941108191555494,1616941108193119690,1.173369
1616941108201779059,1616941108203288933,1.11054
1616941108212001728,1616941108213530704,1.149715
1616941108222222157,1616941108223896751,1.288464
1616941108232443720,1616941108234019088,1.198502
1616941108242566516,1616941108244167978,1.217837
1616941108252787638,1616941108254415629,1.290593
1616941108262890281,1616941108264478223,1.147582
1616941108273112425,1616941108274652915,1.171666
1616941108283278280,1616941108284840487,1.123519
1616941108293504067,1616941108295067812,1.12397
1616941108303737347,1616941108305272968,1.099497
1616941108313956452,1616941108315562416,1.307321
1616941108324175201,1616941108325653766,1.058191
1616941108334345400,1616941108335908753,1.143376
1616941108344565297,1616941108346166487,1.144965
1616941108354734333,1616941108356301214,1.12456
1616941108364970441,1616941108366570600,1.254139
1616941108375131481,1616941108376685153,1.18408
1616941108385362314,1616941108386887767,1.147335
1616941108395521275,1616941108397047140,1.161219
1616941108405694028,1616941108407134765,0.986013
1616941108415869549,1616941108417340916,1.090324
1616941108426036651,1616941108427665609,1.252933
1616941108436205767,1616941108437692111,1.15055
1616941108446371246,1616941108447888134,1.066777
1616941108456537335,1616941108458000626,1.030402
1616941108466702679,1616941108468153263,1.074147
1616941108476837226,1616941108478319649,1.051798
1616941108486964437,1616941108488451148,1.092591
1616941108497142586,1616941108498627520,1.074229
1616941108507314394,1616941108508724988,1.021532
1616941108517479014,1616941108518853525,1.069156
1616941108527651046,1616941108529036125,1.030583
1616941108537828273,1616941108539326215,1.125066
1616941108548068760,1616941108549559902,1.11728
1616941108558230168,1616941108559725447,1.146712
1616941108568454189,1616941108569984243,1.136544
1616941108578621970,1616941108580103072,1.096441
1616941108588842034,1616941108590438738,1.163973
1616941108599070339,1616941108600591257,1.148767
1616941108609295104,1616941108610784386,1.100174
1616941108619517245,1616941108620993128,1.108991
1616941108629758997,1616941108631252682,1.062364
1616941108639978363,1616941108641456158,1.068379
1616941108650212545,1616941108651700509,1.037923
1616941108660433932,1616941108661980795,1.11673
1616941108670603710,1616941108672065575,1.002257
1616941108680840935,1616941108682313148,1.053838
1616941108691080157,1616941108692739200,1.253487
1616941108701297943,1616941108702832167,1.106956
1616941108711480106,1616941108713039847,1.137434
1616941108721667108,1616941108723198003,1.092729
1616941108731843640,1616941108733391985,1.125413
1616941108742019108,1616941108743659970,1.213059
1616941108752190608,1616941108753709744,1.073262
1616941108762366353,1616941108763982517,1.208617
1616941108772537178,1616941108774028492,1.038899
1616941108782660920,1616941108784156709,1.063359
1616941108792855424,1616941108794339955,1.035232
1616941108803035233,1616941108804475232,0.997016
1616941108813208567,1616941108814720066,1.143345
1616941108823372263,1616941108824891190,1.147977
1616941108833538743,1616941108834917676,0.929343
1616941108843695671,1616941108845094774,0.911035
1616941108853896078,1616941108855337257,1.039608
1616941108864072953,1616941108865622488,1.766361
1616941108874252995,1616941108875737839,1.064627
1616941108884291293,1616941108885716603,1.079156
1616941108894414266,1616941108895841166,1.022557
1616941108904516724,1616941108906168632,1.222196
1616941108914649259,1616941108916157799,1.075304
1616941108924902559,1616941108926392165,1.064666
1616941108935130840,1616941108936648781,1.080106
1616941108945282032,1616941108946840106,1.158521
1616941108955439018,1616941108956954385,1.080366
1616941108965601518,1616941108967088915,1.063435
1616941108975630711,1616941108977124083,1.121969
1616941108985786194,1616941108987358021,1.213703
1616941108995885010,1616941108997485831,1.144449
1616941109006041638,1616941109007590526,1.120229
1616941109016141091,1616941109017690097,1.168531
1616941109026310639,1616941109027763246,0.99397
1616941109036413726,1616941109037818864,1.007762
1616941109046568837,1616941109048005855,0.965798
1616941109056726248,1616941109058212609,1.098086
1616941109066884855,1616941109068311155,1.021361
1616941109076921421,1616941109078374308,1.040977
1616941109086940558,1616941109088458886,1.105913
1616941109097084738,1616941109098665868,1.135103
1616941109107250522,1616941109108690956,0.9901
1616941109117422064,1616941109118813577,0.925259
1616941109127598892,1616941109129307428,1.327539
1616941109137774302,1616941109139177861,1.008048
1616941109147996481,1616941109149361139,0.919387
1616941109158224526,1616941109159615031,0.944993
1616941109168455353,1616941109169833239,0.988843
1616941109178580657,1616941109179979318,0.944414
1616941109188747384,1616941109190227292,1.0129
1616941109198866863,1616941109200390693,1.147127
1616941109209036252,1616941109210390822,0.919939
1616941109219189979,1616941109220714375,1.165892
1616941109229367283,1616941109230791060,0.983493
1616941109239593129,1616941109240968709,1.037816
1616941109249823850,1616941109251245625,1.096053
1616941109260010011,1616941109261554813,1.170374
1616941109270221414,1616941109271686120,1.081879
1616941109280441947,1616941109281926364,1.1055
1616941109290567098,1616941109292126489,1.176085
1616941109300793152,1616941109302406537,1.245741
1616941109310966821,1616941109312557789,1.20772
1616941109321216497,1616941109322658865,1.066759
1616941109331450707,1616941109332927921,1.101154
1616941109341673934,1616941109343148797,1.096916
1616941109351910558,1616941109353465863,1.184368
1616941109362130501,1616941109363664916,1.15057
1616941109372347644,1616941109373909686,1.171508
1616941109382475548,1616941109383957560,1.049526
1616941109392707121,1616941109394138878,1.037921
1616941109402824588,1616941109404294240,1.04568
1616941109413048836,1616941109414611975,1.178307
1616941109423288275,1616941109424839643,1.173162
1616941109433541007,1616941109435071230,1.151384
1616941109443758622,1616941109445215699,1.080106
1616941109453980048,1616941109455581644,1.226975
1616941109464199406,1616941109465682913,1.112562
1616941109474368723,1616941109475860559,1.104979
1616941109484613362,1616941109486160511,1.169436
1616941109494782801,1616941109496292688,1.119111
1616941109505003981,1616941109506656436,1.289747
1616941109515221951,1616941109516920146,1.30921
1616941109525465843,1616941109527010818,1.175982
1616941109535681506,1616941109537285020,1.223102
1616941109545907380,1616941109547513580,1.168424
1616941109556124144,1616941109557763215,1.265403
1616941109566294161,1616941109567965718,1.296163
1616941109576526226,1616941109578074993,1.17999
1616941109586695691,1616941109588301975,1.23924
1616941109596941690,1616941109598521287,1.205403
1616941109607158610,1616941109608655512,1.067356
1616941109617377824,1616941109618852728,1.082668
1616941109627602125,1616941109629094755,1.125469
1616941109637821282,1616941109639254036,0.996354
1616941109648044154,1616941109649495675,1.084954
1616941109658223574,1616941109659745776,1.082651
1616941109668454967,1616941109670025272,1.184004
1616941109678623911,1616941109680125504,1.124045
1616941109688841635,1616941109690352397,1.132997
1616941109699086411,1616941109700665182,1.208144
1616941109709305006,1616941109710807559,1.127402
1616941109719533626,1616941109720999479,1.079643
1616941109729769252,1616941109731347136,1.19825
1616941109739986722,1616941109741531287,1.148946
1616941109750164390,1616941109751670318,1.131436
1616941109760341429,1616941109761832318,1.111551
1616941109770509162,1616941109772042270,1.107425
1616941109780679156,1616941109782363374,1.325326
1616941109790836640,1616941109792462361,1.252069
1616941109800995555,1616941109802584534,1.218985
1616941109811222404,1616941109812732434,1.152312
1616941109821454459,1616941109822997291,1.151698
1616941109831689970,1616941109833248154,1.186613
1616941109841922892,1616941109843548084,1.244389
1616941109852083267,1616941109853769486,1.319608
1616941109862220894,1616941109863914534,1.325767
1616941109872432141,1616941109874061680,1.251535
1616941109882589361,1616941109884229266,1.249577
1616941109892742095,1616941109894376594,1.258178
1616941109902962545,1616941109904549090,1.196181
1616941109913179558,1616941109914878163,1.322985
1616941109923398935,1616941109925353641,1.677839
1616941109933619565,1616941109935018489,0.978234
1616941109943838785,1616941109945233737,0.992415
1616941109954100535,1616941109955610746,1.146069
1616941109964332351,1616941109965882191,1.117501
1616941109974447183,1616941109976082721,1.257405
1616941109984557840,1616941109986118355,1.119248
1616941109994738606,1616941109996247748,1.127785
1616941110004908454,1616941110010682135,5.412662
1616941110015088623,1616941110016482447,0.948133
1616941110025311750,1616941110026765626,1.089061
1616941110035530322,1616941110036933027,1.043928
1616941110045749777,1616941110047164062,1.054506
1616941110055969170,1616941110057599220,1.262686
1616941110066220939,1616941110067751312,1.140521
1616941110076443789,1616941110077938144,1.109528
1616941110086613402,1616941110088117667,1.127999
1616941110096842456,1616941110098400380,1.175959
1616941110107066045,1616941110108505498,1.025187
1616941110117233099,1616941110118625866,0.989175
1616941110127449690,1616941110128898328,1.068739
1616941110137682248,1616941110139047569,0.999543
1616941110147899818,1616941110149265322,0.991431
1616941110158166177,1616941110159689602,1.087564
1616941110168402156,1616941110169949626,1.155763
1616941110178532333,1616941110180059396,1.153726
1616941110188709048,1616941110190149115,0.992948
1616941110198878554,1616941110200308841,1.052707
1616941110209049686,1616941110210536967,1.096387
1616941110219264798,1616941110220781708,1.154563
1616941110229466549,1616941110230941224,1.054862
1616941110239659714,1616941110241197262,1.165258
1616941110249828257,1616941110251245140,1.012244
1616941110259993548,1616941110261470574,1.118747
1616941110270188006,1616941110271635743,1.080144
1616941110280363955,1616941110281842494,1.140674
1616941110290469296,1616941110292008757,1.097105
1616941110300684033,1616941110302279426,1.224728
1616941110310873818,1616941110312432683,1.123195
1616941110321092746,1616941110322670643,1.24529
1616941110331313391,1616941110332930347,1.184071
1616941110341534313,1616941110343083102,1.0832
1616941110351759772,1616941110353439246,1.221094
1616941110361934300,1616941110363550676,1.153351
1616941110372160133,1616941110373676801,1.071526
1616941110382289308,1616941110383820697,1.13336
1616941110392506605,1616941110393984525,1.029207
1616941110402674710,1616941110404152111,1.027388
1616941110412843301,1616941110414299780,0.986288
1616941110422965084,1616941110424386817,0.950062
1616941110433180595,1616941110434692109,1.064004
1616941110443335340,1616941110444785256,1.002598
1616941110453491339,1616941110454992123,1.071805
1616941110463598647,1616941110465139255,1.095685
1616941110473746074,1616941110475265380,1.074477
1616941110483964918,1616941110485444271,1.086582
1616941110494204599,1616941110495739396,1.166187
1616941110504429197,1616941110505978716,1.171492
1616941110514547165,1616941110516081790,1.158617
1616941110524709717,1616941110526237535,1.130702
1616941110534866720,1616941110536399239,1.149423
1616941110545028334,1616941110546572701,1.184785
1616941110555122428,1616941110556763762,1.191104
1616941110565302142,1616941110566872100,1.213727
1616941110575469133,1616941110576924597,1.000751
1616941110585703251,1616941110587801444,1.689759
1616941110595732852,1616941110597342904,1.225307
1616941110605970226,1616941110607581363,1.233016
1616941110616133201,1616941110617643453,1.077222
1616941110626245020,1616941110627939286,1.269912
1616941110636343012,1616941110637879466,1.167298
1616941110646444774,1616941110648019476,1.205363
1616941110656550776,1616941110658161281,1.193149
1616941110666672044,1616941110668327668,1.231365
1616941110676766587,1616941110678431680,1.315822
1616941110686815811,1616941110688413098,1.171145
1616941110696966964,1616941110698568327,1.22135
1616941110707129110,1616941110708725507,1.156163
1616941110717236547,1616941110718870609,1.792202
1616941110727348913,1616941110728882879,1.106279
1616941110737495090,1616941110739044569,1.100908
1616941110747669847,1616941110749350142,1.249879
1616941110757815992,1616941110759343807,1.16381
1616941110767931838,1616941110769426265,1.15605
1616941110778158935,1616941110779685608,1.163466
1616941110788187992,1616941110789767156,1.213177
1616941110798264997,1616941110799837921,1.236919
1616941110808436499,1616941110810006056,1.209284
1616941110818530309,1616941110820141303,1.249457
1616941110828757277,1616941110830257532,1.045282
1616941110838804052,1616941110840343859,1.18958
1616941110848907561,1616941110850551131,1.28359
1616941110859059468,1616941110860662869,1.238378
1616941110869236916,1616941110870769914,1.112546
1616941110879340112,1616941110880956469,1.256567
1616941110889491032,1616941110891048835,1.1218
1616941110899592372,1616941110901141005,1.1283
1616941110909628477,1616941110911151531,1.088034
1616941110919859171,1616941110921420998,1.117951
1616941110929893243,1616941110931481251,1.143108
1616941110939903675,1616941110941474986,1.128985
1616941110950081673,1616941110951763470,1.239092
1616941110960256076,1616941110961813885,1.109812
1616941110970430498,1616941110971955111,1.075592
1616941110980487817,1616941110982008667,1.075358
1616941110990648716,1616941110992165965,1.097686
1616941111000863602,1616941111002589100,1.365861
1616941111011027566,1616941111012635015,1.186168
1616941111021249098,1616941111022882329,1.261119
1616941111031467060,1616941111033111709,1.26684
1616941111041635097,1616941111043130956,1.052485
1616941111051881010,1616941111053477251,1.219723
1616941111062100173,1616941111063750871,1.209517
1616941111072336966,1616941111073958229,1.252729
1616941111082459709,1616941111084027543,1.135529
1616941111092676551,1616941111094241242,1.187778
1616941111102840146,1616941111104490735,1.282134
1616941111112955065,1616941111114460968,1.126952
1616941111123173291,1616941111124845447,1.283693
1616941111133392689,1616941111134946726,1.102977
1616941111143609690,1616941111145145107,1.135697
1616941111153829260,1616941111155393932,1.196441
1616941111164053378,1616941111165612942,1.179796
1616941111174231660,1616941111175670037,1.093679
1616941111184461058,1616941111186049700,1.206279
1616941111194641322,1616941111196192579,1.192194
1616941111204760711,1616941111206434988,1.359398
1616941111214979413,1616941111216592947,1.24204
1616941111225135378,1616941111226756382,1.18984
1616941111235265398,1616941111236911122,1.233656
1616941111245427514,1616941111247074056,1.286018
1616941111255652856,1616941111257283945,1.274412
1616941111265874694,1616941111267503424,1.244161
1616941111276100123,1616941111277821004,1.290339
1616941111286225064,1616941111287877695,1.195034
1616941111296386962,1616941111298069969,1.260963
1616941111306505343,1616941111308196687,1.26603
1616941111316690318,1616941111318323895,1.184963
1616941111326876636,1616941111328348285,1.028879
1616941111337053656,1616941111338574853,1.071445
1616941111347171783,1616941111348871231,1.28186
1616941111357390760,1616941111358998006,1.176192
1616941111367603531,1616941111369224563,1.182429
1616941111377816114,1616941111379387791,1.195873
1616941111387984314,1616941111389509968,1.093587
1616941111398218748,1616941111399861687,1.207548
1616941111408389350,1616941111410031089,1.214617
1616941111418499744,1616941111419958278,1.039053
1616941111428608453,1616941111430379311,1.334803
1616941111438720722,1616941111440455663,1.305846
1616941111448890816,1616941111450554189,1.297534
1616941111459068789,1616941111460542717,1.075247
1616941111469248050,1616941111470953617,1.237793
1616941111479429226,1616941111481050079,1.185368
1616941111489604864,1616941111491219425,1.232497
1616941111499819985,1616941111501483510,1.287971
1616941111509996842,1616941111511616005,1.252778
1616941111520215659,1616941111521966255,1.98148
1616941111530388989,1616941111531978846,1.134866
1616941111540616581,1616941111542279836,1.292548
1616941111550773718,1616941111552243265,1.041806
1616941111561006592,1616941111562558121,1.19784
1616941111571248706,1616941111572680682,1.073943
1616941111581472049,1616941111583018067,1.16324
1616941111591703040,1616941111593183652,1.106255
1616941111601933757,1616941111603425546,1.038614
1616941111612156031,1616941111613621610,1.09906
1616941111622271176,1616941111623828689,1.179254
1616941111632496031,1616941111634075327,1.193384
1616941111642669741,1616941111644121704,1.026128
1616941111652892680,1616941111654390516,1.133282
1616941111663052983,1616941111664509945,1.088286
1616941111673288693,1616941111674744100,1.106656
1616941111683512292,1616941111685005577,1.11695
1616941111693684950,1616941111695184712,1.118552
1616941111703920242,1616941111705385556,1.060355
1616941111714135886,1616941111715633998,1.06046
1616941111724357843,1616941111725897386,1.159652
1616941111734531368,1616941111736007026,1.098593
1616941111744754785,1616941111746229164,1.093997
1616941111754923970,1616941111756452151,1.146455
1616941111765188168,1616941111766728652,1.164612
1616941111775412102,1616941111776904191,1.10979
1616941111785602926,1616941111787090660,1.125497
1616941111795819382,1616941111797311668,1.073253
1616941111806071638,1616941111807617523,1.119098
1616941111816292741,1616941111817763623,1.01986
1616941111826420288,1616941111827903956,1.110918
1616941111836645789,1616941111838170599,1.148476
1616941111846825169,1616941111848229176,1.026967
1616941111857004867,1616941111858362168,0.972174
1616941111867128679,1616941111868551216,0.956585
1616941111877253788,1616941111878672536,0.977979
1616941111887428511,1616941111888808890,0.96748
1616941111897556392,1616941111898973859,0.951107
1616941111907720232,1616941111909112324,1.003898
1616941111917945200,1616941111919365564,1.027258
1616941111928166747,1616941111929561900,1.016593
1616941111938332844,1616941111939773502,1.102882
1616941111948564965,1616941111949990464,1.037435
1616941111958735304,1616941111960104883,0.926504
1616941111968962533,1616941111970395869,0.980304
1616941111979134147,1616941111980682872,1.091642
1616941111989351474,1616941111990831587,1.03267
1616941111999525764,1616941112001108143,1.14551
1616941112009779024,1616941112011406493,1.226426
1616941112020023576,1616941112021684259,1.238811
1616941112030228074,1616941112031843430,1.176081
1616941112040439099,1616941112042108956,1.244441
1616941112050605984,1616941112052254108,1.197048
1616941112060832397,1616941112062547991,1.30326
1616941112070988185,1616941112072593583,1.176358
1616941112081203459,1616941112082775778,1.197702
1616941112091364140,1616941112092920332,1.166475
1616941112101589669,1616941112103211633,1.2007
1616941112111758357,1616941112113278447,1.077676
1616941112121976384,1616941112123603551,1.195257
1616941112132138121,1616941112133668522,1.109772
1616941112142261992,1616941112143779947,1.118133
1616941112152501101,1616941112153980028,1.035294
1616941112162666770,1616941112164253354,1.207294
1616941112172890542,1616941112174377606,1.036856
1616941112183063580,1616941112184634023,1.194247
1616941112193231368,1616941112194822764,1.147871
1616941112203355595,1616941112204938014,1.228415
1616941112213586827,1616941112215161207,1.203219
1616941112223803969,1616941112225543580,1.366711
1616941112233972636,1616941112235588063,1.235102
1616941112244093874,1616941112245653123,1.143256
1616941112254193570,1616941112255745314,1.101663
1616941112264410706,1616941112266036607,1.211345
1616941112274529951,1616941112276181724,1.220934
1616941112284754893,1616941112286362671,1.180426
1616941112294868386,1616941112296353709,1.062624
1616941112305088478,1616941112306729485,1.209238
1616941112315311520,1616941112316905129,1.238373
1616941112325530502,1616941112327094179,1.143985
1616941112335692119,1616941112337803619,1.932069
1616941112345863525,1616941112347392964,1.150682
1616941112356081524,1616941112358213830,1.686345
1616941112366141281,1616941112367554341,0.983755
1616941112376381146,1616941112377924950,1.112385
1616941112386443676,1616941112387966213,1.160109
1616941112396574776,1616941112398023972,1.058362
1616941112406650365,1616941112408110888,1.062332
1616941112416871794,1616941112418390720,1.100008
1616941112427049249,1616941112428671588,1.19458
1616941112437272572,1616941112439026031,1.340651
1616941112447342195,1616941112448729804,1.014351
1616941112457442140,1616941112458861808,1.026677
1616941112467552898,1616941112469009742,1.046764
1616941112477687931,1616941112479186380,1.055237
1616941112487792711,1616941112489287094,1.094005
1616941112497898454,1616941112499382679,1.045254
1616941112508022918,1616941112509526463,1.076177
1616941112518175758,1616941112519714625,1.100661
1616941112528397320,1616941112529843802,1.02736
1616941112538502601,1616941112540083824,1.147729
1616941112548676542,1616941112550199372,1.08286
1616941112558849367,1616941112560445804,1.164739
1616941112569004454,1616941112570714043,1.270462
1616941112579162223,1616941112580873994,1.253359
1616941112589294076,1616941112590845646,1.11366
1616941112599334240,1616941112600841435,1.151965
1616941112609472252,1616941112610965530,1.054794
1616941112619511035,1616941112621036464,1.08745
1616941112629687638,1616941112631254176,1.156417
1616941112639872625,1616941112641344021,1.055607
1616941112650114634,1616941112651584360,1.016849
1616941112660333994,1616941112661839278,1.095013
1616941112670447137,1616941112671968772,1.072588
1616941112680674973,1616941112682198168,1.088561
1616941112690691705,1616941112692121421,1.066514
1616941112700911909,1616941112702351750,1.02724
1616941112711005579,1616941112712562962,1.123387
1616941112721162834,1616941112722671142,1.093948
1616941112731257742,1616941112732767206,1.118313
1616941112741410085,1616941112743013031,1.271367
1616941112751630426,1616941112753198599,1.145706
1616941112761869965,1616941112763434756,1.317698
1616941112772035244,1616941112773610250,1.142766
1616941112782230294,1616941112783932379,1.339857
1616941112792463183,1616941112793980930,1.079011
1616941112802632652,1616941112804156915,1.146253
1616941112812861996,1616941112814436971,1.211142
1616941112823097646,1616941112824581270,1.098748
1616941112833316979,1616941112834892262,1.148758
1616941112843537777,1616941112845113860,1.18047
1616941112853763157,1616941112855244792,1.112965
1616941112863973119,1616941112865507323,1.155519
1616941112874172508,1616941112875881795,1.35301
1616941112884398480,1616941112885987638,1.154788
1616941112894530548,1616941112896154194,1.269456
1616941112904751423,1616941112906330041,1.207136
1616941112914917617,1616941112916534060,1.252849
1616941112925082394,1616941112926702723,1.193454
1616941112935203690,1616941112936739356,1.177535
1616941112945423438,1616941112946975524,1.180005
1616941112955640662,1616941112957152064,1.15986
1616941112965890222,1616941112967399940,1.083671
1616941112976112090,1616941112977638355,1.10096
1616941112986281101,1616941112987827389,1.106515
1616941112996500912,1616941112998110889,1.188374
1616941113006724910,1616941113008250292,1.163296
1616941113016946707,1616941113018572460,1.198111
1616941113027166260,1616941113028695363,1.151688
1616941113037386179,1616941113038828937,1.017119
1616941113047617309,1616941113049047884,1.043578
1616941113057835661,1616941113059316900,1.099065
1616941113068004811,1616941113069406324,1.058425
1616941113078245304,1616941113079676872,1.049394
1616941113088471325,1616941113089906291,1.058801
1616941113098640673,1616941113100050229,1.012158
1616941113108859076,1616941113110339256,1.104097
1616941113119086538,1616941113120656351,1.191948
1616941113129308117,1616941113130923024,1.171455
1616941113139530832,1616941113141461170,1.741
1616941113149555726,1616941113151063462,1.127526
1616941113159775749,1616941113161241378,1.082166
1616941113170014635,1616941113171537437,1.136912
1616941113180238015,1616941113181714907,1.099814
1616941113190409872,1616941113191929921,1.131119
1616941113200628721,1616941113202128206,1.112149
1616941113210795547,1616941113212291931,1.071179
1616941113221015900,1616941113222581409,1.192652
1616941113231168833,1616941113232728784,1.176401
1616941113241400404,1616941113242826527,1.396453
1616941113251622602,1616941113253100676,1.130898
1616941113261844446,1616941113263292073,1.060919
1616941113272078198,1616941113273559577,1.09876
1616941113282227238,1616941113283738219,1.130328
1616941113292398050,1616941113293988893,1.214705
1616941113302507554,1616941113303993675,1.04529
1616941113312723607,1616941113314236949,1.1654
1616941113322824117,1616941113324295904,1.024907
1616941113333038472,1616941113334495057,1.108034
1616941113343206861,1616941113344684367,1.097712
1616941113353439810,1616941113354988226,1.1903
1616941113363661131,1616941113365059856,1.02389
1616941113373883188,1616941113375376672,1.113961
1616941113384117382,1616941113385512216,0.99753
1616941113394239600,1616941113395710956,1.041059
1616941113404465800,1616941113405888527,1.024366
1616941113414581941,1616941113415986751,0.970921
1616941113424802883,1616941113426189939,0.994478
1616941113435038922,1616941113436459344,1.031106
1616941113445260397,1616941113446700170,0.998228
1616941113455435014,1616941113456836794,0.993978
1616941113465672244,1616941113467159699,1.085517
1616941113475841701,1616941113477262640,1.047912
1616941113486090426,1616941113487556855,1.021633
1616941113496313047,1616941113497728822,0.986473
1616941113506482549,1616941113507955579,1.101491
1616941113516647331,1616941113518084620,1.062119
1616941113526817262,1616941113528280890,1.103668
1616941113536994503,1616941113538453219,1.120854
1616941113547157995,1616941113548706845,1.117505
1616941113557381045,1616941113558891707,1.126399
1616941113567607961,1616941113569116804,1.134904
1616941113577826513,1616941113579336711,1.12733
1616941113587998340,1616941113589518787,1.151669
1616941113598230345,1616941113599706675,1.103676
1616941113608452236,1616941113610036189,1.15868
1616941113618627307,1616941113620194698,1.202313
1616941113628797935,1616941113630514208,1.338475
1616941113639030690,1616941113640681333,1.28267
1616941113649251688,1616941113650871471,1.269718
1616941113659423450,1616941113661033899,1.256767
1616941113669597233,1616941113671099614,1.145672
1616941113679850628,1616941113681448953,1.25168
1616941113690098567,1616941113691652222,1.176065
1616941113700316624,1616941113701908868,1.229071
1616941113710437549,1616941113712045616,1.182399
1616941113720664117,1616941113722336277,1.27715
1616941113730823371,1616941113732410546,1.143124
1616941113741041904,1616941113742696200,1.601413
1616941113751262620,1616941113752853769,1.143524
1616941113761482660,1616941113762983142,1.075202
1616941113771701650,1616941113773247040,1.175623
1616941113781924436,1616941113783577092,1.214858
1616941113792147169,1616941113793744656,1.159751
1616941113802319761,1616941113803909322,1.186523
1616941113812547519,1616941113814135568,1.15641
1616941113822730888,1616941113824392726,1.260799
1616941113832955526,1616941113834663931,1.2908
1616941113843177578,1616941113844932963,1.388229
1616941113853396839,1616941113855012553,1.176685
1616941113863616333,1616941113865218187,1.175875
1616941113873860406,1616941113875354538,1.132318
1616941113884123459,1616941113885620146,1.136507
1616941113894293994,1616941113895754051,1.088023
1616941113904513599,1616941113906140537,1.259051
1616941113914683743,1616941113916307440,1.202979
1616941113924916731,1616941113926647705,1.373045
1616941113935139685,1616941113936715725,1.202112
1616941113945371517,1616941113947003413,1.724337
1616941113955590967,1616941113957082015,1.047191
1616941113965811355,1616941113967403652,1.182354
1616941113976000206,1616941113977565972,1.094666
1616941113986239177,1616941113987693389,0.98561
1616941113996460095,1616941113997921333,1.072598
1616941114006631400,1616941114008201966,1.215692
1616941114016854616,1616941114018427653,1.235459
1616941114027042682,1616941114028598482,1.194939
1616941114037219717,1616941114038724135,1.060792
1616941114047392674,1616941114048792216,1.046526
1616941114057570147,1616941114059029479,1.1005
1616941114067746617,1616941114069704532,1.476276
1616941114077944655,1616941114079442215,1.042049
1616941114088099785,1616941114089684189,1.16081
1616941114098197051,1616941114099769830,1.169788
1616941114108360056,1616941114109957563,1.175795
1616941114118413460,1616941114119999268,1.169499
1616941114128578134,1616941114130153922,1.152562
1616941114138753260,1616941114140257725,1.119131
1616941114148803600,1616941114150309724,1.13623
1616941114159026338,1616941114160663833,1.208552
1616941114169244344,1616941114170809700,1.135445
1616941114179467303,1616941114181115424,1.237821
1616941114189685782,1616941114191277828,1.173005
1616941114199785470,1616941114201374342,1.159532
1616941114210011681,1616941114211644119,1.215537
1616941114220214158,1616941114221763425,1.108697
1616941114230330843,1616941114231827206,1.061562
1616941114240477038,1616941114242108833,1.209518
1616941114250510292,1616941114252138770,1.255566
1616941114260613655,1616941114262164888,1.127373
1616941114270721735,1616941114272237452,1.08384
1616941114280765660,1616941114282500353,1.33585
1616941114290937538,1616941114292504810,1.160033
1616941114301159022,1616941114302717612,1.128712
1616941114311295984,1616941114312917411,1.253982
1616941114321466223,1616941114322982048,1.079031
1616941114331631064,1616941114333087476,1.031717
1616941114341789831,1616941114343271421,1.017226
1616941114352016787,1616941114353476997,1.05398
1616941114362152198,1616941114363621013,1.057387
1616941114372198450,1616941114373665966,1.02943
1616941114382315715,1616941114383801436,1.071261
1616941114392481875,1616941114394035300,1.119587
1616941114402647685,1616941114404104449,1.078878
1616941114412868308,1616941114414408873,1.199052
1616941114423051975,1616941114424538622,1.057191
1616941114433168176,1616941114434714053,1.205955
1616941114443323863,1616941114444849757,1.17281
1616941114453563534,1616941114455064023,1.122149
1616941114463794111,1616941114465327621,1.177973
1616941114473969117,1616941114475534084,1.19808
1616941114484137859,1616941114485723170,1.290417
1616941114494303681,1616941114495826840,1.157066
1616941114504471466,1616941114506115860,1.266002
1616941114514599551,1616941114516149809,1.110232
1616941114524767159,1616941114526307522,1.154732
1616941114534927830,1616941114536531897,1.225721
1616941114545156334,1616941114546769932,1.262271
1616941114555317908,1616941114556895166,1.215476
1616941114565490154,1616941114567012471,1.152902
1616941114575658581,1616941114577257812,1.226579
1616941114585828898,1616941114587389588,1.197575
1616941114595996779,1616941114597472976,1.109191
1616941114606159876,1616941114607727428,1.206273
1616941114616338455,1616941114617985424,1.212873
1616941114626450291,1616941114628050544,1.230994
1616941114636558873,1616941114638098114,1.101297
1616941114646671680,1616941114648193445,1.158877
1616941114656774493,1616941114658286285,1.129094
1616941114666886126,1616941114668549054,1.239504
1616941114677003396,1616941114678518719,1.093572
1616941114687222168,1616941114688722499,1.091257
1616941114697454267,1616941114698899772,1.022461
1616941114707636042,1616941114709112363,0.988829
1616941114717805064,1616941114719264121,1.041465
1616941114728024486,1616941114729480912,1.070463
1616941114738231189,1616941114739676538,1.023145
1616941114748411692,1616941114750171879,1.78796
1616941114758442758,1616941114760019325,1.207516
1616941114768617257,1616941114770109331,1.107897
1616941114778785028,1616941114780227698,1.036507
1616941114789010816,1616941114790521996,1.087446
1616941114799230781,1616941114800695092,1.163164
1616941114809469358,1616941114810949171,1.032531
1616941114819626868,1616941114821119278,1.040572
1616941114829844877,1616941114831341629,1.101241
1616941114840073568,1616941114841525589,1.117559
1616941114850242859,1616941114851709019,1.091436
1616941114860462017,1616941114861910667,1.025656
1616941114870635662,1616941114872092636,1.035682
1616941114880799938,1616941114882259717,1.074054
1616941114890961488,1616941114892483712,1.151472
1616941114901118542,1616941114902591444,1.056021
1616941114911354444,1616941114912858883,1.128724
1616941114921568731,1616941114923032115,1.031399
1616941114931815659,1616941114933322622,1.095111
1616941114942035916,1616941114943638600,1.188393
1616941114952280683,1616941114953867110,1.170084
1616941114962450079,1616941114964142715,1.300893
1616941114972683904,1616941114974269183,1.158108
1616941114982853630,1616941114984424594,1.115376
1616941114993073229,1616941114994728012,1.24731
1616941115003296596,1616941115004788376,1.033123
1616941115013514268,1616941115015119520,1.19674
1616941115023734983,1616941115025402685,1.249189
1616941115033970961,1616941115035558165,1.155149
1616941115044189438,1616941115045800051,1.183074
1616941115054358878,1616941115055865474,1.08268
1616941115064581776,1616941115066116147,1.120581
1616941115074753878,1616941115076284426,1.107627
1616941115084974825,1616941115086458554,1.107558
1616941115095194283,1616941115096602732,1.004003
1616941115105413786,1616941115106883179,1.002627
1616941115115646761,1616941115117124907,0.986449
1616941115125869226,1616941115127374231,1.05934
1616941115136099310,1616941115137688520,1.166902
1616941115146269124,1616941115147847193,1.134808
1616941115156489028,1616941115158055715,1.137076
1616941115166658962,1616941115168172479,1.076329
1616941115176877698,1616941115178416262,1.129053
1616941115187097408,1616941115188610453,1.083777
1616941115197318435,1616941115198835094,1.076113
1616941115207536534,1616941115209029372,1.053416
1616941115217760527,1616941115219232738,1.031368
1616941115227979175,1616941115229488958,1.070635
1616941115238215173,1616941115239795912,1.166749
1616941115248434519,1616941115250113375,1.259381
1616941115258604168,1616941115260197822,1.168574
1616941115268829609,1616941115270422888,1.187078
1616941115279044757,1616941115280625787,1.150233
1616941115289285049,1616941115290880495,1.172812
1616941115299457229,1616941115301058811,1.248459
1616941115309689610,1616941115311309482,1.233404
1616941115319863754,1616941115321479422,1.249967
1616941115330038432,1616941115331639248,1.219168
1616941115340170900,1616941115341845631,1.301912
1616941115350302172,1616941115351922550,1.1874
1616941115360446703,1616941115362035819,1.236852
1616941115370617911,1616941115372281951,1.280953
1616941115380838623,1616941115382444735,1.31666
1616941115391037290,1616941115392659707,1.2452
1616941115401194688,1616941115402776127,1.156759
1616941115411303412,1616941115412887476,1.146828
1616941115421528768,1616941115423095087,1.118407
1616941115431653043,1616941115433198036,1.046745
1616941115441774283,1616941115443391137,1.154171
1616941115451991462,1616941115453453820,1.059198
1616941115462191933,1616941115463831898,1.206893
1616941115472417777,1616941115473993943,1.201056
1616941115482533007,1616941115484112766,1.216995
1616941115492760032,1616941115494331499,1.141568
1616941115502926906,1616941115504574098,1.289501
1616941115513155182,1616941115514739155,1.208129
1616941115523391525,1616941115524989465,1.170305
1616941115533612195,1616941115535202411,1.209828
1616941115543834291,1616941115545487198,1.214757
1616941115554078217,1616941115555647340,1.180718
1616941115564232517,1616941115566387412,2.021124
1616941115574387514,1616941115576013765,1.243719
1616941115584629591,1616941115589394098,4.400414
1616941115594786241,1616941115596339957,1.120533
1616941115605007303,1616941115606573399,1.281832
1616941115615227824,1616941115616714650,1.052343
1616941115625463537,1616941115626993800,1.166823
1616941115635628776,1616941115637168352,1.160033
1616941115645851133,1616941115647358501,1.107909
1616941115656071610,1616941115657615163,1.105392
1616941115666231015,1616941115667699480,1.036449
1616941115676468028,1616941115677929814,1.085892
1616941115686642812,1616941115688296994,1.273114
1616941115696871529,1616941115698433187,1.224418
1616941115707094520,1616941115708652501,1.192764
1616941115717259121,1616941115718821444,1.202374
1616941115727434182,1616941115729022432,1.217778
1616941115737654360,1616941115739145803,1.059128
1616941115747873778,1616941115749508462,1.276084
1616941115758102951,1616941115759537571,1.0453
1616941115768323809,1616941115769910260,1.227901
1616941115778487153,1616941115779978737,1.112944
1616941115788713749,1616941115790378466,1.29452
1616941115798822636,1616941115800431050,1.204594
1616941115809044794,1616941115810651724,1.224029
1616941115819263646,1616941115820858446,1.180783
1616941115829490883,1616941115831046299,1.17363
1616941115839710603,1616941115841304874,1.648284
1616941115849891619,1616941115851380189,1.042515
1616941115859993291,1616941115861492813,1.059784
1616941115870039177,1616941115871565047,1.149054
1616941115880263994,1616941115881705144,0.997902
1616941115890298413,1616941115891863549,1.136776
1616941115900322707,1616941115901815881,1.116917
1616941115910378007,1616941115911942799,1.233314
1616941115920483665,1616941115922016113,1.101021
1616941115930642997,1616941115932255478,1.208061
1616941115940885808,1616941115942442151,1.205739
1616941115951057510,1616941115952631716,1.12932
1616941115961286464,1616941115962855477,1.096798
1616941115971379720,1616941115972866171,1.014861
1616941115981598124,1616941115983072277,1.026346
1616941115991703108,1616941115993318781,1.177791
1616941116001856406,1616941116003397158,1.146692
1616941116012081454,1616941116013577643,1.057207
1616941116022228355,1616941116023766079,1.094595
1616941116032443419,1616941116033916830,1.062895
1616941116042535862,1616941116044102007,1.209408
1616941116052753010,1616941116054264751,1.079498
1616941116062865699,1616941116064454204,1.264298
1616941116072901832,1616941116074459095,1.181728
1616941116083094873,1616941116084637731,1.196445
1616941116093285040,1616941116094812481,1.080215
1616941116103441767,1616941116104921317,1.11845
1616941116113452598,1616941116115035450,1.171547
1616941116123478804,1616941116124908611,1.032977
1616941116133697609,1616941116135202868,1.108973
1616941116143930712,1616941116145369904,1.035382
1616941116154030249,1616941116155460593,1.086708
1616941116164186885,1616941116165874978,1.283901
1616941116174339000,1616941116175877162,1.112836
1616941116184571107,1616941116186104164,1.24493
1616941116194745816,1616941116196264536,1.078517
1616941116204839507,1616941116206310225,1.05248
1616941116215059210,1616941116216561210,1.101048
1616941116225116928,1616941116226600665,1.089867
1616941116235342895,1616941116236813700,1.044881
1616941116245561141,1616941116247066221,1.114229
1616941116255718945,1616941116257287412,1.209069
1616941116265873199,1616941116267331386,1.075992
1616941116276041460,1616941116277642298,1.194493
1616941116286177075,1616941116287857929,1.304976
1616941116296394822,1616941116297962401,1.198329
1616941116306565385,1616941116308118800,1.183931
1616941116316786830,1616941116318379987,1.218172
1616941116326917072,1616941116328428187,1.09403
1616941116337088559,1616941116338647139,1.202279
1616941116347264224,1616941116348719179,1.016191
1616941116357441635,1616941116359390279,1.796129
1616941116367503999,1616941116369082320,1.21536
1616941116377722048,1616941116379243098,1.145882
1616941116387944213,1616941116389484127,1.146178
1616941116398178580,1616941116399612102,1.093971
1616941116408399697,1616941116409938407,1.162872
1616941116418569113,1616941116420049921,1.108594
1616941116428789199,1616941116430391125,1.226292
1616941116438939965,1616941116440483245,1.128649
1616941116449174784,1616941116450766413,1.226025
1616941116459406962,1616941116460911012,1.130171
1616941116469577369,1616941116471090331,1.132351
1616941116479803591,1616941116481288217,1.108648
1616941116490040094,1616941116491585222,1.170122
1616941116500262526,1616941116501852447,1.23358
1616941116510438807,1616941116512128011,1.295038
1616941116520659147,1616941116522164848,1.08618
1616941116530827106,1616941116532378838,1.204506
1616941116541055334,1616941116542550027,1.092469
1616941116551272523,1616941116552860792,1.221437
1616941116561491116,1616941116563021236,1.164376
1616941116571709029,1616941116573229326,1.18134
1616941116581925881,1616941116583467991,1.188209
1616941116592149526,1616941116593660232,1.122634
1616941116602314039,1616941116603866856,1.177504
1616941116612533188,1616941116614075342,1.165445
1616941116622701365,1616941116624197583,1.063004
1616941116632880132,1616941116634370027,1.083214
1616941116643035536,1616941116644494983,1.037354
1616941116653253070,1616941116654791420,1.175887
1616941116663482598,1616941116664954814,1.119348
1616941116673703265,1616941116675278020,1.209457
1616941116683923794,1616941116685465872,1.168461
1616941116694164582,1616941116695690623,1.181767
1616941116704384996,1616941116705876842,1.126416
1616941116714555066,1616941116716185098,1.254506
1616941116724773918,1616941116726241368,1.033634
1616941116734944487,1616941116736497770,1.209235
1616941116745178821,1616941116746686293,1.139162
1616941116755411435,1616941116756994396,1.212604
1616941116765631950,1616941116767212827,1.208031
1616941116775859217,1616941116777399708,1.166071
1616941116786098900,1616941116787657038,1.211958
1616941116796318775,1616941116797881743,1.186046
1616941116806488553,1616941116808033574,1.188855
1616941116816705581,1616941116818245440,1.1661
1616941116826868836,1616941116828407081,1.170894
1616941116837088826,1616941116838709062,1.197332
1616941116847306900,1616941116848786233,1.122186
1616941116857527192,1616941116859072813,1.167549
1616941116867745325,1616941116869414843,1.305144
1616941116877963371,1616941116879612219,1.264446
1616941116888196371,1616941116889801224,1.239234
1616941116898361814,1616941116900038024,1.300958
1616941116908596543,1616941116910263126,1.242073
1616941116918714006,1616941116920278297,1.131124
1616941116928836919,1616941116930391452,1.144223
1616941116939040419,1616941116940627406,1.203959
1616941116949158547,1616941116950760392,1.185066
1616941116959325693,1616941116960892563,1.19534
1616941116969546464,1616941116970986781,0.982839
1616941116979765204,1616941116981137759,1.011499
1616941116989984627,1616941116991445704,1.064509
1616941117000097206,1616941117001541171,1.04703
1616941117010319431,1616941117011830650,1.144286
1616941117020541824,1616941117021927328,1.018646
1616941117030716508,1616941117032093295,1.020155
1616941117040939724,1616941117042392828,1.054976
1616941117051160444,1616941117052635993,1.087218
1616941117061379840,1616941117062879524,1.124082
1616941117071599962,1616941117073145417,1.189806
1616941117081830328,1616941117083402527,1.212243
1616941117092060231,1616941117093607440,1.176441
1616941117102229834,1616941117103725698,1.130869
1616941117112450094,1616941117114082827,1.204869
1616941117122619009,1616941117124138202,1.138889
1616941117132840004,1616941117134372328,1.170664
1616941117143059765,1616941117144592007,1.135644
1616941117153278237,1616941117155254737,1.688306
1616941117163497537,1616941117164991087,1.030445
1616941117173724719,1616941117175279383,1.188278
1616941117183963641,1616941117185506702,1.16203
1616941117194201364,1616941117195743478,1.170774
1616941117204431877,1616941117206030656,1.224771
1616941117214599225,1616941117216220590,1.257557
1616941117224818201,1616941117226342627,1.160089
1616941117235042432,1616941117236595625,1.185983
1616941117245261885,1616941117246804442,1.170321
1616941117255481339,1616941117257016817,1.171783
1616941117265709154,1616941117267285338,1.211645
1616941117275879152,1616941117277417845,1.192652
1616941117285990701,1616941117287555316,1.13648
1616941117296203899,1616941117297777192,1.209072
1616941117306330477,1616941117307843090,1.13471
1616941117316554793,1616941117318085572,1.130499
1616941117326711316,1616941117328219997,1.129321
1616941117336929262,1616941117338583329,1.299792
1616941117347142771,1616941117348693862,1.184591
1616941117357360196,1616941117358930106,1.211665
1616941117367579281,1616941117369097755,1.148039
1616941117377744022,1616941117379298747,1.180807
1616941117387964788,1616941117389436814,1.096791
1616941117398197278,1616941117399763920,1.19632
1616941117408421134,1616941117409896355,1.114891
1616941117418586454,1616941117420028159,1.075581
1616941117428760012,1616941117430335100,1.194764
1616941117438931067,1616941117440453404,1.149074
1616941117449093826,1616941117450635337,1.184667
1616941117459312298,1616941117460900524,1.207446
1616941117469538824,1616941117471039116,1.133906
1616941117479753680,1616941117481301089,1.187193
1616941117489920799,1616941117491404227,1.129444
1616941117500139191,1616941117501625506,1.108783
1616941117510308002,1616941117511778806,1.090027
1616941117520537811,1616941117522044308,1.118351
1616941117530701815,1616941117532244137,1.201371
1616941117540919002,1616941117542460630,1.22205
1616941117551146263,1616941117552692167,1.179888
1616941117561364193,1616941117562958537,1.157186
1616941117571493653,1616941117572979628,1.12378
1616941117581709322,1616941117583212112,1.134289
1616941117591894321,1616941117593479134,1.222535
1616941117602090369,1616941117603545882,1.006142
1616941117612748592,1616941117614371664,1.244532
1616941117622955940,1616941117624522782,1.21801
1616941117633182829,1616941117634798150,1.180532
1616941117643246039,1616941117644797274,1.203176
1616941117653480683,1616941117654982814,1.064312
1616941117663680197,1616941117665155669,1.130681
1616941117673721073,1616941117675184735,1.089188
1616941117683933343,1616941117685394609,1.04071
1616941117693991295,1616941117695488539,1.171454
1616941117704094293,1616941117705699456,1.188963
1616941117714195588,1616941117715807951,1.173093
1616941117724354067,1616941117725928196,1.149487
1616941117734469914,1616941117736058204,1.180502
1616941117744676284,1616941117746198071,1.084482
1616941117754829429,1616941117756324750,1.162868
1616941117764957312,1616941117766431855,1.077069
1616941117775059960,1616941117776592624,1.151854
1616941117785099743,1616941117786583790,1.107273
1616941117795255807,1616941117796710237,1.015663
1616941117805410761,1616941117806781467,0.972739
1616941117815451863,1616941117816833344,1.004712
1616941117825660355,1616941117826996025,0.885773
1616941117835761803,1616941117837287653,1.096619
1616941117845980536,1616941117847451615,1.03089
1616941117856136812,1616941117857594491,1.033389
1616941117866219606,1616941117867683156,1.040524
1616941117876291146,1616941117877791167,1.085052
1616941117886347834,1616941117887907568,1.149437
1616941117896568194,1616941117898108417,1.131218
1616941117906682232,1616941117908205935,1.14793
1616941117916780365,1616941117918302701,1.149413
1616941117927024455,1616941117928496137,1.054696
1616941117937203594,1616941117938750164,1.113621
1616941117947366628,1616941117948848612,1.063631
1616941117957588064,1616941117959195132,1.590607
1616941117967813560,1616941117969294105,1.011924
1616941117978018042,1616941117979440919,0.983557
1616941117988180906,1616941117989614080,1.01483
1616941117998358813,1616941117999824515,1.047163
1616941118008522121,1616941118009934995,1.036872
1616941118018691342,1616941118020307823,1.203182
1616941118028914008,1616941118030402682,1.050872
1616941118039135464,1616941118040560010,0.970284
1616941118049319187,1616941118050766155,1.018854
1616941118059555536,1616941118061011280,1.004509
1616941118069774295,1616941118071201419,1.105801
1616941118080013713,1616941118081567530,1.137146
1616941118090230650,1616941118091722942,1.121234
1616941118100451070,1616941118101911219,1.088641
1616941118110622559,1616941118112111677,1.115549
1616941118120864721,1616941118122337533,1.124061
1616941118131083325,1616941118132480408,1.063655
1616941118141317711,1616941118142762387,1.085151
1616941118151539282,1616941118153019750,1.106696
1616941118161760220,1616941118163314802,1.184316
1616941118172009988,1616941118173495387,1.132305
1616941118182196766,1616941118183721375,1.14239
1616941118192416858,1616941118193925787,1.132923
1616941118202586940,1616941118205512361,2.551231
1616941118212752147,1616941118214131623,0.920022
1616941118222975800,1616941118224383387,1.006279
1616941118233203271,1616941118234734159,1.154854
1616941118243321117,1616941118244784764,1.125334
1616941118253541168,1616941118255015130,1.056719
1616941118263780307,1616941118265242051,1.085652
1616941118274000499,1616941118275534785,1.164775
1616941118284219391,1616941118285737661,1.138529
1616941118294389702,1616941118295945330,1.160609
1616941118304569861,1616941118306091622,1.139439
1616941118314744587,1616941118316147113,1.006095
1616941118324918331,1616941118326264091,0.944393
1616941118335142063,1616941118336554633,0.953748
1616941118345361044,1616941118346830289,1.043322
1616941118355592318,1616941118357086539,1.065407
1616941118365823665,1616941118367405436,1.156657
1616941118376043677,1616941118377550502,1.087608
1616941118386227116,1616941118387743141,1.088303
1616941118396443486,1616941118398012188,1.153377
1616941118406611865,1616941118408081719,1.025963
1616941118416846981,1616941118418326000,1.079684
1616941118427072466,1616941118428707932,1.215033
1616941118437291467,1616941118438810908,1.084582
1616941118447508223,1616941118449120244,1.184391
1616941118457739224,1616941118459269910,1.108999
1616941118467897109,1616941118469447679,1.126504
1616941118478147204,1616941118479755173,1.198912
1616941118488390486,1616941118489871506,1.056521
1616941118498558523,1616941118500178593,1.212816
1616941118508775778,1616941118510416251,1.243904
1616941118519002913,1616941118520619268,1.213444
1616941118529122564,1616941118530719257,1.171515
1616941118539346217,1616941118540945887,1.201782
1616941118549575175,1616941118551239673,1.248222
1616941118559807149,1616941118561406718,1.187201
1616941118570032688,1616941118571696617,1.251671
1616941118580250376,1616941118581884966,1.216916
1616941118590367235,1616941118591920540,1.115989
1616941118600500941,1616941118602062283,1.161946
1616941118610675511,1616941118612202548,1.098463
1616941118620902755,1616941118622384855,1.076214
1616941118631123322,1616941118632670163,1.148098
1616941118641366519,1616941118642931663,1.15922
1616941118651585255,1616941118653106183,1.094794
1616941118661804025,1616941118663390175,1.192243
1616941118672032165,1616941118673644450,1.226413
1616941118682222071,1616941118683853726,1.230428
1616941118692441182,1616941118694083299,1.214679
1616941118702611949,1616941118704226229,1.198357
1616941118712792396,1616941118714373481,1.170995
1616941118722961915,1616941118724587080,1.212093
1616941118733126735,1616941118734753311,1.185639
1616941118743360888,1616941118744881772,1.10613
1616941118753527795,1616941118755105673,1.152634
1616941118763708082,1616941118765708292,1.866069
1616941118773835772,1616941118775393016,1.187621
1616941118784057365,1616941118785643906,1.270751
1616941118794225470,1616941118795719922,1.134341
1616941118804444540,1616941118806058232,1.251272
1616941118814614872,1616941118816124315,1.15176
1616941118824787969,1616941118826367833,1.219057
1616941118835008337,1616941118836622833,1.278315
1616941118845231580,1616941118846716764,1.065408
1616941118855403568,1616941118856898541,1.157682
1616941118865638523,1616941118867106183,1.09919
1616941118875859040,1616941118877313753,1.080833
1616941118886097788,1616941118887636756,1.196377
1616941118896265798,1616941118897687197,0.998157
1616941118906378658,1616941118907928280,1.125113
1616941118916590007,1616941118918188208,1.204814
1616941118926769838,1616941118928366903,1.228683
1616941118936983402,1616941118938523688,1.142106
1616941118947155093,1616941118948734165,1.237508
1616941118957329305,1616941118958763010,0.9882
1616941118967508005,1616941118968999709,1.125986
1616941118977697086,1616941118979202427,1.132863
1616941118987934114,1616941118989382298,1.079541
1616941118998128794,1616941118999579360,1.06126
1616941119008231908,1616941119009698565,1.05592
1616941119018346736,1616941119019798102,0.99276
1616941119028567093,1616941119030021402,1.065124
1616941119038761831,1616941119040253779,1.068202
1616941119048930779,1616941119050414196,1.058167
1616941119059146167,1616941119060617597,1.053105
1616941119069324180,1616941119070803439,1.022288
1616941119079557508,1616941119081020931,1.056318
1616941119089729187,1616941119091187427,1.019345
1616941119099904024,1616941119101456989,1.141469
1616941119110148304,1616941119111822600,1.364921
1616941119120378623,1616941119121845717,1.055857
1616941119130549881,1616941119131995276,1.013317
1616941119140722538,1616941119142074673,0.903381
1616941119150902737,1616941119152282854,0.999519
1616941119161121978,1616941119162495509,1.007644
1616941119171344540,1616941119172802903,1.027226
1616941119181563693,1616941119182975353,1.012082
1616941119191809291,1616941119193244769,1.043943
1616941119202040010,1616941119203540983,1.088875
1616941119212234287,1616941119213755384,1.103275
1616941119222341005,1616941119223824463,1.058734
1616941119232498014,1616941119233957993,1.055233
1616941119242663966,1616941119244058202,0.96196
1616941119252881428,1616941119254334543,1.070202
1616941119263108860,1616941119264649586,1.143288
1616941119273335920,1616941119274888476,1.146219
1616941119283559316,1616941119285149117,1.184311
1616941119293775347,1616941119295260478,1.052415
1616941119303998649,1616941119305561064,1.161326
1616941119314215802,1616941119316158067,1.58461
1616941119324377009,1616941119326010405,1.274148
1616941119334484237,1616941119336106375,1.261707
1616941119344718684,1616941119346359542,1.318124
1616941119354747480,1616941119356278361,1.150124
1616941119364919783,1616941119366543307,1.29304
1616941119375021342,1616941119376590802,1.223235
1616941119385076014,1616941119386679749,1.186423
1616941119395242744,1616941119396878198,1.246731
1616941119405287728,1616941119406838477,1.126752
1616941119415462441,1616941119417038160,1.155959
1616941119425619211,1616941119427166256,1.129923
1616941119435711974,1616941119437341470,1.202064
1616941119445924436,1616941119447539730,1.245786
1616941119455999670,1616941119457645299,1.230919
1616941119466070622,1616941119467663909,1.216918
1616941119476173602,1616941119477681331,1.078659
1616941119486202525,1616941119487768944,1.145793
1616941119496357704,1616941119497956226,1.185611
1616941119506480701,1616941119508112604,1.282287
1616941119516702043,1616941119518271513,1.194502
1616941119526871420,1616941119528431869,1.27113
1616941119537017713,1616941119538663299,1.230818
1616941119547148207,1616941119548826078,1.316173
1616941119557213179,1616941119558787897,1.168814
1616941119567404934,1616941119569408436,1.700305
1616941119577435550,1616941119578946082,1.077084
1616941119587597405,1616941119589069974,1.098395
1616941119597694704,1616941119599297463,1.249921
1616941119607742568,1616941119609262516,1.144985
1616941119617781218,1616941119619295240,1.09877
1616941119627803384,1616941119629242889,0.993181
1616941119637895567,1616941119639387294,1.079448
1616941119648004006,1616941119649566399,1.194986
1616941119658117259,1616941119659682565,1.210423
1616941119668220622,1616941119669725443,1.079082
1616941119678349154,1616941119679939208,1.159945
1616941119688453701,1616941119689947259,1.126812
1616941119698575081,1616941119700156501,1.21328
1616941119708794525,1616941119710354851,1.125232
1616941119718967297,1616941119720526345,1.132209
1616941119729190091,1616941119730757010,1.130561
1616941119739359296,1616941119740909242,1.139205
1616941119749609999,1616941119751078601,1.041588
1616941119759828389,1616941119761386544,1.148685
1616941119770072037,1616941119771648883,1.245616
1616941119780251230,1616941119781825462,1.220421
1616941119790362174,1616941119791926596,1.222597
1616941119800583468,1616941119802086660,1.147566
1616941119810747119,1616941119812406687,1.307995
1616941119820967110,1616941119822564494,1.229403
1616941119831180768,1616941119832734549,1.195529
1616941119841402354,1616941119842962732,1.181831
1616941119851568286,1616941119853229104,1.310058
1616941119861665321,1616941119863223707,1.134504
1616941119871886418,1616941119873480418,1.233193
1616941119882060189,1616941119883699804,1.285466
1616941119892275918,1616941119893886527,1.258672
1616941119902389680,1616941119904003611,1.246424
1616941119912609274,1616941119914215311,1.238088
1616941119922776607,1616941119924449057,1.322494
1616941119932990751,1616941119934635984,1.297334
1616941119943150539,1616941119944803355,1.295984
1616941119953368759,1616941119954940738,1.195214
1616941119963545656,1616941119965200656,1.182476
1616941119973770452,1616941119975328763,1.090964
1616941119983944951,1616941119985487564,1.115731
1616941119994162865,1616941119995721092,1.197775
1616941120004387488,1616941120005997426,1.231534
1616941120014505352,1616941120016135334,1.263792
1616941120024728413,1616941120027766027,2.638203
1616941120034893971,1616941120036337601,1.044123
1616941120045114182,1616941120046619249,1.172593
1616941120055382128,1616941120056854946,1.093891
1616941120065548624,1616941120067019458,1.101254
1616941120075767008,1616941120077353670,1.244082
1616941120085984942,1616941120087631577,1.279169
1616941120096155056,1616941120097644744,1.078303
1616941120106281409,1616941120108035125,1.387467
1616941120116447666,1616941120117977726,1.105763
1616941120126620338,1616941120128137891,1.155325
1616941120136789116,1616941120138339186,1.115858
1616941120146958986,1616941120148482854,1.09561
1616941120157129205,1616941120158714358,1.255285
1616941120167295468,1616941120168841724,1.188537
1616941120177464811,1616941120179053525,1.170135
1616941120187637104,1616941120189145615,1.151101
1616941120197833827,1616941120199359701,1.171418
1616941120207999487,1616941120209471302,1.088605
1616941120218162701,1616941120219717940,1.215631
1616941120228383109,1616941120230079879,1.34631
1616941120238545453,1616941120240133255,1.173026
1616941120248765801,1616941120250304248,1.177491
1616941120258991603,1616941120260459371,1.115211
1616941120269152798,1616941120270705155,1.196268
1616941120279372750,1616941120280961504,1.241284
1616941120289600048,1616941120291171647,1.145323
1616941120299827787,1616941120301356863,1.148636
1616941120310067482,1616941120311555743,1.047928
1616941120320239200,1616941120321785843,1.148256
1616941120330407169,1616941120331926471,1.09038
1616941120340660088,1616941120342187585,1.149587
1616941120350783743,1616941120352364759,1.16312
1616941120361004830,1616941120362552409,1.154193
1616941120371173439,1616941120373455232,1.943268
1616941120381394840,1616941120382869183,1.01329
1616941120391577403,1616941120393073947,1.050687
1616941120401798258,1616941120403308718,1.080863
1616941120412018243,1616941120413543983,1.0903
1616941120422188944,1616941120423660932,1.03774
1616941120432370130,1616941120433863296,1.056241
1616941120442491169,1616941120443929914,0.967321
1616941120452707969,1616941120454176256,1.004021
1616941120462836524,1616941120464307790,1.048063
1616941120473059761,1616941120474585112,1.133208
1616941120483272146,1616941120484767568,1.141449
1616941120493486318,1616941120494978947,1.048149
1616941120503700136,1616941120505225129,1.083047
1616941120513920689,1616941120515441413,1.16567
1616941120524137282,1616941120525652546,1.142175
1616941120534359518,1616941120535857552,1.123754
1616941120544579799,1616941120546003659,1.036439
1616941120554779559,1616941120556262826,1.111836
1616941120565014836,1616941120566455541,1.09969
1616941120575255469,1616941120577172578,1.573347
1616941120585480776,1616941120586908270,1.042466
1616941120595708829,1616941120597162895,1.030406
1616941120605933524,1616941120607383530,1.030688
1616941120616162986,1616941120617621762,1.061522
1616941120626332848,1616941120627750221,1.013929
1616941120636553645,1616941120638104549,1.103496
1616941120646723600,1616941120648238120,1.079745
1616941120656947813,1616941120658346097,0.943881
1616941120667118045,1616941120668521375,0.973856
1616941120677338039,1616941120678732098,1.027797
1616941120687558729,1616941120688987093,1.06989
1616941120697777930,1616941120699275452,1.075468
1616941120707939765,1616941120709427824,1.111643
1616941120718129382,1616941120719727582,1.248367
1616941120728355966,1616941120729898386,1.179888
1616941120738523747,1616941120739972104,1.105469
1616941120748744267,1616941120750216803,1.107229
1616941120758911074,1616941120760460252,1.17387
1616941120769129938,1616941120770714876,1.2306
1616941120779253064,1616941120780714350,1.038557
1616941120789430355,1616941120790995990,1.153189
1616941120799603745,1616941120801101882,1.076976
1616941120809718349,1616941120811265357,1.101632
1616941120819884619,1616941120821323335,1.050874
1616941120830039408,1616941120831539423,1.038871
1616941120840146532,1616941120841709896,1.165147
1616941120850253104,1616941120851763521,1.166414
1616941120860372959,1616941120861889342,1.238851
1616941120870492318,1616941120872086181,1.16944
1616941120880668617,1616941120882248959,1.155136
1616941120890779896,1616941120892355375,1.127381
1616941120900949022,1616941120902610668,1.279268
1616941120911074924,1616941120912634225,1.176208
1616941120921301631,1616941120922911035,1.185819
1616941120931470543,1616941120933040447,1.15332
1616941120941652851,1616941120943147239,1.068964
1616941120951872870,1616941120953396346,1.136612
1616941120962102369,1616941120963613064,1.078178
1616941120972322826,1616941120973904269,1.236966
1616941120982445914,1616941120984058963,1.262244
1616941120992664971,1616941120994183800,1.082357
1616941121002832511,1616941121004454085,1.196309
1616941121012998364,1616941121014541895,1.181957
1616941121023221707,1616941121024786324,1.227204
1616941121033459445,1616941121035687723,1.864353
1616941121043573853,1616941121045087637,1.153677
1616941121053803708,1616941121055301941,1.206121
1616941121063859790,1616941121065324252,1.030864
1616941121073871525,1616941121075375705,1.062674
1616941121083971554,1616941121085510162,1.13188
1616941121094147171,1616941121095761089,1.235669
1616941121104310792,1616941121105898402,1.192719
1616941121114435039,1616941121115973408,1.107782
1616941121124537929,1616941121126151055,1.231767
1616941121134661818,1616941121136237587,1.234493
1616941121144814742,1616941121146404544,1.214377
1616941121154915801,1616941121156451183,1.10518
1616941121165137882,1616941121166747288,1.175576
1616941121175303349,1616941121176794320,1.111561
1616941121185401601,1616941121187278736,1.550937
1616941121195506345,1616941121197038282,1.100825
1616941121205619593,1616941121207143567,1.134319
1616941121215787140,1616941121217264929,1.064556
1616941121225953817,1616941121227482059,1.124782
1616941121236054085,1616941121237458154,0.951421
1616941121246156211,1616941121247629393,1.040395
1616941121256262054,1616941121257776768,1.076953
1616941121266362740,1616941121267984065,1.199645
1616941121276533010,1616941121278092652,1.174348
1616941121286646345,1616941121288154583,1.080967
1616941121296878641,1616941121298348981,1.058186
1616941121307035647,1616941121308545391,1.084899
1616941121317211548,1616941121318741266,1.120621
1616941121327326397,1616941121328802408,1.03391
1616941121337494407,1616941121338962786,1.037295
1616941121347666570,1616941121349204513,1.097412
1616941121357893532,1616941121359473447,1.1555
1616941121368108297,1616941121369652104,1.095335
1616941121378247813,1616941121379752059,1.074943
1616941121388445819,1616941121389930054,1.034886
1616941121398612979,1616941121400181903,1.143471
1616941121408832413,1616941121410381249,1.122934
1616941121418933311,1616941121420498890,1.153742
1616941121429147032,1616941121430571280,0.977619
1616941121439356394,1616941121440843492,1.103219
1616941121449573209,1616941121451054225,1.04029
1616941121459759054,1616941121461323065,1.191381
1616941121469997823,1616941121471559684,1.189472
1616941121480209194,1616941121481674048,1.097754
1616941121490333140,1616941121491713681,1.062534
1616941121500575025,1616941121502016408,1.075046
1616941121510749553,1616941121512241266,1.218932
1616941121520924945,1616941121522402955,1.051606
1616941121531096796,1616941121532623828,1.107722
1616941121541259300,1616941121542789294,1.116888
1616941121551419924,1616941121552896012,1.027076
1616941121561527847,1616941121563073772,1.122277
1616941121571643666,1616941121573168512,1.148521
1616941121581763550,1616941121583338920,1.138886
1616941121591875848,1616941121593468212,1.138421
1616941121601990910,1616941121603547835,1.185602
1616941121612168258,1616941121613639152,1.020832
1616941121622277774,1616941121623772706,1.159499
1616941121632491556,1616941121633943575,1.078364
1616941121642598001,1616941121644216441,1.228356
1616941121652771722,1616941121654450738,1.332739
1616941121662930352,1616941121664522048,1.18292
1616941121673104304,1616941121674695392,1.198506
1616941121683274252,1616941121684799599,1.166222
1616941121693489385,1616941121695065194,1.140165
1616941121703705562,1616941121705254264,1.197124
1616941121713875863,1616941121715434639,1.14327
1616941121724107651,1616941121725712230,1.248908
1616941121734276979,1616941121735820626,1.201542
1616941121744508194,1616941121746114618,1.236815
1616941121754678886,1616941121756233791,1.186004
1616941121764912907,1616941121766630829,1.363322
1616941121775132639,1616941121776736283,1.233245
1616941121785350464,1616941121786926648,1.157449
1616941121795509244,1616941121797004325,1.06746
1616941121805728746,1616941121807226874,1.080315
1616941121815954892,1616941121817474089,1.194717
1616941121826171988,1616941121827815524,1.280681
1616941121836396680,1616941121838007053,1.236024
1616941121846569833,1616941121848197061,1.265677
1616941121856792748,1616941121858357903,1.183028
1616941121866959904,1616941121868509312,1.189508
1616941121877182798,1616941121878725222,1.161977
1616941121887354472,1616941121888882522,1.161019
1616941121897485356,1616941121899009918,1.133363
1616941121907722376,1616941121909275363,1.185133
1616941121917894548,1616941121919403534,1.145214
1616941121928117735,1616941121929659686,1.173463
1616941121938277339,1616941121939839450,1.189429
1616941121948440000,1616941121949993797,1.161102
1616941121958611085,1616941121960153062,1.079369
1616941121968788717,1616941121970316633,1.105734
1616941121978928171,1616941121980418045,1.067279
1616941121989090771,1616941121991010534,1.592401
1616941121999287000,1616941122000857408,1.160289
1616941122009456903,1616941122010995744,1.114216
1616941122019621743,1616941122021037715,0.963978
1616941122029790690,1616941122031196307,0.98333
1616941122039961760,1616941122041355818,0.951611
1616941122050140018,1616941122051605643,1.014308
1616941122060302462,1616941122061667117,0.931134
1616941122070471724,1616941122071907757,0.951354
1616941122080601506,1616941122082009133,0.986297
1616941122090756554,1616941122092136615,0.982987
1616941122100879606,1616941122102342576,1.038262
1616941122111120913,1616941122112630934,1.135056
1616941122121273979,1616941122122807580,1.127321
1616941122131492216,1616941122132982167,1.057149
1616941122141623053,1616941122143129247,1.085171
1616941122151839182,1616941122153301399,1.04082
1616941122161998315,1616941122163503087,1.092489
1616941122172219132,1616941122173696527,1.0275
1616941122182342730,1616941122183885356,1.115532
1616941122192573393,1616941122194026542,1.005913
1616941122202737824,1616941122204310477,1.187299
1616941122212958740,1616941122214425595,1.076784
1616941122223123985,1616941122224567605,1.01071
1616941122233299937,1616941122234791021,1.091799
1616941122243523293,1616941122244978329,1.04517
1616941122253752959,1616941122255307956,1.140345
1616941122263973671,1616941122265546873,1.168106
1616941122274161312,1616941122275731507,1.176875
1616941122284359206,1616941122285853456,1.090931
1616941122294536909,1616941122296028519,1.063599
1616941122304764214,1616941122306360460,1.188935
1616941122314983772,1616941122316472372,1.092542
1616941122325202336,1616941122326750184,1.147511
1616941122335370795,1616941122336843503,1.061714
1616941122345606701,1616941122347107636,1.09722
1616941122355850103,1616941122357221622,0.990347
1616941122366090438,1616941122367495911,1.000291
1616941122376314663,1616941122377763437,1.112229
1616941122386489694,1616941122388032148,1.141892
1616941122396723262,1616941122398207358,1.09252
1616941122406959809,1616941122408417163,1.014219
1616941122417183045,1616941122418642023,1.082417
1616941122427403898,1616941122428841131,1.043838
1616941122437628004,1616941122439049833,0.972817
1616941122447794998,1616941122449254024,1.032516
1616941122458016991,1616941122459434665,1.024572
1616941122468239475,1616941122469707800,1.041796
1616941122478477272,1616941122479915030,1.081951
1616941122488699858,1616941122490134339,1.080828
1616941122498868391,1616941122500282328,0.980984
1616941122508995470,1616941122510418433,1.046241
1616941122519190741,1616941122520635762,1.069424
1616941122529311043,1616941122531176700,1.49731
1616941122539524795,1616941122541062980,1.106983
1616941122549745849,1616941122551380543,1.274818
1616941122559963951,1616941122561514616,1.188351
1616941122570196763,1616941122571881185,1.35648
1616941122580417071,1616941122582050453,1.271152
1616941122590588986,1616941122592136109,1.185611
1616941122600809354,1616941122602290406,1.100661
1616941122611030220,1616941122612608943,1.181084
1616941122621252324,1616941122622713780,1.02584
1616941122631546732,1616941122633276347,1.271257
1616941122641718723,1616941122643339052,1.225802
1616941122651953427,1616941122653549686,1.22822
1616941122662153145,1616941122663720075,1.19452
1616941122672403033,1616941122673996008,1.231125
1616941122682530700,1616941122684090750,1.209938
1616941122692751811,1616941122694348980,1.251554
1616941122702980222,1616941122704570392,1.209629
1616941122713197888,1616941122714767097,1.205174
1616941122723418518,1616941122724970648,1.167735
1616941122733640282,1616941122735229290,1.162404
1616941122743864920,1616941122745414226,1.178249
1616941122754088632,1616941122755643466,1.223302
1616941122764307830,1616941122765802335,1.166556
1616941122774426780,1616941122775966092,1.200579
1616941122784653544,1616941122786195208,1.168878
1616941122794776673,1616941122796812422,1.7628
1616941122804807662,1616941122806754380,1.505747
1616941122814951690,1616941122816479157,1.093803
1616941122825111952,1616941122826697387,1.150818
1616941122835211579,1616941122836671902,1.08149
1616941122845391666,1616941122846799479,1.017756
1616941122855497296,1616941122857026724,1.108855
1616941122865718605,1616941122867307293,1.171338
1616941122875941465,1616941122877366169,1.02042
1616941122886040445,1616941122887585880,1.14793
1616941122896188009,1616941122897675362,1.05506
1616941122906309074,1616941122907836147,1.110008
1616941122916535967,1616941122918106179,1.27933
1616941122926613044,1616941122928238133,1.223466
1616941122936845185,1616941122938428904,1.193658
1616941122947000303,1616941122948586807,1.165198
1616941122957173970,1616941122958743073,1.159123
1616941122967191003,1616941122968771914,1.183777
1616941122977224565,1616941122978799650,1.158094
1616941122987387614,1616941122988872278,1.063689
1616941122997473693,1616941122998964129,1.059633
1616941123007607475,1616941123009077232,1.091423
1616941123017781712,1616941123019315694,1.129439
1616941123027880177,1616941123029479829,1.232428
1616941123038031269,1616941123039564005,1.117353
1616941123048256762,1616941123049749617,1.05747
1616941123058292127,1616941123059851156,1.13378
1616941123068402481,1616941123069852385,1.003351
1616941123078486778,1616941123080004753,1.151612
1616941123088585925,1616941123090096623,1.086674
1616941123098664637,1616941123100234079,1.152081
1616941123108908643,1616941123110376041,1.101551
1616941123119132864,1616941123120602804,1.090769
1616941123129369454,1616941123130890220,1.151252
1616941123139590254,1616941123141015198,1.04286
1616941123149811592,1616941123151282289,1.111796
1616941123160038212,1616941123161520268,1.122864
1616941123170187788,1616941123171685472,1.135997
1616941123180412078,1616941123181899217,1.132139
1616941123190635153,1616941123192129623,1.134611
1616941123200877559,1616941123202369983,1.114887
1616941123211095141,1616941123212573004,1.112232
1616941123221314001,1616941123222826321,1.134186
1616941123231539895,1616941123233002306,1.087027
1616941123241760458,1616941123243489162,1.351756
1616941123251978426,1616941123253530717,1.121404
1616941123262210228,1616941123263728639,1.136035
1616941123272441205,1616941123273989371,1.185674
1616941123282610084,1616941123284256617,1.280882
1616941123292829815,1616941123294312997,1.05754
1616941123302989744,1616941123304439408,0.999167
1616941123313220422,1616941123314773395,1.134387
1616941123323439600,1616941123324962006,1.16483
1616941123333664128,1616941123335192280,1.168647
1616941123343888957,1616941123345487964,1.235808
1616941123354108030,1616941123355613104,1.134215
1616941123364332846,1616941123365869844,1.169234
1616941123374500861,1616941123376570389,1.715359
1616941123384718348,1616941123387801893,2.659012
1616941123394935657,1616941123396537846,1.197988
1616941123405152589,1616941123406524738,0.957151
1616941123415395034,1616941123416781214,1.022508
1616941123425612787,1616941123427014539,1.005336
1616941123435846741,1616941123437241935,0.984697
1616941123446111270,1616941123447669516,1.191447
1616941123456330588,1616941123457853670,1.165745
1616941123466500309,1616941123467959077,1.077645
1616941123476724150,1616941123478233626,1.158469
1616941123486904744,1616941123488494845,1.226854
1616941123497023019,1616941123498511489,1.094794
1616941123507195948,1616941123508613843,0.988072
1616941123517370000,1616941123518723594,0.97998
1616941123527551049,1616941123528913553,1.018176
1616941123537780063,1616941123539156738,1.029074
1616941123547999305,1616941123549491406,1.114256
1616941123558223766,1616941123559805281,1.239899
1616941123568452427,1616941123570065316,1.248619
1616941123578619355,1616941123580189381,1.220922
1616941123588838566,1616941123590864956,1.868871
1616941123599006160,1616941123600627172,1.263471
1616941123609229102,1616941123610811627,1.219689
1616941123619454988,1616941123620980595,1.163511
1616941123629674030,1616941123631193307,1.157325
1616941123639912930,1616941123641444671,1.182235
1616941123650147068,1616941123651628038,1.109546
1616941123660365448,1616941123661853206,1.118452
1616941123670490106,1616941123672014763,1.166869
1616941123680725067,1616941123682211617,1.126699
1616941123690944020,1616941123692505546,1.199557
1616941123701162039,1616941123702722238,1.202724
1616941123711321345,1616941123712862184,1.163696
1616941123721548393,1616941123723081472,1.170818
1616941123731770778,1616941123733330819,1.156805
1616941123742001788,1616941123743641003,1.285748
1616941123752265561,1616941123753845261,1.141458
1616941123762442219,1616941123763958713,1.158776
1616941123772669156,1616941123774222651,1.20823
1616941123782780600,1616941123784377079,1.239148
1616941123793001682,1616941123794583141,1.175667
1616941123803219433,1616941123804974839,1.479201
1616941123813400738,1616941123814842504,0.995185
1616941123823618468,1616941123825119081,1.173158
1616941123833842731,1616941123835352892,1.129365
1616941123844066835,1616941123845565731,1.154571
1616941123854193191,1616941123855800959,1.226804
1616941123864370447,1616941123865919207,1.13659
1616941123874548071,1616941123875979668,1.067814
1616941123884764329,1616941123886244243,1.094323
1616941123894925927,1616941123896401233,1.126136
1616941123905154452,1616941123906718698,1.195882
1616941123915384328,1616941123916915855,1.148901
1616941123925630346,1616941123927175750,1.188963
1616941123935862542,1616941123937384462,1.16736
1616941123946103840,1616941123947671528,1.14541
1616941123956322783,1616941123957737234,0.97401
1616941123966446024,1616941123968006712,1.133849
1616941123976668358,1616941123978234219,1.205698
1616941123986828208,1616941123988489553,1.282308
1616941123997003217,1616941123998627958,1.278005
1616941124007175702,1616941124008689026,1.167364
1616941124017363648,1616941124018880291,1.148827
1616941124027579277,1616941124029181193,1.260817
1616941124037800603,1616941124039334920,1.169507
1616941124048019640,1616941124049624451,1.245879
1616941124058180735,1616941124059747215,1.217239
1616941124068404249,1616941124069979594,1.210604
1616941124078530850,1616941124080067469,1.196292
1616941124088752040,1616941124090364830,1.201245
1616941124098968387,1616941124100432117,1.138023
1616941124109187159,1616941124110648437,1.107357
1616941124119363058,1616941124120909035,1.183503
1616941124129611038,1616941124131193633,1.241343
1616941124139833384,1616941124141362615,1.153128
1616941124150099209,1616941124151581072,1.123684
1616941124160329591,1616941124161780562,1.132314
1616941124170496691,1616941124171989321,1.131389
1616941124180717733,1616941124182353234,1.278194
1616941124190893902,1616941124192434473,1.199316
1616941124201114648,1616941124202606869,1.172835
1616941124211343857,1616941124213014505,1.318232
1616941124221562425,1616941124223137294,1.21098
1616941124231691665,1616941124233346508,1.307361
1616941124241813634,1616941124243619042,1.444426
1616941124251983649,1616941124253641616,1.254016
1616941124262233227,1616941124263766941,1.17003
1616941124272474422,1616941124274026610,1.196337
1616941124282643170,1616941124284215683,1.225343
1616941124292870210,1616941124294459857,1.326144
1616941124303039062,1616941124304700332,1.309467
1616941124313252015,1616941124314924688,1.333558
1616941124323421713,1616941124324969094,1.133505
1616941124333587442,1616941124335202866,1.261763
1616941124343758995,1616941124345456596,1.344994
1616941124353987038,1616941124355702933,1.377167
1616941124364205297,1616941124365819335,1.164117
1616941124374377561,1616941124376086036,1.280952
1616941124384605313,1616941124386196815,1.189402
1616941124394773968,1616941124396329567,1.214527
1616941124405001504,1616941124406784272,1.473545
1616941124415217742,1616941124416733595,1.078119
1616941124425392532,1616941124426835567,1.058178
1616941124435611383,1616941124437151765,1.184424
1616941124445830771,1616941124447279363,1.102235
1616941124456048505,1616941124457517511,1.108725
1616941124466221125,1616941124467747224,1.155338
1616941124476438667,1616941124477900214,1.094478
1616941124486555327,1616941124487965114,0.998221
1616941124496724873,1616941124498199037,1.130337
1616941124506917944,1616941124508371480,1.080941
1616941124517081328,1616941124518562671,1.117908
1616941124527250273,1616941124529200966,1.49474
1616941124537463108,1616941124538913787,1.016701
1616941124547560999,1616941124549139129,1.182791
1616941124557590204,1616941124559110373,1.119566
1616941124567632828,1616941124569158934,1.131037
1616941124577728607,1616941124579319849,1.236627
1616941124587888276,1616941124589352380,1.022479
1616941124597988169,1616941124599432784,1.051215
1616941124608213870,1616941124609647294,1.035824
1616941124618236799,1616941124619768094,1.162202
1616941124628341730,1616941124629818616,1.045778
1616941124638461946,1616941124639960303,1.077119
1616941124648578338,1616941124650020632,1.01962
1616941124658681652,1616941124660211398,1.106493
1616941124668790302,1616941124670303658,1.076729
1616941124678887524,1616941124680426427,1.116307
1616941124688998738,1616941124690503740,1.11411
1616941124699058773,1616941124700552995,1.119009
1616941124709150814,1616941124710655158,1.077898
1616941124719191948,1616941124720674055,1.049397
1616941124729381452,1616941124730852476,1.04107
1616941124739604905,1616941124741035263,1.012317
1616941124749719465,1616941124751185415,1.033157
1616941124759763234,1616941124761236915,1.09254
1616941124769841902,1616941124771286852,1.015531
1616941124779985141,1616941124781380040,0.965826
1616941124790207505,1616941124791703123,1.058532
1616941124800428342,1616941124801895992,1.077348
1616941124810595017,1616941124812118872,1.109325
1616941124820657033,1616941124822175653,1.117915
1616941124830818109,1616941124832292543,1.144651
1616941124840966275,1616941124842495793,1.141568
1616941124851005382,1616941124852530445,1.117888
1616941124861105974,1616941124862696276,1.210631
1616941124871130707,1616941124872648237,1.105613
1616941124881163148,1616941124882729633,1.139042
1616941124891338443,1616941124892804387,1.055034
1616941124901556102,1616941124903126845,1.224232
1616941124911728125,1616941124913168736,1.091105
1616941124921954234,1616941124923488878,1.160674
1616941124932190598,1616941124933668817,1.094839
1616941124942312980,1616941124943764566,1.126151
1616941124952538990,1616941124953974271,1.072706
1616941124962695408,1616941124964246891,1.154592
1616941124972932272,1616941124974351571,1.047682
1616941124983161703,1616941124984578252,1.061332
1616941124993381898,1616941124994849987,1.108139
1616941125003553480,1616941125005008515,1.086846
1616941125013710289,1616941125015128748,1.011302
1616941125023934881,1616941125025472200,1.192979
1616941125034168702,1616941125035765579,1.250239
1616941125044395907,1616941125045897840,1.137308
1616941125054566154,1616941125056135280,1.209023
1616941125064787268,1616941125066243933,1.097072
1616941125075015179,1616941125076526840,1.152322
1616941125085249761,1616941125086756916,1.081947
1616941125095486752,1616941125096930402,1.105955
1616941125105705668,1616941125107163549,1.03387
1616941125115928057,1616941125117415612,1.142241
1616941125126177030,1616941125127660541,1.122185
1616941125136410143,1616941125137806312,1.039863
1616941125146579013,1616941125147949955,1.030896
1616941125156807296,1616941125158259123,1.095794
1616941125167024713,1616941125168490873,1.098073
1616941125177241725,1616941125178649544,1.070961
1616941125187458790,1616941125188829087,0.966901
1616941125197680687,1616941125199074266,0.95853
1616941125207899378,1616941125209437034,1.11385
1616941125218122634,1616941125220074083,1.714798
1616941125228346467,1616941125229798570,1.022904
1616941125238516712,1616941125239970383,1.05187
1616941125248775716,1616941125250192282,0.987049
1616941125258995216,1616941125260452753,1.039783
1616941125269225069,1616941125270681814,1.050532
1616941125279384506,1616941125280756566,0.947221
1616941125289616755,1616941125290998008,1.013309
1616941125299740988,1616941125301195501,1.038745
1616941125309959056,1616941125311429580,1.069179
1616941125320178715,1616941125321629933,1.032973
1616941125330346923,1616941125331773989,0.99473
1616941125340572458,1616941125342047507,1.050131
1616941125350749125,1616941125352238768,1.086261
1616941125360977075,1616941125362503043,1.186542
1616941125371145830,1616941125372642246,1.071981
1616941125381367474,1616941125382871207,1.061879
1616941125391500739,1616941125393611463,1.75542
1616941125401613489,1616941125403056684,1.000774
1616941125411776569,1616941125413139247,0.916157
1616941125421897377,1616941125423388011,1.078148
1616941125432060874,1616941125433560752,1.11896
1616941125442181693,1616941125443692037,1.136996
1616941125452402813,1616941125453848719,1.090125
1616941125462568154,1616941125464014501,1.02464
1616941125472737603,1616941125474244468,1.145345
1616941125482842126,1616941125484414420,1.233074
1616941125493063585,1616941125494563716,1.152094
1616941125503282923,1616941125504732203,1.114136
1616941125513469248,1616941125514965144,1.131649
1616941125523693350,1616941125525151213,1.103789
1616941125533866704,1616941125535337207,1.047148
1616941125544033141,1616941125545458943,1.068157
1616941125554212174,1616941125555635934,1.052165
1616941125564387578,1616941125565869903,1.121863
1616941125574511998,1616941125575961991,1.070164
1616941125584746569,1616941125586264594,1.113841
1616941125594967695,1616941125596442243,1.098848
1616941125605186415,1616941125606775592,1.243763
1616941125615405089,1616941125616813707,0.956594
1616941125625630114,1616941125627030799,1.030584
1616941125635811387,1616941125637210390,0.99675
1616941125646036480,1616941125647488226,1.085632
1616941125656200029,1616941125657599368,0.980487
1616941125666428475,1616941125667821929,1.022106
1616941125676625527,1616941125678012214,1.016769
1616941125686849179,1616941125688336895,1.05774
1616941125697080610,1616941125698579885,1.153521
1616941125707253164,1616941125708624422,1.012036
1616941125717478475,1616941125718959235,1.118973
1616941125727699479,1616941125729171989,1.123173
1616941125737920495,1616941125739408713,1.141732
1616941125748139872,1616941125749568568,1.060937
1616941125758258983,1616941125759682271,1.053423
1616941125768483518,1616941125769935416,1.114875
1616941125778598238,1616941125779986544,0.983404
1616941125788823560,1616941125790177630,1.007332
1616941125799045559,1616941125800414829,0.919264
1616941125809211186,1616941125810676949,1.07398
1616941125819428604,1616941125820892983,1.110949
1616941125829658090,1616941125831182651,1.158328
1616941125839877138,1616941125841423243,1.185006
1616941125850121203,1616941125851657655,1.165528
1616941125860343075,1616941125861836412,1.134324
1616941125870508985,1616941125872035873,1.173596
1616941125880717031,1616941125882256427,1.131592
1616941125890883122,1616941125892479475,1.295106
1616941125901051985,1616941125902628879,1.234857
1616941125911271955,1616941125912850417,1.23475
1616941125921441213,1616941125923092731,1.36073
1616941125931611503,1616941125933189111,1.225804
1616941125941779472,1616941125943403545,1.23736
1616941125951942144,1616941125953557463,1.211963
1616941125962181062,1616941125963757095,1.142193
1616941125972413583,1616941125974029560,1.17777
1616941125982544076,1616941125984030954,1.050868
1616941125992710415,1616941125994244382,1.114768
1616941126002890536,1616941126004325043,1.104215
1616941126013111035,1616941126014685216,1.173585
1616941126023331271,1616941126025282992,1.78472
1616941126033386635,1616941126034911931,1.120825
1616941126043614716,1616941126045028607,1.094665
1616941126053834340,1616941126055315784,1.111632
1616941126064052149,1616941126065526475,1.084741
1616941126074229186,1616941126075657099,0.991369
1616941126084394044,1616941126085836104,1.051614
1616941126094506561,1616941126095963510,1.085642
1616941126104729069,1616941126106207180,1.105025
1616941126114845721,1616941126116246338,1.077529
1616941126125019798,1616941126126497273,1.087621
1616941126135239229,1616941126136692327,1.084796
1616941126145459274,1616941126147009054,1.204721
1616941126155690317,1616941126157071701,0.964148
1616941126165910389,1616941126167343032,1.03513
1616941126176082348,1616941126177458487,1.027796
1616941126186253216,1616941126187717665,1.094903
1616941126196425777,1616941126197959030,1.170349
1616941126206555510,1616941126207962346,0.967344
1616941126216735380,1616941126218198956,1.078586
1616941126226872418,1616941126228393964,1.10526
1616941126237059806,1616941126238574113,1.123212
1616941126247236200,1616941126248672114,1.048221
1616941126257411704,1616941126258900504,1.078987
1616941126267630408,1616941126269069510,1.093068
1616941126277850760,1616941126279237737,1.044605
1616941126288072320,1616941126289518469,1.682303
1616941126298186443,1616941126299672011,1.077087
1616941126308379493,1616941126309960134,1.168588
1616941126318506153,1616941126320038893,1.149848
1616941126328677714,1616941126330200117,1.084258
1616941126338703497,1616941126340166694,1.047094
1616941126348731717,1616941126350191619,1.045723
1616941126358893801,1616941126360362625,1.089596
1616941126368996056,1616941126370517274,1.121366
1616941126379118254,1616941126380534414,0.998439
1616941126389338758,1616941126390734958,0.998518
1616941126399564687,1616941126401027529,1.084118
1616941126409615345,1616941126411098754,1.074574
1616941126419774257,1616941126421228048,1.016183
1616941126429928336,1616941126431531131,1.185232
1616941126440079176,1616941126441577566,1.047536
1616941126450238159,1616941126451614234,0.995911
1616941126460400464,1616941126461836547,0.989839
1616941126470444516,1616941126471852991,1.019159
1616941126480599071,1616941126482000737,0.980231
1616941126490766152,1616941126492151834,1.024235
1616941126500996714,1616941126502401108,1.024623
1616941126511090037,1616941126512598453,1.104635
1616941126521119637,1616941126522608056,1.101204
1616941126531222727,1616941126532761058,1.117052
1616941126541273609,1616941126542779176,1.083779
1616941126551321216,1616941126552934403,1.223412
1616941126561437534,1616941126562986784,1.141994
1616941126571627857,1616941126573190328,1.215608
1616941126581854156,1616941126583359698,1.079482
1616941126592102280,1616941126593591635,1.07143
1616941126602257154,1616941126603749213,1.07827
1616941126612339836,1616941126613805165,1.056971
1616941126622437956,1616941126623953174,1.099123
1616941126632592682,1616941126634091108,1.077927
1616941126642762124,1616941126644242370,1.045129
1616941126652992170,1616941126654606767,1.221995
1616941126663225113,1616941126664739215,1.080805
1616941126673446235,1616941126674867697,0.993027
1616941126683663768,1616941126685106596,1.009302
1616941126693828322,1616941126695265103,1.078106
1616941126704064508,1616941126705556030,1.136215
1616941126714178334,1616941126715696270,1.071184
1616941126724403017,1616941126725885380,1.073215
1616941126734578769,1616941126736195348,1.193494
1616941126744751478,1616941126746210004,1.023045
1616941126754869021,1616941126756315551,0.99896
1616941126765090432,1616941126766548095,1.032122
1616941126775269496,1616941126776752443,1.03938
1616941126785512050,1616941126787059414,1.108941
1616941126795738020,1616941126797191320,1.008277
1616941126805965169,1616941126807477275,1.077405
1616941126816131723,1616941126817666598,1.104574
1616941126826306801,1616941126827974270,1.849389
1616941126836363377,1616941126837979554,1.184159
1616941126846504333,1616941126848027535,1.085793
1616941126856680141,1616941126858190523,1.074389
1616941126866795182,1616941126868306126,1.103692
1616941126876970509,1616941126878402812,0.992186
1616941126887167398,1616941126888729365,1.157793
1616941126897403048,1616941126898975487,1.161892
1616941126907659556,1616941126909121410,1.050228
1616941126917781651,1616941126919267979,1.044587
1616941126927896200,1616941126929546689,1.252227
1616941126938102775,1616941126939662451,1.166542
1616941126948266109,1616941126949793152,1.099614
1616941126958430904,1616941126960021538,1.148054
1616941126968595636,1616941126970120721,1.104584
1616941126978764992,1616941126980368852,1.202997
1616941126988927727,1616941126990524613,1.193561
1616941126999096609,1616941127000567384,1.02962
1616941127009315461,1616941127010774676,1.010187
1616941127019491098,1616941127021035222,1.117521
1616941127029712990,1616941127031306577,1.192434
1616941127039934990,1616941127041524492,1.209829
1616941127050125690,1616941127051675163,1.140133
1616941127060349041,1616941127061900113,1.151681
1616941127070473930,1616941127072011183,1.102462
1616941127080698786,1616941127082219542,1.122686
1616941127090870676,1616941127092378251,1.077059
1616941127101045222,1616941127102574293,1.12281
1616941127111149016,1616941127112857113,1.287734
1616941127121312442,1616941127122784486,1.04768
1616941127131430586,1616941127133033970,1.18359
1616941127141601748,1616941127143226089,1.224949
1616941127151724523,1616941127153312337,1.182704
1616941127161841722,1616941127163358416,1.087756
1616941127171997349,1616941127173621578,1.217308
1616941127182122783,1616941127183684173,1.138304
1616941127192278490,1616941127193879455,1.200391
1616941127202381081,1616941127204019915,1.222962
1616941127212551212,1616941127214073224,1.107974
1616941127222664156,1616941127224151143,1.074721
1616941127232786789,1616941127234296556,1.087811
1616941127243043432,1616941127244520928,1.061446
1616941127253225170,1616941127254747015,1.118628
1616941127263344044,1616941127264848227,1.132651
1616941127273508994,1616941127275062264,1.143114
1616941127283677464,1616941127285291154,1.250868
1616941127293841715,1616941127295438621,1.250365
1616941127304007469,1616941127305614314,1.179208
1616941127314153866,1616941127315847696,1.301253
1616941127324397228,1616941127326049743,1.295847
1616941127334520058,1616941127336158470,1.30144
1616941127344750752,1616941127346438977,1.403318
1616941127354972366,1616941127356572656,1.190601
1616941127365142987,1616941127366807641,1.248735
1616941127375313245,1616941127376947450,1.273535
1616941127385553067,1616941127387175780,1.204458
1616941127395713235,1616941127397305931,1.220592
1616941127405873959,1616941127407553471,1.32503
1616941127416090619,1616941127417764865,1.31968
1616941127426206534,1616941127427871399,1.295876
1616941127436432214,1616941127438045700,1.250637
1616941127446601572,1616941127448271749,1.343303
1616941127456770085,1616941127458514631,1.382802
1616941127466926926,1616941127468615581,1.276568
1616941127477089822,1616941127478699272,1.268852
1616941127487209117,1616941127488835160,1.199459
1616941127497380686,1616941127499016447,1.224921
1616941127507542826,1616941127509062864,1.154643
1616941127517762276,1616941127519251389,1.144391
1616941127527981370,1616941127529539687,1.199559
1616941127538184644,1616941127539863969,1.271256
1616941127548402086,1616941127550063341,1.219469
1616941127558525482,1616941127560103992,1.17183
1616941127568744215,1616941127570417328,1.26287
1616941127578920448,1616941127580505359,1.17359
1616941127589087043,1616941127590729683,1.236657
1616941127599254809,1616941127600874660,1.223421
1616941127609497341,1616941127611107471,1.197684
1616941127619759535,1616941127621389845,1.220936
1616941127629927051,1616941127632131617,1.999039
1616941127640151779,1616941127641702411,1.140292
1616941127650328729,1616941127651867419,1.147509
1616941127660551343,1616941127662071217,1.109995
1616941127670719448,1616941127672196054,1.033687
1616941127680967925,1616941127682604913,1.23787
1616941127691186377,1616941127692731429,1.197816
1616941127701435716,1616941127702999394,1.22004
1616941127711548082,1616941127713038091,1.050548
1616941127721718197,1616941127723316090,1.18894
1616941127731875821,1616941127733332950,1.076402
1616941127742117881,1616941127743556368,0.995775
1616941127752340166,1616941127753789816,1.028555
1616941127762463945,1616941127763900101,1.06724
1616941127772705479,1616941127774205382,1.14665
1616941127782873586,1616941127784291176,0.994036
1616941127793102861,1616941127794608469,1.076136
1616941127803340350,1616941127804785125,1.07004
1616941127813575968,1616941127815024244,1.076896
1616941127823794295,1616941127825263295,1.041677
1616941127834017771,1616941127835566140,1.152077
1616941127844251339,1616941127845709642,1.026453
1616941127854374125,1616941127855869490,1.137171
1616941127864534743,1616941127865946611,0.982013
1616941127874759840,1616941127876276588,1.159662
1616941127884922788,1616941127886542667,1.254054
1616941127895163348,1616941127896630742,1.116816
1616941127905397122,1616941127906873560,1.093615
1616941127915624105,1616941127917115318,1.132761
1616941127925797316,1616941127927268752,1.120587
1616941127935963180,1616941127937465815,1.08725
1616941127946192450,1616941127947671779,1.056169
1616941127956419900,1616941127957896899,1.180951
1616941127966541877,1616941127968129497,1.191702
1616941127976712795,1616941127978254229,1.174971
1616941127986885904,1616941127988348776,1.107814
1616941127997056488,1616941127998631419,1.209451
1616941128007212678,1616941128008636598,1.001502
1616941128017341757,1616941128018850960,1.141361
1616941128027467663,1616941128028952725,1.126014
1616941128037639065,1616941128039131686,1.126807
1616941128047852628,1616941128049849984,1.574438
1616941128058217755,1616941128059815409,1.252605
1616941128068253945,1616941128069833168,1.170261
1616941128078411681,1616941128079850355,1.018194
1616941128088474119,1616941128089933148,1.125509
1616941128098633412,1616941128100162169,1.127208
1616941128108733099,1616941128110269755,1.117261
1616941128118886161,1616941128120333813,1.036761
1616941128129110013,1616941128130643473,1.111894
1616941128139325586,1616941128140790403,1.050178
1616941128149423946,1616941128150898993,1.047237
1616941128159522503,1616941128160942967,0.979547
1616941128169685525,1616941128171215599,1.110897
1616941128179841601,1616941128181308099,1.061032
1616941128189983138,1616941128191514058,1.191676
1616941128200133484,1616941128201606041,1.115188
1616941128210293162,1616941128211785605,1.092689
1616941128220451263,1616941128221984212,1.134371
1616941128230559937,1616941128232122534,1.160666
1616941128240652511,1616941128242165753,1.121032
1616941128250825177,1616941128252313360,1.142076
1616941128261045978,1616941128262597640,1.168698
1616941128271148131,1616941128272658909,1.17754
1616941128281371711,1616941128282851387,1.074879
1616941128291471315,1616941128292927767,1.127425
1616941128301531312,1616941128302972243,1.03832
1616941128311632698,1616941128313170065,1.187355
1616941128321791373,1616941128323323587,1.185386
1616941128331892017,1616941128333337867,1.08884
1616941128342079937,1616941128343610476,1.171942
1616941128352231150,1616941128353707429,1.109345
1616941128362352330,1616941128363843673,1.072039
1616941128372519463,1616941128378599421,5.7539
1616941128382680233,1616941128384137571,1.061742
1616941128392900633,1616941128394293716,1.0245
1616941128403121049,1616941128404590528,1.106126
1616941128413355243,1616941128414784216,1.097561
1616941128423596725,1616941128424993646,1.067087
1616941128433769292,1616941128435491326,1.394729
1616941128443987935,1616941128445393607,0.972246
1616941128454232298,1616941128455693472,1.098532
1616941128464462430,1616941128465906837,1.07576
1616941128474635002,1616941128476098764,1.138619
1616941128484807009,1616941128486314653,1.154696
1616941128495030943,1616941128496500963,1.109585
1616941128505249924,1616941128506748062,1.14824
1616941128515444197,1616941128516899454,1.039945
1616941128525685403,1616941128527116681,1.06552
1616941128535914373,1616941128537371636,1.099001
1616941128546156045,1616941128547647011,1.112958
1616941128556390235,1616941128557816720,1.050218
1616941128566550714,1616941128568072252,1.153958
1616941128576773572,1616941128578244622,1.092966
1616941128586998311,1616941128588430495,1.06499
1616941128597217536,1616941128598657682,1.074897
1616941128607444878,1616941128608888511,1.09436
1616941128617664384,1616941128619067398,0.971123
1616941128627883099,1616941128629292990,1.015281
1616941128638106406,1616941128639537105,1.101436
1616941128648340225,1616941128649832230,1.083022
1616941128658509999,1616941128659980933,1.116924
1616941128668729525,1616941128670127672,0.973028
1616941128678902519,1616941128680352734,1.089285
1616941128689131717,1616941128690616588,1.126198
1616941128699352779,1616941128700788209,1.110247
1616941128709575223,1616941128710981092,1.014633
1616941128719803950,1616941128721264233,1.095003
1616941128729967407,1616941128731374910,0.97197
1616941128740191364,1616941128741596679,1.037233
1616941128750360598,1616941128751749786,1.081516
1616941128760526587,1616941128761886125,1.01886
1616941128770653233,1616941128772016645,1.025928
1616941128780757364,1616941128782132932,0.931648
1616941128790979666,1616941128792375413,1.056412
1616941128801198389,1616941128802687407,1.14025
1616941128811413127,1616941128812841613,1.071058
1616941128821577714,1616941128823019583,1.041959
1616941128831790953,1616941128833287603,1.160474
1616941128841927672,1616941128843428496,1.149798
1616941128852084606,1616941128853433869,0.998454
1616941128862260060,1616941128863668199,1.079289
1616941128872375370,1616941128873840102,1.102459
1616941128882534909,1616941128883996339,1.036246
1616941128892766434,1616941128894223122,1.076746
1616941128902926171,1616941128904325041,0.994949
1616941128913142949,1616941128914582799,1.107611
1616941128923267932,1616941128924724485,1.0244
1616941128933394323,1616941128934795335,1.038431
1616941128943511473,1616941128944917171,1.054747
1616941128953628837,1616941128955074379,1.071403
1616941128963790745,1616941128965141808,1.010254
1616941128974019974,1616941128975408115,1.044616
1616941128984175080,1616941128985566647,1.059475
1616941128994282987,1616941128995753581,1.086154
1616941129004523677,1616941129005945210,1.062324
1616941129014693957,1616941129016175747,1.075313
1616941129024915214,1616941129026441389,1.227345
1616941129035077233,1616941129036596524,1.167662
1616941129045301392,1616941129046744152,1.081738
1616941129055533191,1616941129056981824,1.086104
1616941129065703254,1616941129067165421,1.058514
1616941129075927198,1616941129077389523,1.125513
1616941129086153303,1616941129087538602,1.02268
1616941129096386322,1616941129097882181,1.137139
1616941129106555328,1616941129107980662,1.063903
1616941129116714464,1616941129118277924,1.215407
1616941129126940349,1616941129128521991,1.218531
1616941129137063743,1616941129138595694,1.120883
1616941129147231142,1616941129148696706,1.095369
1616941129157454903,1616941129159004449,1.190286
1616941129167676738,1616941129169171579,1.170815
1616941129177848909,1616941129179341758,1.133141
1616941129188068208,1616941129189583870,1.154908
1616941129198232832,1616941129199701943,1.126653
1616941129208452027,1616941129209974323,1.160285
1616941129218568339,1616941129220010076,1.08981
1616941129228656592,1616941129230074378,0.994296
1616941129238828574,1616941129240722548,1.617738
1616941129249062213,1616941129250625221,1.143001
1616941129259279568,1616941129260705739,1.061559
1616941129269434918,1616941129270866102,1.069744
1616941129279661867,1616941129281121140,1.10441
1616941129289826580,1616941129291335737,1.160245
1616941129299997484,1616941129301530541,1.178036
1616941129310181877,1616941129311645936,1.100297
1616941129320421524,1616941129321928230,1.159055
1616941129330578906,1616941129331992355,1.078052
1616941129340797843,1616941129342268822,1.133419
1616941129351040897,1616941129352546000,1.166845
1616941129361274633,1616941129362774741,1.139667
1616941129371506009,1616941129373028990,1.160244
1616941129381737987,1616941129383275674,1.209332
1616941129391897522,1616941129393340149,1.023149
1616941129402076947,1616941129403497449,1.083042
1616941129412304008,1616941129413777107,1.10532
1616941129422469014,1616941129423994640,1.188144
1616941129432629713,1616941129434140428,1.157538
1616941129442798729,1616941129444249043,1.10441
1616941129452958915,1616941129454531404,1.21246
1616941129463206967,1616941129464626175,1.116551
1616941129473367097,1616941129474885177,1.17205
1616941129483586199,1616941129484992081,1.106132
1616941129493822321,1616941129495260511,1.078138
1616941129504042132,1616941129505451068,1.056714
1616941129514178288,1616941129515668866,1.092778
1616941129524342492,1616941129525845734,1.101538
1616941129534514351,1616941129535941949,1.062981
1616941129544757511,1616941129546224248,1.096663
1616941129554920779,1616941129556383320,1.097675
1616941129565081180,1616941129566587071,1.17779
1616941129575248453,1616941129576741705,1.13312
1616941129585418302,1616941129586917688,1.151387
1616941129595652094,1616941129597060696,1.021619
1616941129605870171,1616941129607383416,1.162304
1616941129616088276,1616941129617569249,1.126279
1616941129626241852,1616941129627700718,1.08455
1616941129636413781,1616941129638003725,1.191955
1616941129646538565,1616941129648022673,1.103827
1616941129656773738,1616941129658174685,1.018879
1616941129666952249,1616941129668383189,1.144098
1616941129677173038,1616941129678627493,1.057231
1616941129687393247,1616941129688797180,1.055031
1616941129697615437,1616941129698998124,1.042938
1616941129707839365,1616941129709277891,0.997358
1616941129718079444,1616941129719513692,1.022007
1616941129728298512,1616941129729764822,1.071166
1616941129738466964,1616941129739929320,1.11947
1616941129748687878,1616941129750139786,1.097083
1616941129758846116,1616941129760359905,1.104838
1616941129769074445,1616941129770627468,1.218166
1616941129779290188,1616941129780786564,1.149774
1616941129789467392,1616941129790994853,1.186666
1616941129799685972,1616941129801183857,1.147137
1616941129809855825,1616941129811352927,1.75743
1616941129820017704,1616941129821539651,1.11512
1616941129830118252,1616941129831611258,1.060243
1616941129840276620,1616941129841731683,1.097353
1616941129850383493,1616941129851831622,1.054141
1616941129860551218,1616941129862043644,1.0962
1616941129870620881,1616941129872038150,1.06924
1616941129880723582,1616941129882152859,1.0317
1616941129890946242,1616941129892899856,1.603729
1616941129901169862,1616941129902647923,1.061147
1616941129911238226,1616941129912723935,1.138937
1616941129921462673,1616941129923061643,1.199624
1616941129931526288,1616941129933157960,1.287759
1616941129941757584,1616941129943232072,1.127007
1616941129951851286,1616941129953303418,1.107137
1616941129962035445,1616941129963562401,1.126197
1616941129972190888,1616941129973790991,1.200532
1616941129982273643,1616941129983765998,1.086915
1616941129992353543,1616941129993833645,1.147951
1616941130002458660,1616941130003953369,1.142922
1616941130012650827,1616941130014172532,1.166275
1616941130022685975,1616941130024174850,1.089178
1616941130032726209,1616941130034257225,1.129556
1616941130042883097,1616941130044472379,1.468919
1616941130052985732,1616941130054575880,1.207446
1616941130063010895,1616941130064433565,1.00971
1616941130073063092,1616941130074546921,1.142036
1616941130083163020,1616941130084649618,1.12202
1616941130093379578,1616941130094836907,1.019709
1616941130103537025,1616941130104991063,1.099708
1616941130113638950,1616941130115140416,1.09309
1616941130123848873,1616941130125366373,1.155355
1616941130134083044,1616941130135525691,1.018526
1616941130144302091,1616941130145794748,1.087632
1616941130154480356,1616941130155933714,1.097449
1616941130164699732,1616941130166101744,1.069002
1616941130174866697,1616941130176226774,1.029723
1616941130185084385,1616941130186554642,1.13242
1616941130195318689,1616941130196730766,1.042791
1616941130205537723,1616941130206935640,0.959873
1616941130215799531,1616941130217300475,1.152887
1616941130226017750,1616941130227413903,1.027314
1616941130236235761,1616941130237611323,0.986171
1616941130246403386,1616941130247860074,1.097426
1616941130256630185,1616941130258098092,1.091763
1616941130266798836,1616941130268169544,1.076706
1616941130276923192,1616941130278331154,0.970088
1616941130287100756,1616941130288498323,0.974508
1616941130297225437,1616941130298687235,1.047824
1616941130307402046,1616941130308831864,1.012391
1616941130317512404,1616941130318850848,0.905434
1616941130327612417,1616941130328960335,0.914366
1616941130337690906,1616941130339069557,0.906368
1616941130347843892,1616941130349202606,0.975016
1616941130358010855,1616941130359507700,1.092792
1616941130368230613,1616941130369736685,1.071261
1616941130378396457,1616941130379828642,1.008679
1616941130388617619,1616941130390055783,1.001059
1616941130398732690,1616941130400138867,0.965435
1616941130408956296,1616941130410429891,1.074072
1616941130419049215,1616941130420436417,0.9676
1616941130429155160,1616941130430704641,1.126577
1616941130439325589,1616941130440832536,1.092076
1616941130449490104,1616941130450977817,1.086709
1616941130459646740,1616941130461142331,1.130886
1616941130469810684,1616941130471261681,1.104714
1616941130480023366,1616941130481532095,1.146882
1616941130490183588,1616941130491618002,1.032698
1616941130500423964,1616941130501956544,1.167175
1616941130510540133,1616941130512089015,1.169451
1616941130520705038,1616941130522180915,1.061249
1616941130530824626,1616941130532303548,1.143046
1616941130541042966,1616941130542570558,1.1332
1616941130551263767,1616941130552803518,1.178457
1616941130561485441,1616941130562977080,1.068243
1616941130571709773,1616941130573165845,1.059304
1616941130581934360,1616941130583361540,1.083166
1616941130592100644,1616941130593585957,1.122979
1616941130602208839,1616941130603622520,1.063581
1616941130612365853,1616941130613753470,1.036439
1616941130622533087,1616941130623953283,1.08048
1616941130632767942,1616941130634248086,1.156003
1616941130643009675,1616941130644431712,1.1996
1616941130653242670,1616941130654688397,1.124901
1616941130663416764,1616941130664814448,0.956593
1616941130673646181,1616941130675104442,1.123712
1616941130683879745,1616941130685317998,1.102773
1616941130694103121,1616941130695508774,1.077245
1616941130704336307,1616941130705766553,1.08107
1616941130714565181,1616941130716007477,1.101737
1616941130724788392,1616941130726194486,1.075976
1616941130735046239,1616941130736433178,1.054196
1616941130745284174,1616941130746662657,1.035531
1616941130755507783,1616941130756876523,1.026416
1616941130765746619,1616941130767146089,1.037549
1616941130775970103,1616941130777354776,0.982996
1616941130786228780,1616941130787583510,0.933584
1616941130796452545,1616941130797838080,0.988557
1616941130806576649,1616941130807980823,0.974911
1616941130816750159,1616941130818239183,1.122189
1616941130826940078,1616941130828338881,1.052596
1616941130837113660,1616941130838591227,1.135677
1616941130847284228,1616941130848752435,1.10148
1616941130857456456,1616941130859263206,1.493346
1616941130867627683,1616941130869113282,1.065052
1616941130877796337,1616941130879237480,1.028095
1616941130888014137,1616941130889491030,1.125033
1616941130898237330,1616941130899753034,1.175164
1616941130908455239,1616941130909920498,1.099282
1616941130918623540,1616941130920197294,1.230496
1616941130928795581,1616941130930292111,1.131334
1616941130939023023,1616941130940505816,1.138932
1616941130949241123,1616941130950680959,1.081735
1616941130959460896,1616941130960803390,0.913868
1616941130969638597,1616941130971029873,1.030703
1616941130979873099,1616941130981270746,1.04166
1616941130990106941,1616941130991455671,1.016616
1616941131000289929,1616941131001702787,0.997363
1616941131010462455,1616941131011901103,1.071188
1616941131020699572,1616941131022120077,1.064104
1616941131030868944,1616941131032346108,1.12988
1616941131041054035,1616941131042570481,1.183329
1616941131051240197,1616941131052816904,1.216734
1616941131061457321,1616941131062895834,1.041802
1616941131071685497,1616941131073097902,1.071594
1616941131081917152,1616941131083367282,1.092514
1616941131092149153,1616941131093629828,1.138706
1616941131102371951,1616941131103836486,1.112733
1616941131112595584,1616941131114026283,1.076445
1616941131122762706,1616941131124245201,1.071747
1616941131132997995,1616941131134437198,1.117989
1616941131143172331,1616941131144647401,1.108727
1616941131153388802,1616941131154916272,1.153289
1616941131163613692,1616941131165104025,1.089997
1616941131173830073,1616941131175353123,1.16099
1616941131184048873,1616941131185563696,1.163802
1616941131194240522,1616941131195755935,1.164002
1616941131204419255,1616941131205962938,1.201834
1616941131214584984,1616941131216124228,1.181864
1616941131224774653,1616941131226352708,1.191231
1616941131234923164,1616941131236364619,1.003749
1616941131245146848,1616941131246687589,1.145874
1616941131255310923,1616941131256665982,0.98824
1616941131265508517,1616941131266864901,0.984376
1616941131275737578,1616941131277077708,0.94855
1616941131285959424,1616941131287418203,1.031551
1616941131296128734,1616941131297631164,1.082191
1616941131306299935,1616941131307784461,1.067926
1616941131316518203,1616941131317999680,1.055948
1616941131326687896,1616941131328274163,1.178694
1616941131336904814,1616941131338579211,1.286532
1616941131347059782,1616941131348560417,1.077873
1616941131357275427,1616941131358803611,1.116933
1616941131367437276,1616941131368955786,1.083264
1616941131377649725,1616941131379077846,1.020146
1616941131387863270,1616941131389350472,1.062226
1616941131398126934,1616941131399656799,1.114287
1616941131408306758,1616941131409854279,1.122441
1616941131418398917,1616941131419829998,1.000715
1616941131428511643,1616941131430117633,1.207391
1616941131438624462,1616941131440195961,1.137747
1616941131448728776,1616941131450332456,1.176213
1616941131458835201,1616941131460442785,1.193265
1616941131469070057,1616941131470704861,1.215664
1616941131479280658,1616941131480919050,1.223273
1616941131489492900,1616941131491045404,1.12724
1616941131499660370,1616941131501244046,1.171102
1616941131509833149,1616941131511449260,1.231007
1616941131520045785,1616941131521615302,1.176124
1616941131530176702,1616941131531765425,1.166656
1616941131540412582,1616941131541887486,1.037043
1616941131550535017,1616941131551941441,0.958849
1616941131560710068,1616941131562959241,1.891085
1616941131570818373,1616941131572377693,1.165417
1616941131580870950,1616941131582573530,1.308761
1616941131590973091,1616941131592549439,1.246912
1616941131601207787,1616941131602740533,1.131596
1616941131611384064,1616941131612937544,1.141095
1616941131621632532,1616941131623162251,1.125193
1616941131631740344,1616941131633299367,1.16391
1616941131641815332,1616941131643410329,1.194287
1616941131651827596,1616941131653508502,1.863867
1616941131662005617,1616941131663560388,1.154909
1616941131672226419,1616941131673659850,1.064965
1616941131682331404,1616941131683998433,1.260039
1616941131692554391,1616941131693962554,1.054716
1616941131702582821,1616941131704043113,1.039028
1616941131712636894,1616941131714252532,1.18853
1616941131722796128,1616941131724286939,1.047673
1616941131733009945,1616941131734599576,1.213228
1616941131743168649,1616941131744790581,1.270826
1616941131753325402,1616941131754844766,1.107038
1616941131763549886,1616941131765075073,1.121628
1616941131773703318,1616941131775327366,1.204788
1616941131783859966,1616941131785541075,1.249843
1616941131794106748,1616941131795626832,1.175445
1616941131804263485,1616941131805814428,1.188057
1616941131814370560,1616941131815899803,1.117865
1616941131824433337,1616941131826021243,1.167835
1616941131834530305,1616941131836188559,1.277907
1616941131844746917,1616941131846419714,1.332016
1616941131854826542,1616941131856437097,1.231245
1616941131864879756,1616941131866584267,1.322197
1616941131875028639,1616941131876587076,1.138712
1616941131885085742,1616941131886714629,1.227998
1616941131895304086,1616941131896899191,1.216466
1616941131905400125,1616941131907028966,1.222416
1616941131915567124,1616941131917108999,1.133444
1616941131925685781,1616941131927220110,1.106343
1616941131935698406,1616941131937224404,1.173101
1616941131945780171,1616941131947364730,1.163424
1616941131955878764,1616941131957432351,1.150398
1616941131966092553,1616941131967631611,1.131808
1616941131976313179,1616941131977865831,1.134874
1616941131986410822,1616941131988044276,1.197525
1616941131996631409,1616941131998254643,1.203963
1616941132006729601,1616941132008302759,1.187245
1616941132016835324,1616941132018387902,1.141583
1616941132026934383,1616941132028540834,1.190228
1616941132037025400,1616941132038691928,1.233732
1616941132047123288,1616941132048594421,1.045358
1616941132057321591,1616941132058813579,1.091356
1616941132067538324,1616941132068993670,1.051178
1616941132077750222,1616941132079244463,1.122449
1616941132087964997,1616941132089500526,1.20082
1616941132098199098,1616941132099801480,1.160975
1616941132108428981,1616941132109953932,1.159564
1616941132118599568,1616941132120095289,1.142612
1616941132128814088,1616941132130312166,1.143444
1616941132138976607,1616941132140441824,1.101447
1616941132149196523,1616941132150645652,1.088267
1616941132159415037,1616941132160840629,1.069042
1616941132169635617,1616941132171012311,1.000007
1616941132179789555,1616941132181266299,1.12533
1616941132190009216,1616941132191455767,1.070858
1616941132200242902,1616941132201736866,1.12751
1616941132210410876,1616941132211925652,1.154025
1616941132220630653,1616941132222158767,1.187412
1616941132230800617,1616941132232290989,1.131175
1616941132241020476,1616941132242525337,1.518295
1616941132251239637,1616941132252635000,0.95679
1616941132261455515,1616941132262922594,1.113483
1616941132271680751,1616941132273114988,1.108624
1616941132281901059,1616941132283441100,1.194374
1616941132292120220,1616941132293716978,1.254506
1616941132302289000,1616941132303810890,1.17477
1616941132312522480,1616941132313964037,1.096431
1616941132322693067,1616941132324138116,1.0936
1616941132333015487,1616941132334499927,1.146795
1616941132343241614,1616941132344642957,1.015357
1616941132353468458,1616941132354847629,1.026954
1616941132363695157,1616941132365207313,1.154572
1616941132373953365,1616941132375472837,1.154764
1616941132384179315,1616941132385638925,1.108508
1616941132394350974,1616941132395876464,1.167446
1616941132404571194,1616941132406167021,1.248254
1616941132414741408,1616941132416234690,1.084398
1616941132424962415,1616941132426422540,1.505638
1616941132435183785,1616941132436689044,1.089857
1616941132445404984,1616941132446856477,1.102845
1616941132455633983,1616941132457039233,1.021479
1616941132465852849,1616941132467320866,1.116044
1616941132476085703,1616941132477466302,1.010257
1616941132486246073,1616941132487703599,1.094865
1616941132496463854,1616941132497870247,1.04409
1616941132506623799,1616941132508133607,1.104711
1616941132516853490,1616941132518333671,1.117213
1616941132527015834,1616941132528447219,1.041565
1616941132537242185,1616941132538724184,1.131628
1616941132547467553,1616941132548920081,1.101218
1616941132557704088,1616941132559189845,1.135056
1616941132567924762,1616941132569368080,1.111517
1616941132578168014,1616941132579653896,1.147796
1616941132588401510,1616941132589797678,1.053265
1616941132598565425,1616941132600145512,1.225179
1616941132608796828,1616941132610253708,1.126824
1616941132618978378,1616941132620385307,0.980369
1616941132629203207,1616941132630634421,1.019104
1616941132639427028,1616941132640799952,0.988457
1616941132649613636,1616941132651020265,1.040181
1616941132659788707,1616941132661195948,1.04671
1616941132670021297,1616941132671505134,1.127242
1616941132680190682,1616941132681608690,1.052203
1616941132690359461,1616941132691798061,1.072787
1616941132700575559,1616941132701944092,1.012223
1616941132710698436,1616941132712165620,1.064056
1616941132720869969,1616941132722331217,1.083401
1616941132731037200,1616941132732428733,1.06627
1616941132741259305,1616941132742697158,1.242477
1616941132751476778,1616941132752880480,1.120682
1616941132761705219,1616941132763137419,1.066029
1616941132771883978,1616941132773395755,1.167852
1616941132782122109,1616941132783664417,1.132554
1616941132792290391,1616941132793710727,1.061204
1616941132802460200,1616941132803968744,1.156814
1616941132812702074,1616941132814146582,1.093118
1616941132822874815,1616941132824278371,1.052459
1616941132833060927,1616941132834597999,1.16274
1616941132843285826,1616941132844721173,1.020153
1616941132853503782,1616941132854970529,1.109791
1616941132863737611,1616941132865221060,1.125128
1616941132873958589,1616941132875441010,1.077426
1616941132884122745,1616941132885613820,1.151997
1616941132894247582,1616941132895679963,1.023577
1616941132904416104,1616941132905956234,1.18857
1616941132914585188,1616941132916148770,1.208595
1616941132924758211,1616941132926276916,1.149634
1616941132934988631,1616941132936527979,1.184189
1616941132945209339,1616941132946726628,1.110357
1616941132955467496,1616941132956906395,1.103855
1616941132965708886,1616941132967055415,1.030504
1616941132975928674,1616941132977300020,0.984611
1616941132986165300,1616941132987587897,1.058553
1616941132996395704,1616941133001883262,5.137817
1616941133006505310,1616941133007887558,1.07795
1616941133016732458,1616941133018137371,1.077538
1616941133026901830,1616941133028298373,1.079588
1616941133037122753,1616941133038527228,0.995625
1616941133047342462,1616941133048722855,1.023923
1616941133057535310,1616941133058976179,1.058332
1616941133067757038,1616941133069148921,1.057808
1616941133077986475,1616941133079359394,1.044874
1616941133088212890,1616941133089620579,1.093572
1616941133098385740,1616941133099851310,1.110954
1616941133108619464,1616941133110094811,1.225497
1616941133118870263,1616941133120450926,1.222055
1616941133129104862,1616941133130595149,1.138127
1616941133139329243,1616941133140767194,1.083111
1616941133149564308,1616941133151038921,1.086618
1616941133159811790,1616941133161311648,1.157607
1616941133170035927,1616941133171547172,1.165871
1616941133180256877,1616941133181728359,1.095661
1616941133190389941,1616941133191923657,1.177623
1616941133200621537,1616941133202157894,1.213904
1616941133210789085,1616941133212311857,1.182212
1616941133221008873,1616941133222406958,1.09657
1616941133231243189,1616941133233124255,1.789116
1616941133241317784,1616941133242788576,1.269077
1616941133251555400,1616941133252997195,1.029203
1616941133261775666,1616941133263247524,1.117862
1616941133272004713,1616941133273456093,1.09801
1616941133282223791,1616941133283681785,1.08679
1616941133292442046,1616941133293958927,1.797504
1616941133302576422,1616941133304009935,1.019153
1616941133312733163,1616941133314227805,1.101917
1616941133322803548,1616941133324267129,1.063515
1616941133332958562,1616941133334415158,1.03672
1616941133343183161,1616941133344645788,1.101667
1616941133353297330,1616941133354716149,1.003383
1616941133363340888,1616941133364817624,1.141342
1616941133373419758,1616941133374907478,1.088886
1616941133383521923,1616941133385025204,1.07833
1616941133393619626,1616941133395045752,1.044006
1616941133403776716,1616941133405262854,1.074263
1616941133414002180,1616941133415479923,1.068315
1616941133424105377,1616941133425527801,1.064409
1616941133434201818,1616941133435641964,1.024068
1616941133444302977,1616941133445762785,1.052183
1616941133454350851,1616941133455845010,1.090708
1616941133464588148,1616941133466048435,1.030363
1616941133474684921,1616941133476160654,1.069661
1616941133484871242,1616941133486356185,1.134505
1616941133495030639,1616941133496444105,0.992118
1616941133505117874,1616941133506652038,1.135865
1616941133515225253,1616941133516731882,1.087796
1616941133525304249,1616941133526806902,1.086646
1616941133535417674,1616941133536876279,1.082023
1616941133545636502,1616941133547190277,1.153272
1616941133555767826,1616941133557279096,1.150165
1616941133565823279,1616941133567233262,1.059062
1616941133575929306,1616941133577356004,1.133286
1616941133585990524,1616941133587441831,1.102179
1616941133596059643,1616941133597518072,1.091302
1616941133606179055,1616941133607667135,1.109433
1616941133616411437,1616941133617902820,1.078094
1616941133626461076,1616941133627907222,1.085831
1616941133636679534,1616941133638125434,1.076661
1616941133646848836,1616941133648338250,1.082928
1616941133657026896,1616941133658615461,1.252214
1616941133667198166,1616941133668691093,1.112236
1616941133677369068,1616941133678831223,1.088559
1616941133687538867,1616941133689036456,1.141745
1616941133697766971,1616941133699206262,1.014937
1616941133707929744,1616941133709448034,1.176733
1616941133718164755,1616941133719700851,1.173922
1616941133728382521,1616941133729892420,1.110346
1616941133738553055,1616941133740103106,1.192794
1616941133748783172,1616941133750283303,1.166557
1616941133759001041,1616941133760526782,1.107831
1616941133769170287,1616941133770763842,1.252918
1616941133779405584,1616941133780913475,1.155514
1616941133789635459,1616941133791212098,1.167115
1616941133799856389,1616941133801305352,1.021397
1616941133810094454,1616941133811583766,1.07023
1616941133820340519,1616941133821785236,1.097547
1616941133830454686,1616941133831967762,1.142217
1616941133840690947,1616941133842244156,1.218736
1616941133850848846,1616941133852381218,1.18063
1616941133861012312,1616941133862419134,1.004572
1616941133871252096,1616941133872645516,1.052975
1616941133881474677,1616941133882863203,1.063002
1616941133891728146,1616941133893081715,1.036942
1616941133901898476,1616941133903360085,1.094839
1616941133912088738,1616941133913513165,1.048845
1616941133922179823,1616941133923705346,1.159003
1616941133932403219,1616941133933839150,1.071112
1616941133942572355,1616941133944044209,1.04926
1616941133952745680,1616941133954173517,1.113527
1616941133962915373,1616941133964414843,1.13772
1616941133973134287,1616941133974596772,1.139126
1616941133983298555,1616941133984860790,1.301084
1616941133993525876,1616941133994981458,1.015675
1616941134003739601,1616941134005181935,1.120746
1616941134013850260,1616941134015281301,1.061686
1616941134024010770,1616941134025423943,0.990638
1616941134034186242,1616941134036049985,1.553313
1616941134044410949,1616941134045827204,1.030463
1616941134054588024,1616941134056078692,1.090481
1616941134064806119,1616941134066242779,1.073581
1616941134075026219,1616941134076497060,1.114422
1616941134085263689,1616941134086735233,1.143453
1616941134095488530,1616941134096868409,0.995244
1616941134105731796,1616941134107132632,1.059269
1616941134115948269,1616941134117410384,1.138783
1616941134126151337,1616941134127677551,1.172696
1616941134136404469,1616941134137876369,1.148245
1616941134146625491,1616941134148094202,1.111014
1616941134156801283,1616941134158308886,1.158646
1616941134166966778,1616941134168467025,1.101896
1616941134177185283,1616941134178617052,1.077673
1616941134187414066,1616941134188843488,1.070428
1616941134197635266,1616941134198992331,0.910329
1616941134207834003,1616941134209186926,0.940944
1616941134218008699,1616941134219434195,1.043358
1616941134228225940,1616941134229656462,1.109939
1616941134238344144,1616941134239754857,1.024686
1616941134248559461,1616941134250064453,1.094321
1616941134258726512,1616941134260196544,1.116323
1616941134268964070,1616941134270318867,1.043841
1616941134279196141,1616941134280616521,1.048375
1616941134289368286,1616941134290787039,1.056105
1616941134299538337,1616941134300983191,1.093014
1616941134309757921,1616941134311178534,1.065128
1616941134319975404,1616941134321426950,1.106322
1616941134330169132,1616941134331693518,1.190029
1616941134340398430,1616941134341976430,1.246426
1616941134350515861,1616941134352104869,1.271939
1616941134360695142,1616941134362202782,1.110454
1616941134370920325,1616941134372377702,1.143104
1616941134381143184,1616941134382629366,1.09397
1616941134391316057,1616941134392760785,1.030968
1616941134401536628,1616941134403012096,1.077081
1616941134411744588,1616941134413207421,1.061539
1616941134421916138,1616941134423382690,1.051165
1616941134432022458,1616941134433453108,1.040799
1616941134442115425,1616941134443621424,1.163565
1616941134452332538,1616941134453913830,1.235905
1616941134462510728,1616941134464099638,1.235396
1616941134472730615,1616941134474179577,1.039797
1616941134482901227,1616941134484468129,1.244433
1616941134493125240,1616941134494628169,1.108949
1616941134503342770,1616941134504732962,1.053294
1616941134513564341,1616941134515037919,1.091899
1616941134523786268,1616941134525163703,1.029874
1616941134534015920,1616941134535437401,1.029733
1616941134544255624,1616941134545635929,1.021287
1616941134554424988,1616941134555882252,1.085123
1616941134564651391,1616941134566049903,1.074818
1616941134574773160,1616941134576155195,1.046616
1616941134584991764,1616941134586337557,1.029541
1616941134595209483,1616941134596591563,1.047746
1616941134605429495,1616941134606800715,1.007417
1616941134615585662,1616941134616932761,0.90945
1616941134625689011,1616941134626999788,0.910324
1616941134635813547,1616941134637176141,0.935934
1616941134645923829,1616941134647280652,0.943844
1616941134656030254,1616941134657363827,0.921332
1616941134666133358,1616941134667477675,0.914519
1616941134676301412,1616941134677625636,0.902907
1616941134686416848,1616941134687827483,0.966786
1616941134696539282,1616941134697908617,0.976432
1616941134706650374,1616941134708050282,1.10435
1616941134716758671,1616941134718184970,1.032971
1616941134726923950,1616941134728320703,1.062127
1616941134737087033,1616941134738562894,1.116128
1616941134747254543,1616941134748642130,0.974866
1616941134757408865,1616941134758763883,0.926629
1616941134767517748,1616941134768873225,0.941623
1616941134777625781,1616941134779047183,0.976865
1616941134787792916,1616941134789163152,0.926104
1616941134797957481,1616941134799360173,0.970874
1616941134808080827,1616941134809430500,0.925163
1616941134818195856,1616941134819578438,1.003328
1616941134828428372,1616941134829803105,1.026707
1616941134838553964,1616941134840281509,1.514223
1616941134848729372,1616941134850280699,1.153649
1616941134858845395,1616941134860360735,1.100067
1616941134869014111,1616941134870539796,1.187277
1616941134879244093,1616941134880707673,1.108737
1616941134889410504,1616941134890867961,1.108672
1616941134899575188,1616941134901011339,1.107089
1616941134909796297,1616941134911249727,1.100887
1616941134920018409,1616941134923418632,3.066688
1616941134930134086,1616941134931606761,1.132377
1616941134940367353,1616941134941910938,1.218434
1616941134950481545,1616941134952233212,1.411739
1616941134960594011,1616941134962067288,1.040844
1616941134970769843,1616941134972237286,1.110172
1616941134980899865,1616941134982398650,1.131461
1616941134991136996,1616941134992671971,1.18811
1616941135001325453,1616941135002852683,1.101398
1616941135011483929,1616941135012927016,1.097228
1616941135021601089,1616941135023021632,0.991033
1616941135031718500,1616941135033169693,1.091296
1616941135041937287,1616941135043382974,1.08678
1616941135052054665,1616941135054343762,2.334037
1616941135062182307,1616941135064664945,2.105892
1616941135072427327,1616941135073837113,0.999343
1616941135082529862,1616941135084517714,1.812559
1616941135092687959,1616941135094712656,1.826027
1616941135102801979,1616941135104345422,1.350234
1616941135112921932,1616941135114328738,1.559928
1616941135123160509,1616941135125077507,1.770779
1616941135133285645,1616941135135189480,2.05454
1616941135143386222,1616941135145054872,1.463777
1616941135153486048,1616941135154986634,1.257808
1616941135163575694,1616941135164966410,1.025618
1616941135173800168,1616941135175228624,1.024941
1616941135183974440,1616941135185367771,0.983184
1616941135194134069,1616941135195679078,1.123338
1616941135204256817,1616941135205858266,1.191966
1616941135214418792,1616941135215904375,1.065516
1616941135224522125,1616941135225912638,0.95872
1616941135234623035,1616941135236057836,1.000814
1616941135244851527,1616941135246294127,1.1433
1616941135254948745,1616941135256421595,1.047011
1616941135265101390,1616941135266642290,1.166217
1616941135275146356,1616941135276751345,1.274679
1616941135285371697,1616941135286823738,1.014884
1616941135295533940,1616941135296923222,1.03112
1616941135305641628,1616941135307103912,1.036557
1616941135315746774,1616941135317279582,1.095643
1616941135325855759,1616941135327304135,1.024095
1616941135336022176,1616941135337507206,1.080764
1616941135346101465,1616941135347546907,1.03513
1616941135356262335,1616941135357739666,1.055152
1616941135366362043,1616941135367795655,1.015978
1616941135376618189,1616941135378067966,1.059164
1616941135386720620,1616941135388269702,1.124198
1616941135396900234,1616941135398363612,1.060208
1616941135406995447,1616941135408537903,1.111686
1616941135417097748,1616941135418657357,1.131247
1616941135427222569,1616941135428747167,1.098639
1616941135437327867,1616941135438836071,1.104612
1616941135447433945,1616941135448891199,1.044898
1616941135457610672,1616941135459105463,1.110686
1616941135467833506,1616941135469403474,1.161901
1616941135478080916,1616941135479589636,1.170675
1616941135488302083,1616941135489881195,1.22584
1616941135498428957,1616941135500040986,1.260884
1616941135508548053,1616941135510170274,1.275619
1616941135518660902,1616941135520282079,1.219526
1616941135528888673,1616941135530553345,1.319451
1616941135539059430,1616941135540721635,1.270796
1616941135549277985,1616941135550923833,1.253283
1616941135559500914,1616941135561121632,1.279375
1616941135569738364,1616941135571275052,1.183985
1616941135579909144,1616941135581514688,1.205537
1616941135590145621,1616941135591664956,1.175494
1616941135600273070,1616941135601835550,1.168687
1616941135610444490,1616941135612053098,1.17743
1616941135620571333,1616941135622151104,1.189812
1616941135630740251,1616941135632861140,1.95175
1616941135640968931,1616941135642613461,1.307463
1616941135651187556,1616941135652836921,1.30164
1616941135661361787,1616941135662908968,1.22034
1616941135671528374,1616941135673064493,1.185927
1616941135681659354,1616941135683234223,1.18375
1616941135691892080,1616941135693357968,1.117465
1616941135702129341,1616941135703760798,1.242443
1616941135712307900,1616941135713869364,1.245003
1616941135722478079,1616941135724086623,1.259763
1616941135732703039,1616941135734113095,1.024066
1616941135742868185,1616941135744420981,1.230539
1616941135753087603,1616941135754614001,1.128392
1616941135763256948,1616941135764841237,1.235463
1616941135773438368,1616941135774909562,1.047713
1616941135783609995,1616941135785100373,1.085264
1616941135793765780,1616941135795233556,1.138733
1616941135803958079,1616941135805491911,1.176538
1616941135814159887,1616941135815772015,1.250867
1616941135824401567,1616941135825870906,1.119502
1616941135834623179,1616941135836373113,1.400541
1616941135844840159,1616941135846431657,1.202253
1616941135855083503,1616941135856719114,1.27862
1616941135865304376,1616941135866954813,1.259486
1616941135875532134,1616941135877092350,1.253039
1616941135885701263,1616941135887234147,1.205479
1616941135895880636,1616941135897358796,1.126246
1616941135905988399,1616941135907631756,1.232757
1616941135916124370,1616941135917699638,1.218779
1616941135926233931,1616941135927748909,1.152428
1616941135936393940,1616941135938014998,1.261409
1616941135946518962,1616941135948083497,1.161347
1616941135956749170,1616941135958241331,1.097517
1616941135966929890,1616941135968446776,1.103729
1616941135977063893,1616941135978556836,1.084329
1616941135987234933,1616941135988699237,1.116828
1616941135997457652,1616941135998980826,1.204989
1616941136007693313,1616941136009208291,1.117273
1616941136017919700,1616941136019444482,1.170202
1616941136028078068,1616941136029543712,1.119954
1616941136038251508,1616941136039790902,1.186088
1616941136048431375,1616941136050051659,1.281183
1616941136058606955,1616941136060214383,1.270673
1616941136068827584,1616941136070423908,1.280765
1616941136079041761,1616941136080526980,1.083403
1616941136089272302,1616941136090779040,1.156592
1616941136099489903,1616941136101067794,1.226138
1616941136109661530,1616941136111288521,1.30265
1616941136119829315,1616941136121248856,1.00217
1616941136130072783,1616941136131550353,1.125269
1616941136140306611,1616941136141946185,1.298389
1616941136150477609,1616941136152081674,1.258507
1616941136160708926,1616941136162401506,1.367851
1616941136170926224,1616941136172523408,1.252165
1616941136181151493,1616941136182651539,1.145561
1616941136191369866,1616941136192833266,1.111264
1616941136201608313,1616941136203087218,1.119903
1616941136211834030,1616941136213459835,1.28682
1616941136222075970,1616941136223626534,1.216221
1616941136232297445,1616941136233903310,1.283195
1616941136242467893,1616941136244063946,1.235347
1616941136252685435,1616941136254316723,1.280127
1616941136262843360,1616941136264417121,1.233286
1616941136273073527,1616941136274640924,1.227883
1616941136283250736,1616941136284807287,1.235275
1616941136293427910,1616941136294977729,1.14531
1616941136303597199,1616941136305187927,1.238532
1616941136313825247,1616941136315399420,1.222254
1616941136324052262,1616941136325691271,1.310258
1616941136334231760,1616941136335797695,1.207518
1616941136344402444,1616941136345925377,1.177611
1616941136354573480,1616941136356141912,1.21835
1616941136364815818,1616941136366221408,1.083703
1616941136375044124,1616941136376444934,1.035886
1616941136385277930,1616941136386667310,1.019304
1616941136395514517,1616941136396995025,1.115313
1616941136405743560,1616941136407206227,1.097308
1616941136415980267,1616941136417457989,1.13638
1616941136426158109,1616941136427690877,1.155477
1616941136436379852,1616941136437993729,1.290135
1616941136446545191,1616941136447924690,0.947706
1616941136456716773,1616941136458137183,1.070022
1616941136466889142,1616941136468380662,1.13007
1616941136477112529,1616941136478601984,1.127414
1616941136487333459,1616941136488764658,1.059229
1616941136497555006,1616941136499070788,1.170967
1616941136507712671,1616941136509161942,1.033871
1616941136517928816,1616941136519424500,1.14642
1616941136528166640,1616941136529692665,1.16159
1616941136538336606,1616941136539887173,1.19796
1616941136548556062,1616941136550084669,1.113808
1616941136558727614,1616941136560156227,0.999493
1616941136568951152,1616941136570553905,1.245072
1616941136579059955,1616941136580534739,1.050948
1616941136589232805,1616941136590773288,1.13458
1616941136599470046,1616941136600927333,1.091551
1616941136609624788,1616941136611107724,1.122421
1616941136619778902,1616941136621349535,1.217024
1616941136630007803,1616941136631471065,1.117896
1616941136640237948,1616941136641723870,1.127342
1616941136650408773,1616941136651887985,1.122032
1616941136660639660,1616941136662049695,1.040471
1616941136670805175,1616941136672234023,1.111606
1616941136681027560,1616941136682538217,1.186429
1616941136691253721,1616941136692762019,1.154925
1616941136701494091,1616941136702976075,1.124581
1616941136711665712,1616941136713149274,1.145943
1616941136721837703,1616941136723316069,1.13148
1616941136731993948,1616941136733430065,1.070263
1616941136742156917,1616941136743605605,1.078961
1616941136752398806,1616941136753900072,1.146572
1616941136762569273,1616941136764096023,1.184225
1616941136772810929,1616941136774213581,0.995691
1616941136782966400,1616941136785141425,1.765421
1616941136793194940,1616941136794652767,1.070439
1616941136803365460,1616941136804825219,1.038838
1616941136813474646,1616941136814953787,1.061141
1616941136823696591,1616941136825102840,0.993762
1616941136833904862,1616941136835336387,1.002944
1616941136844130174,1616941136845637874,1.101238
1616941136854237356,1616941136855759851,1.184133
1616941136864321924,1616941136865785655,1.122336
1616941136874481352,1616941136875994308,1.120276
1616941136884667180,1616941136886113543,1.020992
1616941136894825061,1616941136896270024,1.037356
1616941136904954473,1616941136906451637,1.162932
1616941136915127546,1616941136916652663,1.1197
1616941136925207735,1616941136926674460,1.055545
1616941136935296336,1616941136936819984,1.171031
1616941136945441871,1616941136946882688,1.042049
1616941136955538126,1616941136956995522,1.124085
1616941136965699319,1616941136967121348,1.060952
1616941136975727424,1616941136977164679,1.019313
1616941136985822426,1616941136987173310,0.963011
1616941136995980523,1616941136997469213,1.082619
1616941137006154071,1616941137007654424,1.163596
1616941137016192774,1616941137017692284,1.123536
1616941137026223351,1616941137027700025,1.052417
1616941137036289204,1616941137037765720,1.09829
1616941137046452414,1616941137047903353,1.051461
1616941137056549058,1616941137057930815,0.956726
1616941137066648477,1616941137068060311,0.975297
1616941137076717871,1616941137078092571,0.998248
1616941137086812415,1616941137088174912,0.929053
1616941137097052571,1616941137098394851,0.90885
1616941137107203957,1616941137108553203,0.989599
1616941137117272188,1616941137118616625,0.944235
1616941137127494747,1616941137128845017,1.019093
1616941137137713534,1616941137139055391,0.974663
1616941137147930979,1616941137149278297,1.026341
1616941137158102420,1616941137159421580,0.982441
1616941137168329074,1616941137169702801,1.053304
1616941137178499712,1616941137179862431,1.035292
1616941137188748049,1616941137190104187,1.030814
1616941137198971978,1616941137200409525,1.093266
1616941137209146265,1616941137210572359,1.062682
1616941137219364750,1616941137220754100,1.062975
1616941137229585860,1616941137230984934,0.967233
1616941137239743833,1616941137241565101,1.532023
1616941137249964037,1616941137251486914,1.114384
1616941137260192348,1616941137261722532,1.195198
1616941137270361182,1616941137271785519,1.071584
1616941137280580971,1616941137281973777,1.058148
1616941137290738900,1616941137292116976,0.970373
1616941137300911213,1616941137302319351,1.069976
1616941137311027519,1616941137312414649,0.986997
1616941137321256020,1616941137322616486,1.045863
1616941137331414731,1616941137332777181,0.909328
1616941137341533707,1616941137342974382,1.035051
1616941137351713475,1616941137353071642,0.897043
1616941137361885864,1616941137363271823,1.001568
1616941137372068704,1616941137373412335,0.980036
1616941137382219394,1616941137383631257,1.096324
1616941137392352849,1616941137393812973,1.066642
1616941137402471511,1616941137403934954,1.054958
1616941137412675999,1616941137414158919,1.082116
1616941137422841645,1616941137424292995,1.127802
1616941137432993126,1616941137434376195,0.974367
1616941137443172331,1616941137444523393,1.027194
1616941137453405925,1616941137454802693,0.971349
1616941137463592076,1616941137466688809,2.715112
1616941137473721672,1616941137475166185,1.01103
1616941137483895420,1616941137485303424,0.981348
1616941137494127922,1616941137495549313,1.095507
1616941137504346257,1616941137505866581,1.186796
1616941137514516580,1616941137515973395,1.100817
1616941137524734978,1616941137526162042,1.069984
1616941137534855417,1616941137536269989,1.066065
1616941137545075497,1616941137546552668,1.180393
1616941137555257581,1616941137556667664,1.027604
1616941137565502368,1616941137566977974,1.050071
1616941137575746927,1616941137577213552,1.112878
1616941137585927105,1616941137587435826,1.139067
1616941137596156445,1616941137597554590,1.067981
1616941137606379646,1616941137607832596,1.098918
1616941137616604760,1616941137618032129,1.081553
1616941137626776482,1616941137628285499,1.20363
1616941137636951192,1616941137638438429,1.19259
1616941137647172186,1616941137648597177,1.073518
1616941137657389237,1616941137658823484,1.101227
1616941137667625184,1616941137669074636,1.100514
1616941137677846467,1616941137679261443,1.066612
1616941137688063916,1616941137689514676,1.117401
1616941137698224467,1616941137699721571,1.059096
1616941137708446552,1616941137709954429,1.075774
1616941137718620355,1616941137720100799,1.073612
1616941137728789720,1616941137730311299,1.20436
1616941137738943321,1616941137740341374,1.006895
1616941137749159992,1616941137750653558,1.085738
1616941137759321916,1616941137760733070,1.06632
1616941137769553540,1616941137771051309,1.148561
1616941137779892989,1616941137781457928,1.227496
1616941137790007606,1616941137791623621,1.266345
1616941137800169598,1616941137801613711,1.160023
1616941137810276984,1616941137811724801,1.108282
1616941137820462622,1616941137821994382,1.123008
1616941137830684767,1616941137832231332,1.211156
1616941137840852423,1616941137842411567,1.257656
1616941137851027921,1616941137852554381,1.181999
1616941137861223211,1616941137862760459,1.207608
1616941137871336511,1616941137872893124,1.173691
1616941137881508675,1616941137882994859,1.168983
1616941137891752200,1616941137893231568,1.144394
1616941137901912246,1616941137903541983,1.305829
1616941137912130990,1616941137913694216,1.178714
1616941137922299144,1616941137923842106,1.202516
1616941137932517662,1616941137934053589,1.193178
1616941137942686090,1616941137944116455,1.022573
1616941137952859902,1616941137954364839,1.124547
1616941137963089525,1616941137964542827,1.025939
1616941137973314103,1616941137974807358,1.144579
1616941137983487742,1616941137984944547,1.039616
1616941137993724779,1616941137995245987,1.158208
1616941138003954743,1616941138005432839,1.14023
1616941138014132786,1616941138015619573,1.139862
1616941138024354873,1616941138025830782,1.128027
1616941138034489396,1616941138036483218,1.764358
1616941138044520218,1616941138045951025,1.0946
1616941138054694908,1616941138056099353,1.049937
1616941138064867185,1616941138066322096,1.077674
1616941138075037365,1616941138076450757,1.062284
1616941138085279190,1616941138086711649,1.061627
1616941138095509165,1616941138096919870,1.025495
1616941138105738259,1616941138107276870,1.21176
1616941138115966522,1616941138117414287,1.041777
1616941138126150057,1616941138127600340,1.097647
1616941138136387440,1616941138137837063,1.099685
1616941138146555128,1616941138147981885,1.089253
1616941138156773014,1616941138158207063,1.030186
1616941138166945336,1616941138168449239,1.110212
1616941138177167073,1616941138178678843,1.173506
1616941138187337669,1616941138188768168,1.103464
1616941138197500903,1616941138198951862,1.098402
1616941138207671122,1616941138209080720,1.063765
1616941138217885279,1616941138219416360,1.258556
1616941138228044179,1616941138229479084,1.043882
1616941138238228477,1616941138239696575,1.123595
1616941138248446017,1616941138249856959,1.056045
1616941138258566483,1616941138260136023,1.2821
1616941138268784786,1616941138270240491,1.054502
1616941138279003960,1616941138280495430,1.144182
1616941138289181023,1616941138290673411,1.107727
1616941138299413164,1616941138300912190,1.163308
1616941138309585027,1616941138311101758,1.163878
1616941138319803896,1616941138321306225,1.100348
1616941138330041117,1616941138331500786,1.132716
1616941138340223557,1616941138341642604,1.097439
1616941138350337114,1616941138351867422,1.19099
1616941138360554415,1616941138362009158,1.100493
1616941138370729306,1616941138372270724,1.193959
1616941138380949080,1616941138382391171,1.093492
1616941138391209173,1616941138392608137,1.083715
1616941138401436627,1616941138402830030,1.030627
1616941138411657060,1616941138413079895,1.092348
1616941138421819030,1616941138423360898,1.189476
1616941138432063617,1616941138433530143,1.13488
1616941138442182921,1616941138443632061,1.101635
1616941138452409464,1616941138453931908,1.206308
1616941138462523178,1616941138463995813,1.060223
1616941138472744179,1616941138474282314,1.190491
1616941138482914757,1616941138484470796,1.210388
1616941138493092061,1616941138494589787,1.139355
1616941138503305206,1616941138504826779,1.161424
1616941138513524007,1616941138515057545,1.194291
1616941138523744814,1616941138525182296,1.019993
1616941138533919157,1616941138535984945,1.656123
1616941138544166702,1616941138545781597,1.289507
1616941138554270966,1616941138555823493,1.218181
1616941138564477088,1616941138566095433,1.240587
1616941138574633003,1616941138576203667,1.169901
1616941138584875013,1616941138586491421,1.322373
1616941138595037613,1616941138596581883,1.199293
1616941138605086736,1616941138606691031,1.208018
1616941138615318939,1616941138616815365,1.113074
1616941138625470947,1616941138626918050,1.030144
1616941138635574843,1616941138637118599,1.137198
1616941138645797363,1616941138647488937,1.306109
1616941138655981966,1616941138657551121,1.170474
1616941138666022762,1616941138667629729,1.20448
1616941138676134047,1616941138677650082,1.112742
1616941138686197972,1616941138687742324,1.144616
1616941138696259656,1616941138697752505,1.144942
1616941138706421983,1616941138707960097,1.15026
1616941138716462127,1616941138718008903,1.204629
1616941138726568115,1616941138728093150,1.195872
1616941138736644991,1616941138738182043,1.193357
1616941138746793384,1616941138748317444,1.18517
1616941138756965360,1616941138758427426,1.152598
1616941138767078175,1616941138768584145,1.163064
1616941138777127432,1616941138778675248,1.143501
1616941138787228746,1616941138788772444,1.21095
1616941138797458750,1616941138798942717,1.107126
1616941138807617220,1616941138809083682,1.106658
1616941138817717068,1616941138819188078,1.04974
1616941138827746777,1616941138829286068,1.180398
1616941138837848573,1616941138839822352,1.68408
1616941138847959696,1616941138849474800,1.136219
1616941138858194632,1616941138859737617,1.15047
1616941138868427122,1616941138869929899,1.186525
1616941138878553944,1616941138880074976,1.228586
1616941138888795279,1616941138890341453,1.212447
1616941138899016774,1616941138900601152,1.250887
1616941138909193705,1616941138910812026,1.277366
1616941138919412565,1616941138920922843,1.189549
1616941138929634815,1616941138931154941,1.124714
1616941138939861620,1616941138941430667,1.234159
1616941138950090861,1616941138951538889,1.034596
1616941138960314429,1616941138961794472,1.108509
1616941138970499667,1616941138972077976,1.193146
1616941138980728497,1616941138982181900,1.058971
1616941138990951125,1616941138992475669,1.125438
1616941139001119802,1616941139002696355,1.17492
1616941139011344791,1616941139012845789,1.094292
1616941139021567022,1616941139023026599,1.054685
1616941139031795777,1616941139033308182,1.113578
1616941139041973857,1616941139043488546,1.119787
1616941139052138803,1616941139053590022,1.02388
1616941139062269357,1616941139063693374,0.983324
1616941139072508992,1616941139074067659,1.18875
1616941139082679738,1616941139084227587,1.204801
1616941139092845051,1616941139094299255,1.089197
1616941139102945124,1616941139104559261,1.294783
1616941139113099975,1616941139114684575,1.176908
1616941139123216797,1616941139124812499,1.25715
1616941139133382639,1616941139134924849,1.13183
1616941139143551065,1616941139145053861,1.157118
1616941139153652641,1616941139155200428,1.169235
1616941139163824657,1616941139165383348,1.166716
1616941139173984226,1616941139175470387,1.137999
1616941139184209748,1616941139185711365,1.152996
1616941139194391440,1616941139195921598,1.185972
1616941139204617990,1616941139206096129,1.129865
1616941139214807162,1616941139216372646,1.171143
1616941139225036584,1616941139226589280,1.162433
1616941139235204120,1616941139236789695,1.190388
1616941139245370531,1616941139246958411,1.219074
1616941139255600597,1616941139257195710,1.197074
1616941139265838420,1616941139267483822,1.262532
1616941139276023157,1616941139277653813,1.233331
1616941139286193863,1616941139287767012,1.172701
1616941139296432245,1616941139297934662,1.116977
1616941139306596823,1616941139308071845,1.070348
1616941139316845480,1616941139318562072,1.392486
1616941139327018899,1616941139328577034,1.153274
1616941139337195148,1616941139338851481,1.307931
1616941139347409108,1616941139348993758,1.19414
1616941139357630104,1616941139359128173,1.198617
1616941139367851428,1616941139369322834,1.147543
1616941139378025216,1616941139379514859,1.131554
1616941139388183253,1616941139389646824,1.113881
1616941139398360907,1616941139399971718,1.260782
1616941139408579406,1616941139410147290,1.223429
1616941139418747821,1616941139420296398,1.21686
1616941139428908628,1616941139430422575,1.204569
1616941139439124506,1616941139440670482,1.200575
1616941139449364358,1616941139450853688,1.150485
1616941139459580929,1616941139461098349,1.157384
1616941139469798305,1616941139471331404,1.19105
1616941139480030116,1616941139481519263,1.141558
1616941139490166785,1616941139491676808,1.155592
1616941139500397068,1616941139501874695,1.056711
1616941139510566131,1616941139512079443,1.11346
1616941139520787951,1616941139522292656,1.137394
1616941139531004847,1616941139532480687,1.125103
1616941139541250952,1616941139542777907,1.180412
1616941139551463063,1616941139552980966,1.125819
1616941139561681318,1616941139563108947,1.052824
1616941139571898286,1616941139573454169,1.187435
1616941139582131081,1616941139583590907,1.093105
1616941139592359853,1616941139593805027,1.111383
1616941139602529701,1616941139603975726,1.011983
1616941139612756043,1616941139614204954,1.035637
1616941139622978134,1616941139624580538,1.257738
1616941139633207789,1616941139634835060,1.287055
1616941139643421590,1616941139645623744,2.112478
1616941139653651489,1616941139655193479,1.215457
1616941139663875369,1616941139665344566,1.130751
1616941139674106404,1616941139675674760,1.263043
1616941139684324751,1616941139685950249,1.280184
1616941139694493978,1616941139695915910,1.112636
1616941139704713939,1616941139706159481,1.089509
1616941139714883633,1616941139716350878,1.114422
1616941139725103700,1616941139726709011,1.264218
1616941139735320079,1616941139736747034,1.038965
1616941139745554112,1616941139747021288,1.108051
1616941139755773630,1616941139757331061,1.235986
1616941139765998266,1616941139767520059,1.175906
1616941139776231299,1616941139777724913,1.128325
1616941139786400874,1616941139787865826,1.034745
1616941139796619273,1616941139798063164,1.025799
1616941139806792287,1616941139808305100,1.17136
1616941139816965040,1616941139818524475,1.236046
1616941139827129769,1616941139828742033,1.279129
1616941139837351478,1616941139838733999,0.964218
1616941139847576276,1616941139849070058,1.13589
1616941139857794030,1616941139859360834,1.187936
1616941139868045073,1616941139869471840,1.010261
1616941139878239165,1616941139879763346,1.125692
1616941139888455973,1616941139890006501,1.139932
1616941139898624928,1616941139900210990,1.202477
1616941139908842514,1616941139910400062,1.164772
1616941139919009740,1616941139920468218,1.052405
1616941139929233341,1616941139930788877,1.174087
1616941139939453217,1616941139940941939,1.103865
1616941139949671091,1616941139951186551,1.079698
1616941139959866536,1616941139961377430,1.102481
1616941139970040378,1616941139971646631,1.207818
1616941139980211423,1616941139981767799,1.158846
1616941139990331228,1616941139991938348,1.199128
1616941140000582161,1616941140002124776,1.115169
1616941140010757702,1616941140012195763,1.011332
1616941140020989861,1616941140022447681,1.101096
1616941140031218255,1616941140032705682,1.080224
1616941140041432613,1616941140042884690,1.054389
1616941140051671955,1616941140053110611,1.05242
1616941140061888326,1616941140063419432,1.150216
1616941140072105174,1616941140073630771,1.163629
1616941140082274721,1616941140083878096,1.278141
1616941140092492870,1616941140094106360,1.287706
1616941140102723331,1616941140104473686,1.426614
1616941140112955040,1616941140114679334,1.332986
1616941140123176032,1616941140124830153,1.323999
1616941140133396786,1616941140135028786,1.282008
1616941140143610289,1616941140145195355,1.237224
1616941140153838906,1616941140155433191,1.246444
1616941140164065297,1616941140165735062,1.340759
1616941140174238042,1616941140175835177,1.253894
1616941140184464782,1616941140186130456,1.332354
1616941140194633787,1616941140196143798,1.171983
1616941140204853708,1616941140206514138,1.350053
1616941140215074302,1616941140216547277,1.078788
1616941140225291346,1616941140226694873,1.068919
1616941140235510223,1616941140236991136,1.125013
1616941140245675623,1616941140247124003,1.106553
1616941140255902871,1616941140257952532,1.652847
1616941140266283903,1616941140267758035,1.095589
1616941140276437053,1616941140277951793,1.109435
1616941140286470746,1616941140288053390,1.263487
1616941140296631970,1616941140298117846,1.098787
1616941140306737717,1616941140308191437,1.026809
1616941140316797320,1616941140318344568,1.11275
1616941140326905235,1616941140328520750,1.29087
1616941140337033475,1616941140338737897,1.301803
1616941140347211956,1616941140348646238,0.993403
1616941140357337672,1616941140358790351,1.011099
1616941140367436279,1616941140368835080,0.949097
1616941140377656651,1616941140379096348,0.995274
1616941140387774098,1616941140389189756,0.961985
1616941140397866111,1616941140399386423,1.128977
1616941140408063612,1616941140409522468,1.05985
1616941140418171989,1616941140419612048,0.984178
1616941140428395559,1616941140429849052,1.029847
1616941140438495287,1616941140442743872,3.858505
1616941140448578709,1616941140450500233,1.580251
1616941140458669925,1616941140460181009,1.125268
1616941140468832060,1616941140470394041,1.148075
1616941140478981279,1616941140480488868,1.112393
1616941140489107181,1616941140490702197,1.199718
1616941140499190078,1616941140500697039,1.154289
1616941140509239840,1616941140510841504,1.228171
1616941140519376562,1616941140520932965,1.164162
1616941140529414660,1616941140530984873,1.183455
1616941140539516305,1616941140541063472,1.216313
1616941140549584388,1616941140551107938,1.120673
1616941140559743560,1616941140561194352,1.036988
1616941140569904741,1616941140571380560,1.067184
1616941140579966457,1616941140581408197,1.039071
1616941140590141603,1616941140591539076,1.009261
1616941140600247149,1616941140601664246,1.022796
1616941140610412646,1616941140611851746,1.090727
1616941140620589712,1616941140622038088,1.099542
1616941140630777864,1616941140632346271,1.149489
1616941140640950844,1616941140642505056,1.222737
1616941140651108259,1616941140652645277,1.116603
1616941140661274592,1616941140662724841,1.136793
1616941140671434812,1616941140672891014,1.158645
1616941140681602264,1616941140683171367,1.239705
1616941140691771817,1616941140693130703,0.989663
1616941140702007881,1616941140703406195,1.108856
1616941140712185536,1616941140713577651,1.067704
1616941140722351436,1616941140723866103,1.187409
1616941140732519545,1616941140733980701,1.046558
1616941140742684050,1616941140744127854,1.115406
1616941140752850688,1616941140754298881,1.100488
1616941140763015871,1616941140764477252,1.046477
1616941140773234643,1616941140774757910,1.186798
1616941140783394185,1616941140784900833,1.169651
1616941140793561712,1616941140795020228,1.14863
1616941140803727008,1616941140805175594,1.128959
1616941140813964618,1616941140815470187,1.172965
1616941140824132871,1616941140825663087,1.208479
1616941140834298271,1616941140835900898,1.268571
1616941140844556579,1616941140845967109,1.024624
1616941140854727694,1616941140856292008,1.26867
1616941140864906880,1616941140866482945,1.234442
1616941140875060981,1616941140876658610,1.252134
1616941140885252045,1616941140886783400,1.126932
1616941140895408033,1616941140896966690,1.216827
1616941140905642327,1616941140907209029,1.183205
1616941140915861280,1616941140917408547,1.195552
1616941140926039729,1616941140927635039,1.187588
1616941140936212395,1616941140937700862,1.200819
1616941140946383597,1616941140947858799,1.142988
1616941140956599283,1616941140958138717,1.137268
1616941140966770046,1616941140968275913,1.179556
1616941140976989249,1616941140978798210,1.588324
1616941140987153785,1616941140988739641,1.184091
1616941140997371742,1616941140998833161,1.136493
1616941141007595492,1616941141009109566,1.187525
1616941141017778819,1616941141019328692,1.150118
1616941141027999207,1616941141029480004,1.14563
1616941141038220061,1616941141039802432,1.230507
1616941141048449864,1616941141050026602,1.252071
1616941141058616055,1616941141060110209,1.250692
1616941141068787896,1616941141070304742,1.180703
1616941141078893854,1616941141080426177,1.155097
1616941141089120190,1616941141090569856,1.051014
1616941141099236804,1616941141100665737,1.095434
1616941141109361405,1616941141110905441,1.161582
1616941141119584790,1616941141121038174,1.045354
1616941141129799908,1616941141131347150,1.19193
1616941141140015682,1616941141141553863,1.200908
1616941141150185272,1616941141151697552,1.107136
1616941141160351979,1616941141161992150,1.285071
1616941141170522807,1616941141172159450,1.317742
1616941141180759137,1616941141182337366,1.252545
1616941141190926810,1616941141192453723,1.252603
1616941141201116320,1616941141202703759,1.183841
1616941141211234741,1616941141212753058,1.166805
1616941141221409093,1616941141222907487,1.0814
1616941141231569312,1616941141233106867,1.18877
1616941141241775063,1616941141243413394,1.310611
1616941141251940203,1616941141253945609,1.850643
1616941141262008175,1616941141263519453,1.084294
1616941141272176480,1616941141273757831,1.172784
1616941141282302805,1616941141283819090,1.10446
1616941141292523197,1616941141293979090,1.027922
1616941141302643223,1616941141304068060,1.020596
1616941141312806386,1616941141314285299,1.053957
1616941141322930312,1616941141324384064,1.03512
1616941141333146528,1616941141334625852,1.066182
1616941141343267756,1616941141344746104,1.088893
1616941141353484564,1616941141354946578,1.034605
1616941141363708017,1616941141365190772,1.071618
1616941141373876118,1616941141375288658,0.98259
1616941141384092279,1616941141385466347,0.934352
1616941141394234483,1616941141395640819,0.986987
1616941141404452686,1616941141405985360,1.107318
1616941141414572146,1616941141416074390,1.12215
1616941141424786892,1616941141426152797,0.97121
1616941141434948943,1616941141436347974,1.03327
1616941141445172489,1616941141446696904,1.141847
1616941141455381474,1616941141456812071,1.005051
1616941141465594049,1616941141467003407,1.027608
1616941141475819915,1616941141477258134,1.021336
1616941141486035488,1616941141487586588,1.120325
1616941141496270975,1616941141497627872,0.926645
1616941141506438349,1616941141507871008,0.975746
1616941141516551587,1616941141517912196,0.906356
1616941141526772599,1616941141528161816,0.965818
1616941141536995061,1616941141538423802,1.00816
1616941141547218745,1616941141548649282,1.005759
1616941141557444905,1616941141558840121,0.947424
1616941141567614929,1616941141568986518,1.008534
1616941141577784587,1616941141579217834,1.052679
1616941141587949822,1616941141589353368,1.041972
1616941141598153634,1616941141599659048,1.16561
1616941141608282685,1616941141609654935,0.966607
1616941141618401596,1616941141619911324,1.169663
1616941141628618706,1616941141630042968,1.068139
1616941141638783758,1616941141640239003,1.091721
1616941141649009816,1616941141650498659,1.142936
1616941141659170502,1616941141660613480,1.090411
1616941141669388967,1616941141670937938,1.220879
1616941141679616082,1616941141681074787,1.102548
1616941141689832579,1616941141691306474,1.129599
1616941141700052226,1616941141701582217,1.182543
1616941141710173081,1616941141711624119,1.11258
1616941141720299971,1616941141721906141,1.201116
1616941141730353539,1616941141731845162,1.069015
1616941141740524389,1616941141742025524,1.05937
1616941141750635147,1616941141752092233,1.040838
1616941141760834836,1616941141762403203,1.15488
1616941141770991987,1616941141772435019,1.047277
1616941141781214629,1616941141782842822,1.256057
1616941141791378893,1616941141792887732,1.104449
1616941141801593916,1616941141803145471,1.19776
1616941141811766898,1616941141813242027,1.126581
1616941141821991833,1616941141823671005,1.279711
1616941141832164486,1616941141833825579,1.260328
1616941141842295225,1616941141843894858,1.257601
1616941141852529917,1616941141854051857,1.155757
1616941141862701182,1616941141864242430,1.141752
1616941141872920912,1616941141874530208,1.22517
1616941141883143245,1616941141884625495,1.073294
1616941141893342462,1616941141894852541,1.110533
1616941141903565263,1616941141905088603,1.176454
1616941141913726285,1616941141915264956,1.231073
1616941141923950108,1616941141925446763,1.176799
1616941141934140958,1616941141935669165,1.194183
1616941141944302985,1616941141945902868,1.190547
1616941141954469519,1616941141956109776,1.276676
1616941141964638114,1616941141966266485,1.186657
1616941141974811295,1616941141976814061,1.541879
1616941141984976174,1616941141986608272,1.207245
1616941141995137489,1616941141996724537,1.150705
1616941142005356215,1616941142006941076,1.152374
1616941142015512512,1616941142016981258,1.020121
1616941142025726056,1616941142027276924,1.113626
1616941142035816341,1616941142037384781,1.104061
1616941142045965280,1616941142047613522,1.194452
1616941142056066706,1616941142057695550,1.20775
1616941142066092175,1616941142068197086,1.815387
1616941142076254127,1616941142077870102,1.210563
1616941142086372087,1616941142087892317,1.108492
1616941142096593821,1616941142098116144,1.09747
1616941142106704609,1616941142108301397,1.201698
1616941142116779317,1616941142118279822,1.104181
1616941142126972783,1616941142128461818,1.06916
1616941142137071766,1616941142138431645,1.040931
1616941142147224462,1616941142148591746,0.959947
1616941142157337309,1616941142158788441,1.023979
1616941142167379436,1616941142168944007,1.149565
1616941142177603911,1616941142179090205,1.079102
1616941142187773208,1616941142189228434,1.097016
1616941142197875350,1616941142199351825,1.117566
1616941142208034309,1616941142209571364,1.143377
1616941142218151355,1616941142219696052,1.16135
1616941142228309447,1616941142229947571,1.245752
1616941142238482061,1616941142239982183,1.084279
1616941142248590586,1616941142250120106,1.118079
1616941142258742750,1616941142260292056,1.16733
1616941142268957560,1616941142270499036,1.137097
1616941142279051361,1616941142280583498,1.160715
1616941142289209505,1616941142290725350,1.124898
1616941142299284292,1616941142300806242,1.117456
1616941142309442837,1616941142311011014,1.208095
1616941142319551558,1616941142321052419,1.155682
1616941142329608768,1616941142331160592,1.199692
1616941142339643229,1616941142341249616,1.306989
1616941142349753499,1616941142351270566,1.15335
1616941142359852774,1616941142361411925,1.184744
1616941142369951302,1616941142371592902,1.224987
1616941142380056082,1616941142381580760,1.122411
1616941142390154930,1616941142391631160,1.063573
1616941142400371936,1616941142401846114,1.057405
1616941142410475775,1616941142411980930,1.093416
1616941142420708360,1616941142422182798,1.074986
1616941142430828756,1616941142432283858,1.063721
1616941142441051107,1616941142442495340,1.040258
1616941142451226166,1616941142452687884,1.031148
1616941142461325801,1616941142462739426,1.014869
1616941142471495571,1616941142472959181,1.127622
1616941142481679534,1616941142483172531,1.141775
1616941142491846109,1616941142493303531,1.120701
1616941142502019427,1616941142503506279,1.079668
1616941142512180973,1616941142513751098,1.230635
1616941142522293813,1616941142523945654,1.326752
1616941142532459268,1616941142534051121,1.265565
1616941142542570616,1616941142544179316,1.253387
1616941142552738730,1616941142554300075,1.154087
1616941142562847556,1616941142564488094,1.314542
1616941142573012437,1616941142574620616,1.292313
1616941142583174027,1616941142584703193,1.180213
1616941142593337153,1616941142594845552,1.169082
1616941142603443974,1616941142604888843,1.089834
1616941142613560648,1616941142615044456,1.099666
1616941142623705180,1616941142625173884,1.088326
1616941142633876649,1616941142635439310,1.226526
1616941142644002618,1616941142645490210,1.089969
1616941142654180803,1616941142655717277,1.130416
1616941142664347513,1616941142665857988,1.166761
1616941142674517142,1616941142675998766,1.106218
1616941142684687169,1616941142686193377,1.152398
1616941142694847210,1616941142696341498,1.164491
1616941142704973976,1616941142706351388,0.947272
1616941142715083560,1616941142716496454,1.065136
1616941142725209478,1616941142726689843,1.120101
1616941142735427886,1616941142736823380,0.976873
1616941142745647982,1616941142747087753,1.100601
1616941142755766780,1616941142757330234,1.164212
1616941142765910735,1616941142767448988,1.112381
1616941142776131188,1616941142777677194,1.130633
1616941142786248202,1616941142787760892,1.125361
1616941142796375709,1616941142805051416,8.335115
1616941142806498007,1616941142807820640,0.9499
1616941142816719589,1616941142818205391,1.189389
1616941142826877724,1616941142828287203,1.088094
1616941142837009590,1616941142838450276,1.144178
1616941142847233795,1616941142848761117,1.183338
1616941142857472557,1616941142859000134,1.216671
1616941142867656737,1616941142869180413,1.195848
1616941142877876034,1616941142879887381,1.784311
1616941142887936242,1616941142889434183,1.147253
1616941142898160830,1616941142899688671,1.193914
1616941142908344184,1616941142909770687,1.090994
1616941142918517920,1616941142919943531,1.093411
1616941142928753933,1616941142930238623,1.156103
1616941142938919261,1616941142940473759,1.22751
1616941142949078689,1616941142950593604,1.182605
1616941142959299550,1616941142960772303,1.105445
1616941142969525978,1616941142971034437,1.198285
1616941142979755652,1616941142981292214,1.208599
1616941142989983467,1616941142991498832,1.164403
1616941143000203816,1616941143001684272,1.122248
1616941143010370574,1616941143011884125,1.100672
1616941143020548002,1616941143022054955,1.110103
1616941143030714207,1616941143032178648,1.090248
1616941143040934869,1616941143042460687,1.214773
1616941143051183208,1616941143052661768,1.140502
1616941143061403583,1616941143062895312,1.102932
1616941143071636694,1616941143073067607,1.082647
1616941143081857991,1616941143083316384,1.10693
1616941143092080502,1616941143093557024,1.12256
1616941143102231769,1616941143103731266,1.157065
1616941143112449518,1616941143113927733,1.133862
1616941143122618379,1616941143124239798,1.290989
1616941143132800827,1616941143134382156,1.271764
1616941143143031460,1616941143144544593,1.174947
1616941143153251946,1616941143154794758,1.194367
1616941143163480320,1616941143164987329,1.160753
1616941143173655790,1616941143175212028,1.209586
1616941143183887853,1616941143185488774,1.265993
1616941143194110840,1616941143195627242,1.167877
1616941143204331416,1616941143205822402,1.157326
1616941143214501532,1616941143216080844,1.23559
1616941143224723920,1616941143226251386,1.190076
1616941143234950972,1616941143236437429,1.142031
1616941143245198230,1616941143246750009,1.206942
1616941143255432516,1616941143256923682,1.150301
1616941143265653944,1616941143267101291,1.100246
1616941143275887411,1616941143277427833,1.217763
1616941143286027032,1616941143287573816,1.194283
1616941143296225112,1616941143297646451,1.005919
1616941143306335488,1616941143307853537,1.128691
1616941143316548968,1616941143318101542,1.185806
1616941143326677814,1616941143328271573,1.222688
1616941143336847345,1616941143338503513,1.281086
1616941143347006878,1616941143348549523,1.207856
1616941143357168365,1616941143358691527,1.117498
1616941143367333236,1616941143368850707,1.177555
1616941143377511287,1616941143379051423,1.198861
1616941143387730515,1616941143389305743,1.246818
1616941143397892455,1616941143399489516,1.245214
1616941143408054500,1616941143409570033,1.169392
1616941143418219446,1616941143419696567,1.117593
1616941143428452369,1616941143430056771,1.274064
1616941143438564102,1616941143440224691,1.317947
1616941143448803609,1616941143450365787,1.230571
1616941143459017915,1616941143460593624,1.225811
1616941143469248520,1616941143470888681,1.233041
1616941143479360922,1616941143480879758,1.166631
1616941143489582132,1616941143491128400,1.20661
1616941143499804326,1616941143501348697,1.196448
1616941143510020656,1616941143511595170,1.25797
1616941143520186159,1616941143521761634,1.242833
1616941143530304462,1616941143531802710,1.181887
1616941143540523517,1616941143542008767,1.14413
1616941143550688619,1616941143552154551,1.125585
1616941143560914421,1616941143562535103,1.298011
1616941143571130238,1616941143572668631,1.205716
1616941143581346003,1616941143582940646,1.179657
1616941143591500837,1616941143593112763,1.283574
1616941143601728364,1616941143603337214,1.271806
1616941143611942391,1616941143613485261,1.198158
1616941143622084948,1616941143623739005,1.321211
1616941143632299675,1616941143633917602,1.291145
1616941143642418172,1616941143643995744,1.236746
1616941143652583229,1616941143654201898,1.21552
1616941143662752766,1616941143665001297,2.426175
1616941143672913916,1616941143674569921,1.263223
1616941143683076460,1616941143684675989,1.249228
1616941143693295385,1616941143694810916,1.184952
1616941143703324854,1616941143704860246,1.138569
1616941143713556930,1616941143715138759,1.200579
1616941143723717506,1616941143725315583,1.270288
1616941143733865980,1616941143735381050,1.116673
1616941143744020096,1616941143745479612,1.062524
1616941143754162234,1616941143755707615,1.142693
1616941143764296087,1616941143765870750,1.173055
1616941143774406218,1616941143775971695,1.179172
1616941143784566015,1616941143786131941,1.242176
1616941143794619082,1616941143796121520,1.10631
1616941143804748595,1616941143806341300,1.194516
1616941143814811579,1616941143816420283,1.217201
1616941143824912203,1616941143826543464,1.297065
1616941143835029314,1616941143836616026,1.262091
1616941143845262063,1616941143846809164,1.174336
1616941143855296385,1616941143856772339,1.074339
1616941143865393860,1616941143866932404,1.139614
1616941143875500584,1616941143876835536,0.995385
1616941143885602178,1616941143886941933,0.925723
1616941143895707628,1616941143897066502,1.031914
1616941143905863362,1616941143907224745,0.937845
1616941143915887088,1616941143917276901,0.971032
1616941143926106639,1616941143927512240,0.987208
1616941143936210036,1616941143937668577,1.047957
1616941143946319261,1616941143947872894,1.205293
1616941143956480272,1616941143958042713,1.16397
1616941143966547517,1616941143968098469,1.121046
1616941143976653307,1616941143978220951,1.129659
1616941143986802351,1616941143988288814,1.125532
1616941143996963315,1616941143998438728,1.078119
1616941144007150186,1616941144008662301,1.112875
1616941144017326055,1616941144018855864,1.134983
1616941144027545916,1616941144028958478,1.016286
1616941144037768732,1616941144039194777,1.016402
1616941144047939244,1616941144049313660,1.00247
1616941144058133043,1616941144059574123,1.041835
1616941144068356046,1616941144069776736,1.006973
1616941144078485632,1616941144079889961,1.020376
1616941144088647713,1616941144090033844,0.989632
1616941144098744719,1616941144100168288,1.000766
1616941144108777390,1616941144110264077,1.090185
1616941144118878649,1616941144120388930,1.115242
1616941144129049892,1616941144130510666,1.13037
1616941144139277339,1616941144140721625,1.113651
1616941144149518792,1616941144150979668,1.127193
1616941144159639059,1616941144161040641,1.074028
1616941144169808083,1616941144171346180,1.198197
1616941144179936496,1616941144181362105,1.007202
1616941144190105874,1616941144191470439,1.029115
1616941144200327217,1616941144201777071,1.048597
1616941144210493477,1616941144212015926,1.195867
1616941144220730802,1616941144222182443,1.11806
1616941144230945750,1616941144232394520,1.110616
1616941144241067351,1616941144242606351,1.425025
1616941144251233523,1616941144252698116,1.065423
1616941144261357916,1616941144262893751,1.20725
1616941144271519148,1616941144273077448,1.222905
1616941144281638660,1616941144283156095,1.181337
1616941144291744138,1616941144293325082,1.16636
1616941144301854289,1616941144303321150,1.077751
1616941144311959300,1616941144313602623,1.238629
1616941144322094762,1616941144323736505,1.310744
1616941144332263955,1616941144333882320,1.284004
1616941144342376895,1616941144343959335,1.264521
1616941144352562480,1616941144354086681,1.187279
1616941144362752948,1616941144364289006,1.259625
1616941144372980416,1616941144374514294,1.205583
1616941144383140991,1616941144384573933,1.098716
1616941144393317577,1616941144394900507,1.1759
1616941144403479231,1616941144405081430,1.288813
1616941144413649184,1616941144415099734,1.056957
1616941144423817967,1616941144425377200,1.265067
1616941144434006630,1616941144435569787,1.238701
1616941144444240794,1616941144445816011,1.256496
1616941144454403976,1616941144455983396,1.248764
1616941144464573856,1616941144466211507,1.312925
1616941144474730540,1616941144477089973,2.236297
1616941144484902218,1616941144486598255,1.404565
1616941144495025489,1616941144496665186,1.310876
1616941144505246770,1616941144506785693,1.197074
1616941144515484782,1616941144517053946,1.178724
1616941144525703952,1616941144527188416,1.131223
1616941144535874299,1616941144537379361,1.1046
1616941144546112633,1616941144547691406,1.246824
1616941144556347761,1616941144557964412,1.305485
1616941144566469558,1616941144568035451,1.174592
1616941144576640559,1616941144578228297,1.249684
1616941144586792710,1616941144588310208,1.206261
1616941144597012863,1616941144598537505,1.176255
1616941144607231524,1616941144608655820,1.094283
1616941144617360240,1616941144618786645,1.076967
1616941144627538709,1616941144628984469,1.058537
1616941144637711404,1616941144639206389,1.090496
1616941144647873545,1616941144649402071,1.088839
1616941144658071441,1616941144659551203,1.064633
1616941144668237060,1616941144669651217,0.979213
1616941144678405539,1616941144679972739,1.212989
1616941144688539979,1616941144690015236,1.09133
1616941144698706565,1616941144700257921,1.161667
1616941144708877429,1616941144710367715,1.089787
1616941144719048223,1616941144720508439,1.079283
1616941144729170765,1616941144730669670,1.100871
1616941144739387926,1616941144740967368,1.177242
1616941144749611900,1616941144751150547,1.142919
1616941144759835235,1616941144761413232,1.150658
1616941144770099544,1616941144771569531,1.097208
1616941144780315412,1616941144781853574,1.160045
1616941144790439625,1616941144792032576,1.188979
1616941144800641941,1616941144802112645,1.05785
1616941144810812991,1616941144812246883,1.039592
1616941144820987123,1616941144822426673,1.108263
1616941144831245590,1616941144832703124,1.067215
1616941144841469913,1616941144842902214,1.017676
1616941144851682824,1616941144853092890,1.036774
1616941144861902395,1616941144863324157,1.081989
1616941144872123089,1616941144873552883,1.076152
1616941144882294377,1616941144883774277,1.063042
1616941144892509685,1616941144893948137,1.075704
1616941144902687887,1616941144904100599,1.011376
1616941144912911435,1616941144914296993,0.967959
1616941144923129137,1616941144924515780,1.050434
1616941144933306000,1616941144934799504,1.083848
1616941144943487057,1616941144944968640,1.084373
1616941144953706263,1616941144955136596,1.016368
1616941144963953301,1616941144965530055,1.27507
1616941144974189157,1616941144975639088,1.083387
1616941144984408985,1616941144986008913,1.161027
1616941144994583193,1616941144996201732,1.291918
1616941145004802650,1616941145006421028,1.316954
1616941145015024343,1616941145016569139,1.207106
1616941145025242534,1616941145026834750,1.18585
1616941145035463146,1616941145037011380,1.147052
1616941145045685059,1616941145047257943,1.242941
1616941145055904633,1616941145057477869,1.181772
1616941145066153996,1616941145067639639,1.122365
1616941145076382395,1616941145077964524,1.194079
1616941145086486676,1616941145087994433,1.106304
1616941145096592160,1616941145098263525,1.23785
1616941145106698722,1616941145108285223,1.26155
1616941145116939643,1616941145118385027,1.132688
1616941145127158074,1616941145128733683,1.25593
1616941145137371634,1616941145138860648,1.153529
1616941145147539171,1616941145148932038,1.061077
1616941145157757421,1616941145159126989,1.041991
1616941145167931073,1616941145169416299,1.137698
1616941145178117310,1616941145179625095,1.166493
1616941145188336248,1616941145189885467,1.207426
1616941145198458845,1616941145199952708,1.107924
1616941145208677186,1616941145210272852,1.25656
1616941145218846677,1616941145220371145,1.187149
1616941145229069027,1616941145230650164,1.239119
1616941145239299186,1616941145240866094,1.240819
1616941145249516982,1616941145251188919,1.702015
1616941145259689085,1616941145261206934,1.127013
1616941145269932882,1616941145271421328,1.133753
1616941145280159948,1616941145281616127,1.130649
1616941145290283490,1616941145291786346,1.149574
1616941145300458435,1616941145301955274,1.158301
1616941145310569098,1616941145312130683,1.224028
1616941145320688377,1616941145322093472,1.021769
1616941145330860460,1616941145332344222,1.110761
1616941145341029640,1616941145342510678,1.113965
1616941145351199165,1616941145352684047,1.062541
1616941145361307768,1616941145362673132,0.959174
1616941145371482920,1616941145372928923,1.025613
1616941145381702069,1616941145383162700,1.118602
1616941145391921589,1616941145393361772,1.032772
1616941145402118753,1616941145403621908,1.10662
1616941145412299696,1616941145413837641,1.134485
1616941145422416993,1616941145423831988,1.02618
1616941145432598019,1616941145434243024,1.233786
1616941145442772775,1616941145444336876,1.169019
1616941145452986183,1616941145454347135,0.975128
1616941145463218735,1616941145464666800,1.107515
1616941145473444859,1616941145474901461,1.119815
1616941145483685160,1616941145485099342,1.190045
1616941145494278584,1616941145495690551,1.030565
1616941145504435519,1616941145505944103,1.130569
1616941145514594771,1616941145516120970,1.13488
1616941145524754861,1616941145526255267,1.127346
1616941145534866121,1616941145536377144,1.226574
1616941145544997824,1616941145546450465,1.116132
1616941145555146890,1616941145556735794,1.250796
1616941145565363393,1616941145566843682,1.103908
1616941145575592238,1616941145577113808,1.169561
1616941145585747127,1616941145587255556,1.117919
1616941145595900678,1616941145597333488,1.071564
1616941145605978821,1616941145607515303,1.197875
1616941145616068016,1616941145617843661,1.413671
1616941145626173594,1616941145627646556,1.055615
1616941145636392788,1616941145637973858,1.178971
1616941145646447922,1616941145650649602,3.836732
1616941145656599600,1616941145674637990,17.693184
1616941145666701347,1616941145694857856,27.831956
1616941145676864636,1616941145722690935,45.49469
1616941145686893904,1616941145722777221,35.59605
1616941145697000283,1616941145722837550,25.553763
1616941145707157263,1616941145722883928,15.469275
1616941145717251634,1616941145722947860,5.439645
1616941145727411753,1616941145736836103,9.020666
1616941145737511668,1616941145738843527,0.905883
1616941145747545212,1616941145748906360,0.987812
1616941145757564862,1616941145759031728,1.060972
1616941145767615877,1616941145769105565,1.159144
1616941145777677807,1616941145779178472,1.143308
1616941145787806205,1616941145789189286,1.037529
1616941145797983196,1616941145799490042,1.099763
1616941145808044034,1616941145809456220,1.063605
1616941145818167840,1616941145819591416,1.072335
1616941145828327293,1616941145829773174,1.08343
1616941145838506425,1616941145839974506,1.110957
1616941145848730330,1616941145850166040,1.113571
1616941145858900727,1616941145860369279,1.113299
1616941145869120380,1616941145870720562,1.273802
1616941145879344213,1616941145880879356,1.205959
1616941145889567296,1616941145891103185,1.205569
1616941145899789942,1616941145901359552,1.250535
1616941145910015787,1616941145911575576,1.226636
1616941145920275757,1616941145921938623,1.334955
1616941145930443464,1616941145931978245,1.193929
1616941145940614143,1616941145942149206,1.22641
1616941145950737721,1616941145952173190,1.106636
1616941145961001611,1616941145962540670,1.236416
1616941145971101880,1616941145972687983,1.181589
1616941145981321106,1616941145982823207,1.099963
1616941145991493317,1616941145993019826,1.185447
1616941146001666788,1616941146003214155,1.155986
1616941146011841958,1616941146013292021,1.106463
1616941146022012194,1616941146023518865,1.174642
1616941146032242502,1616941146034170558,1.71973
1616941146042351958,1616941146043885390,1.133989
1616941146052517140,1616941146054029532,1.103315
1616941146062629142,1616941146064097164,1.116904
1616941146072803344,1616941146074331705,1.177014
1616941146083018494,1616941146084567844,1.143062
1616941146093237519,1616941146094744665,1.115196
1616941146103465039,1616941146104906774,1.089529
1616941146113692174,1616941146115221610,1.197916
1616941146123911756,1616941146125398579,1.162435
1616941146134172378,1616941146135698227,1.226481
1616941146144398707,1616941146145917829,1.188864
1616941146154569073,1616941146156005465,1.108815
1616941146164792394,1616941146166185185,1.065503
1616941146175013950,1616941146176439818,1.091513
1616941146185245462,1616941146186731908,1.095672
1616941146195463172,1616941146196962425,1.189091
1616941146205693696,1616941146207171098,1.133385
1616941146215911206,1616941146217375203,1.060341
1616941146226149699,1616941146227632798,1.061481
1616941146236354376,1616941146237854393,1.097221
1616941146246529916,1616941146248076443,1.207115
1616941146256706403,1616941146258286124,1.250752
1616941146266867880,1616941146268380702,1.161851
1616941146277088662,1616941146278705405,1.22454
1616941146287258519,1616941146288757622,1.157852
1616941146297431914,1616941146298908324,1.07651
1616941146307664945,1616941146309184972,1.18515
1616941146317834073,1616941146319291592,1.125092
1616941146328054000,1616941146329541343,1.156989
1616941146338166944,1616941146339635150,1.131355
1616941146348388837,1616941146349792367,1.091224
1616941146358559183,1616941146359986082,1.084297
1616941146368781180,1616941146370185258,1.056898
1616941146378950642,1616941146380423031,1.129408
1616941146389188104,1616941146390655110,1.119581
1616941146399406157,1616941146400879005,1.140405
1616941146409636030,1616941146411087948,1.102548
1616941146419867708,1616941146421321510,1.143777
1616941146430090017,1616941146431476202,1.062905
1616941146440318297,1616941146441745631,1.125148
1616941146450449393,1616941146451955941,1.169543
1616941146460626115,1616941146462084630,1.072111
1616941146470748622,1616941146472222523,1.087244
1616941146480972283,1616941146482381603,1.100973
1616941146491206096,1616941146492640931,1.102528
1616941146501439364,1616941146502922528,1.16773
1616941146511561216,1616941146513077173,1.182836
1616941146521726892,1616941146523218016,1.174824
1616941146531951223,1616941146533377797,1.085467
1616941146542186414,1616941146543721856,1.189916
1616941146552415929,1616941146553985219,1.230772
1616941146562540698,1616941146564123419,1.244649
1616941146572769298,1616941146574314961,1.152799
1616941146582938935,1616941146584483661,1.217088
1616941146593167728,1616941146594670035,1.157907
1616941146603357189,1616941146604793887,1.109428
1616941146613581335,1616941146615075719,1.150457
1616941146623800485,1616941146625356892,1.23347
1616941146634022120,1616941146635547333,1.180594
1616941146644242175,1616941146645812242,1.240781
1616941146654364440,1616941146655907886,1.205268
1616941146664583523,1616941146666114641,1.200355
1616941146674706031,1616941146676264468,1.231008
1616941146684925857,1616941146686434838,1.221117
1616941146695144482,1616941146696658489,1.177422
1616941146705364040,1616941146706886498,1.186536
1616941146715588077,1616941146717084710,1.152406
1616941146725810382,1616941146727296229,1.109731
1616941146736029525,1616941146737498908,1.064523
1616941146746223668,1616941146747829957,1.218169
1616941146756463149,1616941146758042355,1.278786
1616941146766578593,1616941146768141965,1.172016
1616941146776802638,1616941146778285376,1.156382
1616941146786986040,1616941146788551726,1.254396
1616941146797214669,1616941146798694429,1.139663
1616941146807431654,1616941146808902565,1.135156
1616941146817650870,1616941146819157759,1.17671
1616941146827873216,1616941146829537072,1.6721
1616941146838095084,1616941146839542225,1.044849
1616941146848321006,1616941146849842293,1.181107
1616941146858442699,1616941146859904855,1.117993
1616941146868665642,1616941146870187939,1.144555
1616941146878836337,1616941146880297881,1.131844
1616941146889013192,1616941146890506253,1.108939
1616941146899192296,1616941146900769587,1.239292
1616941146909422405,1616941146910930712,1.208285
1616941146919641129,1616941146921139686,1.142071
1616941146929859733,1616941146931352543,1.174828
1616941146940033401,1616941146941492794,1.116533
1616941146950261905,1616941146951752194,1.147846
1616941146960483464,1616941146961955793,1.130059
1616941146970654007,1616941146972047639,1.071179
1616941146980873910,1616941146982348727,1.132754
1616941146991105843,1616941146992576371,1.124851
1616941147001339018,1616941147002803328,1.120106
1616941147011564864,1616941147013025728,1.118683
1616941147021797221,1616941147023332334,1.197173
1616941147032015360,1616941147033496898,1.130808
1616941147042224565,1616941147043769829,1.204335
1616941147052422573,1616941147053885973,1.116987
1616941147062550804,1616941147064031255,1.159182
1616941147072772043,1616941147074316668,1.214508
1616941147082987632,1616941147084460658,1.128371
1616941147093216072,1616941147094748741,1.180526
1616941147103440971,1616941147104844078,1.108762
1616941147113675626,1616941147115162879,1.154338
1616941147123900758,1616941147125335977,1.101578
1616941147134123376,1616941147135690292,1.253782
1616941147144357786,1616941147145780402,1.074561
1616941147154530150,1616941147155952500,1.086118
1616941147164752295,1616941147166243303,1.149294
1616941147174933235,1616941147176382440,1.120634
1616941147185109152,1616941147186685147,1.226193
1616941147195328089,1616941147196807331,1.142425
1616941147205565189,1616941147207016305,1.04347
1616941147215796937,1616941147217231908,1.11836
1616941147226023349,1616941147227937118,1.501813
1616941147236110270,1616941147237560489,1.117047
1616941147246224929,1616941147247731360,1.124264
1616941147256380027,1616941147257890579,1.161019
1616941147266548294,1616941147268095522,1.225792
1616941147276597724,1616941147278183070,1.264524
1616941147286758937,1616941147288252194,1.141571
1616941147296984581,1616941147298532491,1.17395
1616941147307094779,1616941147308687114,1.224063
1616941147317291085,1616941147318733649,1.034444
1616941147327344949,1616941147328779868,1.042412
1616941147337440090,1616941147338890804,1.054206
1616941147347522306,1616941147349023781,1.161638
1616941147357561241,1616941147359072540,1.118587
1616941147367668598,1616941147369236799,1.220548
1616941147377730478,1616941147379197125,1.122711
1616941147387834168,1616941147389337455,1.107312
1616941147397942489,1616941147399467738,1.191994
1616941147408041341,1616941147409548445,1.104627
1616941147418148424,1616941147419632661,1.148106
1616941147428193121,1616941147429705998,1.128068
1616941147438354917,1616941147439940262,1.20209
1616941147448511879,1616941147450013186,1.175149
1616941147458611902,1616941147460228495,1.203889
1616941147468834132,1616941147470346398,1.118978
1616941147479076282,1616941147480672758,1.255015
1616941147489231540,1616941147490847744,1.234457
1616941147499453552,1616941147500974897,1.100689
1616941147509555013,1616941147511069089,1.102529
1616941147519657506,1616941147521162066,1.076262
1616941147529814572,1616941147531298858,1.081925
1616941147539988770,1616941147541543211,1.143966
1616941147550176251,1616941147551835674,1.312575
1616941147560395645,1616941147562069073,1.320394
1616941147570547448,1616941147572108787,1.225298
1616941147580769566,1616941147582334060,1.213853
1616941147590876832,1616941147592514189,1.2396
1616941147601098361,1616941147602689894,1.204837
1616941147611272245,1616941147612919848,1.325892
1616941147621489862,1616941147623095182,1.296713
1616941147631662635,1616941147633399351,1.771664
1616941147641707133,1616941147643292704,1.232241
1616941147651930295,1616941147653489700,1.219739
1616941147662151998,1616941147663735257,1.237202
1616941147672367661,1616941147673991760,1.288483
1616941147682489101,1616941147684063455,1.240943
1616941147692707862,1616941147694218422,1.170803
1616941147702812690,1616941147704319247,1.173609
1616941147712979930,1616941147714496153,1.174246
1616941147723208879,1616941147726708678,3.164809
1616941147733377137,1616941147734901095,1.13182
1616941147743533390,1616941147745031664,1.139704
1616941147753754732,1616941147755243144,1.141524
1616941147763972586,1616941147765426641,1.103536
1616941147774158732,1616941147775686522,1.179765
1616941147784334200,1616941147785819244,1.153067
1616941147794488336,1616941147795928450,1.08527
1616941147804651822,1616941147806157045,1.157095
1616941147814819218,1616941147816284680,1.144691
1616941147824988407,1616941147826616818,1.237355
1616941147835151199,1616941147836671609,1.1251
1616941147845368295,1616941147846828313,1.061472
1616941147855606210,1616941147857126391,1.145995
1616941147865776176,1616941147867432382,1.268083
1616941147875931824,1616941147877475645,1.223506
1616941147886103405,1616941147887703298,1.193242
1616941147896268059,1616941147897849897,1.179913
1616941147906437327,1616941147908058575,1.22971
1616941147916602650,1616941147918171170,1.184432
1616941147926772925,1616941147928407054,1.249943
1616941147936991324,1616941147938551083,1.256724
1616941147947152514,1616941147948786454,1.288821
1616941147957374911,1616941147958920530,1.167386
1616941147967594802,1616941147969040664,1.124519
1616941147977822019,1616941147979277673,1.133231
1616941147988042467,1616941147989508675,1.163557
1616941147998167974,1616941147999716382,1.226453
1616941148008395229,1616941148009851524,1.106658
1616941148018564547,1616941148020117156,1.224963
1616941148028736971,1616941148030232874,1.195082
1616941148038844749,1616941148040395251,1.19427
1616941148049081022,1616941148050593269,1.217026
1616941148059325389,1616941148060837653,1.175286
1616941148069543355,1616941148071000136,1.108644
1616941148079769689,1616941148081288088,1.195339
1616941148089935805,1616941148091543852,1.307169
1616941148100166620,1616941148101611411,1.106347
1616941148110327621,1616941148111891123,1.23564
1616941148120544962,1616941148122026781,1.132604
1616941148130709651,1616941148132297528,1.268499
1616941148140883923,1616941148142404765,1.202038
1616941148151052246,1616941148152526311,1.061509
1616941148161206157,1616941148162679448,1.118789
1616941148171441570,1616941148173008161,1.223574
1616941148181669729,1616941148183136115,1.123592
1616941148191899505,1616941148193418504,1.170101
1616941148202130126,1616941148203671874,1.204807
1616941148212347992,1616941148213956191,1.286783
1616941148222533263,1616941148224056677,1.133126
1616941148232764738,1616941148234316167,1.230219
1616941148242982651,1616941148244527731,1.230204
1616941148253154038,1616941148254600987,1.050924
1616941148263374888,1616941148264820102,1.105231
1616941148273534232,1616941148275012765,1.131116
1616941148283760487,1616941148285224056,1.139551
1616941148293929671,1616941148295442202,1.16715
1616941148304100271,1616941148305609040,1.178749
1616941148314271644,1616941148315767987,1.141612
1616941148324441193,1616941148325983891,1.223363
1616941148334606068,1616941148336081734,1.146066
1616941148344765267,1616941148346283507,1.169263
1616941148354984176,1616941148356461072,1.131439
1616941148365147097,1616941148366722344,1.197784
1616941148375364670,1616941148376914813,1.21141
1616941148385585271,1616941148387071886,1.166789
1616941148395822733,1616941148397364362,1.160522
1616941148405992399,1616941148407509813,1.217949
1616941148416164895,1616941148417695914,1.181573
1616941148426386346,1616941148427981915,1.257381
1616941148436605456,1616941148438170531,1.231049
1616941148446774551,1616941148448341771,1.233387
1616941148456995153,1616941148459127937,1.999401
1616941148467212840,1616941148468853916,1.313005
1616941148477374368,1616941148478968235,1.200391
1616941148487592719,1616941148489128469,1.177635
1616941148497812960,1616941148499278496,1.125504
1616941148508033087,1616941148509464345,1.10459
1616941148518231265,1616941148519696922,1.116622
1616941148528406004,1616941148529870381,1.132081
1616941148538562822,1616941148540121353,1.170453
1616941148548781798,1616941148550241106,1.124852
1616941148558954464,1616941148560375519,1.036857
1616941148569174664,1616941148570690006,1.181809
1616941148579392726,1616941148580905561,1.169143
1616941148589625537,1616941148591003382,0.991203
1616941148599846230,1616941148601311271,1.123999
1616941148610090600,1616941148611520677,1.098668
1616941148620258903,1616941148621610156,1.027736
1616941148630430560,1616941148631883497,1.119595
1616941148640658455,1616941148642106972,1.101748
1616941148650828783,1616941148652310363,1.164017
1616941148661049785,1616941148662588289,1.221329
1616941148671271689,1616941148672744883,1.142195
1616941148681491812,1616941148683028936,1.200663
1616941148691710981,1616941148693197484,1.152403
1616941148701952890,1616941148703537159,1.262705
1616941148712170832,1616941148713583886,1.030704
1616941148722341577,1616941148723857354,1.187381
1616941148732576083,1616941148734019704,1.089787
1616941148742767100,1616941148744249515,1.150485
1616941148752996585,1616941148754424597,1.112315
1616941148763236438,1616941148764667083,1.098195
1616941148773475340,1616941148774919845,1.084174
1616941148783695431,1616941148785125838,1.079382
1616941148793914294,1616941148795313630,0.985287
1616941148804130939,1616941148805570321,1.113745
1616941148814300481,1616941148815807703,1.157907
1616941148824523149,1616941148826037409,1.190805
1616941148834692719,1616941148836099608,1.027095
1616941148844976133,1616941148846510821,1.181409
1616941148855129331,1616941148856566334,1.036611
1616941148865246339,1616941148866646612,0.949073
1616941148875350311,1616941148876807046,1.030294
1616941148885456769,1616941148886948529,1.060438
1616941148895743744,1616941148897262056,1.079438
1616941148905832282,1616941148907200772,0.885007
1616941148915897802,1616941148917318143,0.954726
1616941148926088802,1616941148927527205,0.960822
1616941148936282386,1616941148937802716,1.065338
1616941148946401385,1616941148947854849,1.041213
1616941148956562594,1616941148958591574,1.636359
1616941148966732612,1616941148968301020,1.151229
1616941148976831153,1616941148978323456,1.151408
1616941148987053060,1616941148988569029,1.15013
1616941148997195549,1616941148998711200,1.161657
1616941149007276988,1616941149008736211,1.075127
1616941149017363007,1616941149018814143,1.067999
1616941149027468035,1616941149028908323,1.043811
1616941149037690244,1616941149039083686,1.042123
1616941149047794807,1616941149049241974,1.030949
1616941149057986735,1616941149059413560,1.080396
1616941149068061580,1616941149069455755,1.04528
1616941149078144430,1616941149079620720,1.132369
1616941149088252461,1616941149089716295,1.112003
1616941149098424100,1616941149099870639,1.094405
1616941149108522304,1616941149109960048,1.117626
1616941149118702134,1616941149120207655,1.175807
1616941149128879691,1616941149130391367,1.118026
1616941149139099734,1616941149140528911,1.058002
1616941149149298554,1616941149150726951,1.055218
1616941149159523426,1616941149160940219,1.044813
1616941149169747120,1616941149171202550,1.095105
1616941149179979750,1616941149181444312,1.06992
1616941149190161262,1616941149191535178,1.032115
1616941149200300830,1616941149201710007,1.054615
1616941149210475279,1616941149211944522,1.095605
1616941149220524570,1616941149221869529,0.996917
1616941149230699632,1616941149232101896,1.047574
1616941149240789580,1616941149242235934,1.041465
1616941149250959517,1616941149252518218,1.486149
1616941149261143430,1616941149262582115,1.062211
1616941149271165128,1616941149272670379,1.120903
1616941149281412314,1616941149282827996,1.022683
1616941149291627013,1616941149293021508,1.033205
1616941149301690784,1616941149303123706,1.066608
1616941149311783857,1616941149313162115,1.05746
1616941149322005769,1616941149323567435,1.163868
1616941149332155584,1616941149333556620,1.058719
1616941149342318264,1616941149343839908,1.15026
1616941149352535690,1616941149354063975,1.159986
1616941149362586437,1616941149364013216,1.06552
1616941149372618084,1616941149374106450,1.125521
1616941149382704355,1616941149384213659,1.162703
1616941149392926932,1616941149394455078,1.177776
1616941149403029131,1616941149404503679,1.096062
1616941149413243350,1616941149414713522,1.068523
1616941149423442975,1616941149424798513,0.947925
1616941149433536855,1616941149434989994,1.107169
1616941149443710808,1616941149445249122,1.127385
1616941149453807272,1616941149455320524,1.128026
1616941149463856995,1616941149465351170,1.15773
1616941149474031262,1616941149475526391,1.155233
1616941149484250179,1616941149485698169,1.107558
1616941149494422704,1616941149495907267,1.134567
1616941149504641199,1616941149506169297,1.131043
1616941149514805669,1616941149516264154,1.137313
1616941149525026233,1616941149526582959,1.230075
1616941149535244120,1616941149536744554,1.160754
1616941149545472480,1616941149546935036,1.150032
1616941149555710150,1616941149557162848,1.124839
1616941149565942716,1616941149567404175,1.165674
1616941149576160169,1616941149577580746,1.103487
1616941149586329349,1616941149587814746,1.162041
1616941149596549245,1616941149598040349,1.09249
1616941149606717406,1616941149608143196,1.067388
1616941149616952785,1616941149618395130,1.143233
1616941149627067186,1616941149628498828,1.026709
1616941149637242518,1616941149638762663,1.181211
1616941149647476230,1616941149648928784,1.127758
1616941149657706241,1616941149659196107,1.160603
1616941149667876432,1616941149669384809,1.179436
1616941149678041562,1616941149679641340,1.261247
1616941149688274574,1616941149689724345,1.101033
1616941149698442731,1616941149699947874,1.175867
1616941149708610051,1616941149710137021,1.23005
1616941149718777700,1616941149720279164,1.177049
1616941149728996913,1616941149730504919,1.177189
1616941149739154269,1616941149740594447,1.06159
1616941149749371979,1616941149750750570,1.079241
1616941149759594565,1616941149761021092,1.104485
1616941149769819813,1616941149771192117,1.033237
1616941149780040180,1616941149781462732,1.094616
1616941149790230140,1616941149791670144,1.110947
1616941149800466367,1616941149801872623,1.083338
1616941149810635013,1616941149812048314,1.104759
1616941149820852483,1616941149822259689,1.109634
1616941149831088379,1616941149832554360,1.127093
1616941149841312454,1616941149842802872,1.123713
1616941149851532642,1616941149852963611,1.088618
1616941149861695262,1616941149863069661,1.055824
1616941149871913294,1616941149873313178,1.093627
1616941149882118071,1616941149883595723,1.169043
1616941149892350823,1616941149893970181,1.320006
1616941149902520841,1616941149904077167,1.2351
1616941149912685124,1616941149914231683,1.206791
1616941149922851454,1616941149924501726,1.337469
1616941149933068727,1616941149934620674,1.237656
1616941149943231788,1616941149944725021,1.154132
1616941149953393086,1616941149954796918,1.000823
1616941149963561608,1616941149965058200,1.077019
1616941149973782807,1616941149975257407,1.134943
1616941149983991430,1616941149985458916,1.133007
1616941149994233090,1616941149995700483,1.142883
1616941150004467314,1616941150005912543,1.119307
1616941150014638285,1616941150016070118,1.098881
1616941150024857928,1616941150026342288,1.147121
1616941150035101692,1616941150036506656,1.067641
1616941150045335796,1616941150046732783,1.047934
1616941150055556576,1616941150056934109,1.057536
1616941150065785368,1616941150067625132,1.554994
1616941150076011859,1616941150077410663,1.021461
1616941150086233490,1616941150087680832,1.117586
1616941150096402493,1616941150097922990,1.19526
1616941150106572377,1616941150107973747,1.034756
1616941150116791020,1616941150118230109,1.100301
1616941150126938212,1616941150128402689,1.147219
1616941150137116931,1616941150138593234,1.172695
1616941150147244057,1616941150148661423,1.024705
1616941150157374111,1616941150158886839,1.184199
1616941150167602450,1616941150169077915,1.15172
1616941150177819840,1616941150179230875,1.067207
1616941150187936548,1616941150189391949,1.060311
1616941150198109490,1616941150199546673,1.108961
1616941150208280079,1616941150209727846,1.098129
1616941150218447818,1616941150220031942,1.275589
1616941150228672036,1616941150230180929,1.180739
1616941150238837676,1616941150240444207,1.292413
1616941150249077740,1616941150250668519,1.281671
1616941150259247161,1616941150260717187,1.07671
1616941150269462521,1616941150270919016,1.123688
1616941150279678731,1616941150281112790,1.104161
1616941150289869588,1616941150291341315,1.112502
1616941150300035716,1616941150301496823,1.155757
1616941150310233443,1616941150311825004,1.220033
1616941150320463029,1616941150321892443,1.053516
1616941150330598319,1616941150331952610,1.018137
1616941150340822360,1616941150342207763,1.010478
1616941150350949108,1616941150352300345,0.967796
1616941150361173979,1616941150362579888,1.020484
1616941150371334448,1616941150372720291,0.961545
1616941150381497862,1616941150382906276,0.993562
1616941150391722059,1616941150393118034,0.96462
1616941150401916798,1616941150403346175,1.008384
1616941150412138922,1616941150413488714,0.927264
1616941150422359216,1616941150423699118,0.927522
1616941150432483651,1616941150433893086,1.002478
1616941150442662715,1616941150443996885,0.93204
1616941150452874655,1616941150454245688,0.94447
1616941150463038658,1616941150464506872,1.074956
1616941150473251611,1616941150474610247,1.002457
1616941150483460915,1616941150484879957,1.063855
1616941150493695276,1616941150495146506,1.09322
1616941150503853741,1616941150505393397,1.199939
1616941150514112529,1616941150515575662,1.115572
1616941150524334328,1616941150525736655,1.05162
1616941150534494475,1616941150535809665,0.933775
1616941150544646502,1616941150546022735,1.041725
1616941150554809436,1616941150556150309,1.016138
1616941150565027569,1616941150566513946,1.172258
1616941150575261205,1616941150576682791,1.07415
1616941150585483142,1616941150586974290,1.158429
1616941150595712515,1616941150597194993,1.142988
1616941150605930394,1616941150607455311,1.143858
1616941150616171535,1616941150617720412,1.147849
1616941150626340104,1616941150627863142,1.203197
1616941150636563207,1616941150638055473,1.154114
1616941150646732174,1616941150648252064,1.191332
1616941150656953661,1616941150658532867,1.253728
1616941150667172574,1616941150668766358,1.258295
1616941150677391261,1616941150678881458,1.086903
1616941150687619442,1616941150689138517,1.19752
1616941150697847633,1616941150699426530,1.207492
1616941150708037375,1616941150709567382,1.133533
1616941150718179169,1616941150719722262,1.138468
1616941150728411419,1616941150729990872,1.189509
1616941150738639717,1616941150740789776,1.831105
1616941150748811259,1616941150750361880,1.167547
1616941150758966683,1616941150760464800,1.094939
1616941150769152307,1616941150770685391,1.162129
1616941150779246072,1616941150780718719,1.080456
1616941150789346503,1616941150790846203,1.101333
1616941150799474063,1616941150800995926,1.124897
1616941150809579455,1616941150811084503,1.111753
1616941150819682594,1616941150821223759,1.14393
1616941150829873824,1616941150831368496,1.097714
1616941150840124647,1616941150841611572,1.15674
1616941150850253084,1616941150851878389,1.236916
1616941150860387733,1616941150862563640,2.129298
1616941150870511487,1616941150872115460,1.21258
1616941150880608515,1616941150882065423,1.069093
1616941150890696275,1616941150892323719,1.206585
1616941150900859348,1616941150902257146,1.028032
1616941150911019042,1616941150912496784,1.088996
1616941150921121223,1616941150922527850,1.026393
1616941150931277693,1616941150932686589,1.056411
1616941150941325104,1616941150942847009,1.130491
1616941150951482714,1616941150952967385,1.09607
1616941150961588749,1616941150963034031,1.045393
1616941150971749516,1616941150973186426,1.039296
1616941150981917514,1616941150983409491,1.091176
1616941150992088330,1616941150993505809,1.052424
1616941151002253316,1616941151003687318,1.063199
1616941151012427922,1616941151013833222,1.086899
1616941151022540451,1616941151024075138,1.196228
1616941151032703547,1616941151034135693,1.10729
1616941151042874876,1616941151044337439,1.088284
1616941151053013089,1616941151054456199,1.146125
1616941151063204613,1616941151064629116,1.094997
1616941151073453781,1616941151074838110,0.9748
1616941151083613611,1616941151085001185,1.030304
1616941151093847041,1616941151095333864,1.154052
1616941151104060888,1616941151105524613,1.06347
1616941151114125867,1616941151115664624,1.176462
1616941151124283636,1616941151125868956,1.218967
1616941151134385124,1616941151135870837,1.098367
1616941151144477313,1616941151145924133,1.056358
1616941151154516234,1616941151156017910,1.096995
1616941151164652883,1616941151166112533,1.070199
1616941151174774576,1616941151176251400,1.08474
1616941151185005583,1616941151186510383,1.128761
1616941151195260491,1616941151196684597,1.031293
1616941151205451316,1616941151206981687,1.119565
1616941151215614705,1616941151217052077,1.030884
1616941151225721771,1616941151227196411,1.045531
1616941151235935371,1616941151237424353,1.057576
1616941151246158987,1616941151247578039,1.013983
1616941151256329030,1616941151257820941,1.099982
1616941151266444614,1616941151267958724,1.116389
1616941151276608761,1616941151278008115,0.997223
1616941151286723855,1616941151288191489,1.079408
1616941151296890300,1616941151298271756,0.970259
1616941151307007572,1616941151308373715,1.027175
1616941151317165510,1616941151318707646,1.152974
1616941151327276090,1616941151329747730,2.08839
1616941151337428800,1616941151338722928,0.879423
1616941151347586608,1616941151349010150,1.042027
1616941151357738129,1616941151359153956,1.01489
1616941151367898299,1616941151369327084,1.031858
1616941151378078556,1616941151379517439,1.025928
1616941151388230576,1616941151389681571,1.070939
1616941151398339569,1616941151405127635,6.461194
1616941151408449347,1616941151409851913,0.990276
1616941151418567422,1616941151419997939,1.087837
1616941151428734284,1616941151430199009,1.062683
1616941151438881375,1616941151440292259,1.057516
1616941151449056365,1616941151450457277,1.092675
1616941151459225574,1616941151460586822,1.041216
1616941151469398303,1616941151470771676,1.042174
1616941151479519298,1616941151480968633,1.123115
1616941151489688919,1616941151491189377,1.157498
1616941151499852923,1616941151501389901,1.213939
1616941151510020707,1616941151511535041,1.180956
1616941151520190120,1616941151521758104,1.183426
1616941151530302856,1616941151531972892,1.282225
1616941151540416672,1616941151542003765,1.273311
1616941151550538636,1616941151552251578,1.340317
1616941151560660547,1616941151562193924,1.14202
1616941151570760275,1616941151572383084,1.224771
1616941151580873280,1616941151582511917,1.273103
1616941151590982732,1616941151592532306,1.169091
1616941151601089323,1616941151602592676,1.129601
1616941151611189883,1616941151612643383,1.0327
1616941151621306821,1616941151622840466,1.143995
1616941151631479810,1616941151632926315,1.033358
1616941151641602216,1616941151643027167,0.999311
1616941151651732611,1616941151653116063,0.984263
1616941151661844817,1616941151663728844,1.568924
1616941151671984489,1616941151673419804,1.0622
1616941151682156734,1616941151683627527,1.063121
1616941151692272789,1616941151693675739,1.066798
1616941151702388455,1616941151703852803,1.074261
1616941151712506680,1616941151713918829,1.091615
1616941151722695893,1616941151724092845,1.059717
1616941151732867158,1616941151734384686,1.23015
1616941151743099415,1616941151744604186,1.162599
1616941151753316131,1616941151754764788,1.117285
1616941151763543124,1616941151765007474,1.129534
1616941151773759866,1616941151775320827,1.234368
1616941151783990995,1616941151785384248,1.064461
1616941151794246030,1616941151795607619,1.05932
1616941151804473231,1616941151805858933,1.057802
1616941151814641817,1616941151816134550,1.170073
1616941151824874512,1616941151826251863,1.078424
1616941151835124929,1616941151836575747,1.135104
1616941151845358186,1616941151846793348,1.0912
1616941151855596998,1616941151856990662,1.072025
1616941151865819899,1616941151867212359,1.032728
1616941151876054365,1616941151877573681,1.251534
1616941151886169269,1616941151887674205,1.099075
1616941151896323914,1616941151897772639,1.112472
1616941151906450332,1616941151907986030,1.192375
1616941151916687914,1616941151918203092,1.195918
1616941151926797038,1616941151928297949,1.178495
1616941151937021847,1616941151938677568,1.290729
1616941151947145412,1616941151948622546,1.093341
1616941151957320757,1616941151958777298,1.13494
1616941151967426768,1616941151968908416,1.097126
1616941151977579944,1616941151979049170,1.073513
1616941151987680396,1616941151989191142,1.104135
1616941151997776438,1616941151999297662,1.139552
1616941152007932519,1616941152009417412,1.080097
1616941152018036774,1616941152019497008,1.060171
1616941152028135691,1616941152029531165,0.984097
1616941152038237934,1616941152039707903,1.066181
1616941152048382514,1616941152049849526,1.061546
1616941152058480884,1616941152059978987,1.1078
1616941152068697097,1616941152070230480,1.216205
1616941152078850760,1616941152080301832,1.113154
1616941152089059055,1616941152090611617,1.186727
1616941152099164613,1616941152100661766,1.146194
1616941152109377322,1616941152110834893,1.126624
1616941152119601596,1616941152121101666,1.182347
1616941152129815714,1616941152131304427,1.169816
1616941152140038822,1616941152141549200,1.176587
1616941152150176692,1616941152151678124,1.183159
1616941152160363055,1616941152161911055,1.232022
1616941152170481841,1616941152172049194,1.258332
1616941152180699763,1616941152182248411,1.218142
1616941152190857186,1616941152192424102,1.248343
1616941152201077816,1616941152202716029,1.300176
1616941152211294836,1616941152212861630,1.244903
1616941152221525482,1616941152222986579,1.126788
1616941152231755389,1616941152233250890,1.236089
1616941152241979462,1616941152243522372,1.220371
1616941152252217249,1616941152253696665,1.159784
1616941152262388648,1616941152263973823,1.274149
1616941152272605595,1616941152274207312,1.277395
1616941152282765910,1616941152284283396,1.19256
1616941152292985231,1616941152294618749,1.321023
1616941152303205504,1616941152304828661,1.292526
1616941152313426868,1616941152314888029,1.086901
1616941152323661842,1616941152325228001,1.273863
1616941152333886893,1616941152335476617,1.28081
1616941152344110975,1616941152345611360,1.178357
1616941152354283219,1616941152355967772,1.395928
1616941152364520643,1616941152366254982,1.430882
1616941152374649868,1616941152376166435,1.144181
1616941152384832429,1616941152386504286,1.34416
1616941152394934173,1616941152396493139,1.179993
1616941152405082523,1616941152406745494,1.333401
1616941152415317098,1616941152416968456,1.369328
1616941152425490971,1616941152427001888,1.12258
1616941152435666100,1616941152437152818,1.171376
1616941152445784317,1616941152447194279,1.093291
1616941152456021976,1616941152457536575,1.221597
1616941152466175482,1616941152468257607,1.952185
1616941152476395129,1616941152478379571,1.680482
1616941152486499707,1616941152488103680,1.298745
1616941152496720164,1616941152498286452,1.244775
1616941152506826665,1616941152508402640,1.182295
1616941152516892563,1616941152518523637,1.254842
1616941152526975497,1616941152528596945,1.299274
1616941152537199891,1616941152538750639,1.16786
1616941152547237344,1616941152548861331,1.270328
1616941152557463491,1616941152559029294,1.228262
1616941152567657394,1616941152569225623,1.187207
1616941152577758013,1616941152579211847,1.038752
1616941152587985030,1616941152589428066,1.049518
1616941152598161048,1616941152599633080,1.119733
1616941152608267065,1616941152609681237,1.075842
1616941152618389047,1616941152619859760,1.086378
1616941152628434945,1616941152629941757,1.193813
1616941152638542297,1616941152640050532,1.195298
1616941152648765698,1616941152650230106,1.085104
1616941152658935656,1616941152660424144,1.073864
1616941152669035059,1616941152670567101,1.143097
1616941152679064274,1616941152680591522,1.206091
1616941152689290479,1616941152690762794,1.078402
1616941152699512206,1616941152700991525,1.074626
1616941152709684875,1616941152711131745,1.042796
1616941152719853995,1616941152721275126,1.037464
1616941152729959487,1616941152731421169,1.069086
1616941152740064466,1616941152741498661,1.038469
1616941152750089454,1616941152751561109,1.060807
1616941152760311039,1616941152761715889,1.026442
1616941152770488503,1616941152771907944,1.034822
1616941152780709706,1616941152782164670,1.060081
1616941152790875679,1616941152792348273,1.089353
1616941152800980478,1616941152802533186,1.168662
1616941152811213265,1616941152812618228,1.034737
1616941152821433496,1616941152822793763,0.988061
1616941152831679265,1616941152833080187,1.003856
1616941152841698058,1616941152843122895,1.044333
1616941152851920214,1616941152853368858,1.084575
1616941152862022914,1616941152863481352,1.069105
1616941152872170793,1616941152873618735,1.057182
1616941152882282099,1616941152883730382,1.064491
1616941152892480524,1616941152894016161,1.151953
1616941152902523721,1616941152904034829,1.153693
1616941152912630782,1616941152914078272,1.131528
1616941152922743598,1616941152924265195,1.154373
1616941152932965883,1616941152934578529,1.243575
1616941152943049460,1616941152944502730,1.069152
1616941152953151000,1616941152954654381,1.106014
1616941152963366928,1616941152964776686,1.020053
1616941152973462215,1616941152974937690,1.085279
1616941152983689865,1616941152985191639,1.105165
1616941152993794993,1616941152995232864,1.108697
1616941153004049990,1616941153005537117,1.162223
1616941153014280026,1616941153015878833,1.264305
1616941153024509996,1616941153025980956,1.150138
1616941153034680477,1616941153036179104,1.154731
1616941153044904001,1616941153046410747,1.198922
1616941153055125780,1616941153056582355,1.1299
1616941153065362412,1616941153066861842,1.151897
1616941153075533004,1616941153077001578,1.133199
1616941153085700568,1616941153087118837,1.087225
1616941153095931213,1616941153097314871,1.050853
1616941153106108770,1616941153107456459,1.009396
1616941153116334468,1616941153117696019,1.038457
1616941153126504746,1616941153127843078,1.025967
1616941153136740330,1616941153138164824,1.097253
1616941153146904856,1616941153148260538,1.037316
1616941153157080977,1616941153158461077,1.014733
1616941153167255579,1616941153168714575,1.1185
1616941153177432746,1616941153178940238,1.169229
1616941153187605888,1616941153189057973,1.113698
1616941153197778899,1616941153199265532,1.135059
1616941153207999587,1616941153209433793,1.094771
1616941153218244138,1616941153219622848,1.084113
1616941153228470958,1616941153230009446,1.210009
1616941153238696763,1616941153240191821,1.164221
1616941153248914277,1616941153250349533,1.109388
1616941153259133366,1616941153260732917,1.292943
1616941153269350771,1616941153270801514,1.050403
1616941153279572731,1616941153281015444,1.118457
1616941153289793793,1616941153291319955,1.18436
1616941153300026163,1616941153301464293,1.033959
1616941153310182468,1616941153311672321,1.177022
1616941153320406908,1616941153321800155,1.075816
1616941153330575345,1616941153331987118,1.124013
1616941153340803035,1616941153342229638,1.124511
1616941153351021946,1616941153352411235,1.024153
1616941153361261835,1616941153362683538,1.082122
1616941153371492673,1616941153372852208,1.042167
1616941153381710423,1616941153383114168,1.08445
1616941153391927631,1616941153393327880,1.10528
1616941153402111684,1616941153403527272,1.098752
1616941153412329097,1616941153413769589,1.05314
1616941153422496856,1616941153423978779,1.161496
1616941153432729942,1616941153434200884,1.147381
1616941153442961765,1616941153444395469,1.030952
1616941153453202547,1616941153454670164,1.113205
1616941153463450586,1616941153464869114,1.103371
1616941153473673160,1616941153475112815,1.047051
1616941153483904568,1616941153485353958,1.117482
1616941153494135700,1616941153495563136,1.042513
1616941153504351852,1616941153505915391,1.191359
1616941153514466419,1616941153516004023,1.151829
1616941153524695096,1616941153526300385,1.295705
1616941153534869137,1616941153536393449,1.133103
1616941153545104914,1616941153546511556,1.070403
1616941153555343655,1616941153556749379,1.070471
1616941153565573194,1616941153567121317,1.174415
1616941153575813250,1616941153577294478,1.142947
1616941153586075363,1616941153587729535,1.309114
1616941153596329658,1616941153597917055,1.259457
1616941153606453812,1616941153608055150,1.273187
1616941153616682773,1616941153618299989,1.243889
1616941153626794848,1616941153628249391,1.091519
1616941153636974387,1616941153638517417,1.206778
1616941153647146368,1616941153648696054,1.231139
1616941153657312794,1616941153658908446,1.261105
1616941153667491812,1616941153669067724,1.213791
1616941153677712896,1616941153679238320,1.194023
1616941153687936236,1616941153689564760,1.330714
1616941153698168645,1616941153699766874,1.227083
1616941153708332115,1616941153709821268,1.151518
1616941153718509295,1616941153719909131,1.048049
1616941153728666651,1616941153730102020,1.032543
1616941153738830353,1616941153740286388,1.052346
1616941153749059467,1616941153750560528,1.149675
1616941153759167912,1616941153760611646,1.018971
1616941153769401469,1616941153770903926,1.158802
1616941153779616139,1616941153781019508,1.070854
1616941153789836692,1616941153791287530,1.119651
1616941153800073585,1616941153801476870,1.078393
1616941153810226273,1616941153811625613,1.063671
1616941153820456894,1616941153821832665,1.013034
1616941153830627461,1616941153832044591,1.090003
1616941153840800800,1616941153842203387,1.075819
1616941153851023738,1616941153852446985,1.071203
1616941153861268326,1616941153862719515,1.048574
1616941153871498706,1616941153873025241,1.145521
1616941153881743397,1616941153883215736,1.054988
1616941153891967683,1616941153893442604,1.084824
1616941153902191139,1616941153903629298,1.065659
1616941153912413857,1616941153913963063,1.172856
1616941153922584438,1616941153924076125,1.082038
1616941153932802814,1616941153934310931,1.120471
1616941153942917364,1616941153944451191,1.127999
1616941153953090209,1616941153954644077,1.134968
1616941153963268993,1616941153964743059,1.063081
1616941153973498663,1616941153974999891,1.090729
1616941153983671997,1616941153985133591,1.035981
1616941153993897256,1616941153995377176,1.052886
1616941154004135987,1616941154005597833,1.076458
1616941154014258358,1616941154015665742,0.992153
1616941154024496517,1616941154026103364,1.219786
1616941154034622777,1616941154036209051,1.179344
1616941154044840800,1616941154046379219,1.1348
1616941154055072061,1616941154056716700,1.274516
1616941154065291472,1616941154066847277,1.142711
1616941154075511941,1616941154077766051,2.231243
1616941154085757944,1616941154087334670,1.19768
1616941154095989242,1616941154097535344,1.171497
1616941154106170256,1616941154107607385,1.014056
1616941154116410207,1616941154117966605,1.199552
1616941154126537001,1616941154127945206,0.972893
1616941154136778809,1616941154138325615,1.197203
1616941154147024655,1616941154148558028,1.144765
1616941154157198250,1616941154158775165,1.197849
1616941154167372070,1616941154168880970,1.092798
1616941154177547129,1616941154179051031,1.111219
1616941154187719893,1616941154189210932,1.101262
1616941154197843872,1616941154199726460,1.472959
1616941154208067383,1616941154209564005,1.107779
1616941154218172480,1616941154219651580,1.095629
1616941154228391470,1616941154229893173,1.093459
1616941154238577086,1616941154240091958,1.137438
1616941154248791193,1616941154250247600,1.106531
1616941154258963417,1616941154260426367,1.067506
1616941154269125189,1616941154270620061,1.121786
1616941154279303607,1616941154280802860,1.12518
1616941154289405132,1616941154290840954,1.032157
1616941154299536889,1616941154300959566,1.084622
1616941154309634527,1616941154311066313,1.026562
1616941154319794541,1616941154321179950,0.99138
1616941154329901091,1616941154331383110,1.088058
1616941154340001684,1616941154341440698,1.058928
1616941154350108000,1616941154351536372,1.068948
1616941154360210027,1616941154361682135,1.087427
1616941154370305703,1616941154371803381,1.121367
1616941154380529035,1616941154381956058,1.118215
1616941154390568099,1616941154392013931,1.098571
1616941154400672106,1616941154402108031,1.057781
1616941154410837216,1616941154412313642,1.092393
1616941154420947762,1616941154422339620,1.046981
1616941154431050132,1616941154432504725,1.05048
1616941154441194894,1616941154442678860,1.102188
1616941154451296201,1616941154452660571,0.969106
1616941154461448906,1616941154462908115,1.081638
1616941154471658893,1616941154473078629,1.034221
1616941154481883468,1616941154483235676,0.985573
1616941154492109216,1616941154493464353,0.951051
1616941154502214498,1616941154503658553,1.045178
1616941154512391833,1616941154513837104,1.042373
1616941154522552405,1616941154523896324,0.945525
1616941154532653797,1616941154534014492,0.993161
1616941154542816546,1616941154544206647,0.961067
1616941154552981488,1616941154554449762,1.134817
1616941154563153306,1616941154564629944,1.140775
1616941154573320089,1616941154574817750,1.106515
1616941154583475545,1616941154584990100,1.109798
1616941154593692335,1616941154595071432,1.053916
1616941154603869491,1616941154605210497,1.001063
1616941154613986400,1616941154615328928,0.973918
1616941154624095279,1616941154625425948,0.888113
1616941154634176400,1616941154635577823,0.985369
1616941154644292480,1616941154645668099,0.946515
1616941154654419747,1616941154655824880,1.012743
1616941154664649547,1616941154666189247,1.146037
1616941154674758982,1616941154676215803,1.13484
1616941154684945428,1616941154686385108,1.151697
1616941154695057642,1616941154697644866,2.205307
1616941154705231734,1616941154706604714,0.982985
1616941154715450350,1616941154716818525,1.031153
1616941154725679901,1616941154727078625,1.056681
1616941154735910109,1616941154737341092,1.037861
1616941154746149149,1616941154747616862,1.062682
1616941154756369468,1616941154757742973,0.976158
1616941154766524052,1616941154767976390,1.0507
1616941154776747067,1616941154778227005,1.136632
1616941154786873544,1616941154788413484,1.218839
1616941154797053867,1616941154798502928,1.109121
1616941154807276473,1616941154808684679,1.093515
1616941154817498316,1616941154818824958,0.965526
1616941154827718641,1616941154829052375,0.959498
1616941154837875617,1616941154839212666,0.970335
1616941154848116199,1616941154849431670,0.95306
1616941154858236785,1616941154859822429,1.267564
1616941154868460439,1616941154869852819,0.976472
1616941154878622073,1616941154880113509,1.146456
1616941154888856937,1616941154890256050,1.054192
1616941154899090024,1616941154900512015,1.078921
1616941154909307874,1616941154910767998,1.101243
1616941154919543034,1616941154920898241,1.061398
1616941154929764553,1616941154931213745,1.098873
1616941154939928084,1616941154941392307,1.135643
1616941154950157803,1616941154951636881,1.142675
1616941154960324478,1616941154961730277,1.067223
1616941154970504415,1616941154971884565,0.974082
1616941154980661162,1616941154982049212,0.987831
1616941154990828394,1616941154992263355,1.100949
1616941155001057844,1616941155002671448,1.229789
1616941155011216707,1616941155012644881,1.103764
1616941155021382242,1616941155022882328,1.107894
1616941155031609740,1616941155032984695,1.101582
1616941155041776498,1616941155043318219,1.244783
1616941155051944364,1616941155053526294,1.265018
1616941155062122185,1616941155063576116,1.125862
1616941155072288370,1616941155073766396,1.09232
1616941155082453888,1616941155084039106,1.289654
1616941155092621762,1616941155094120431,1.170875
1616941155102786955,1616941155104215414,1.000152
1616941155112953783,1616941155114409727,1.147795
1616941155123111536,1616941155124541717,1.101578
1616941155133279380,1616941155134637435,1.065144
1616941155143498845,1616941155144961406,1.14582
1616941155153664983,1616941155155203883,1.235328
1616941155163833021,1616941155165303383,1.144944
1616941155173999851,1616941155175536168,1.254422
1616941155184232607,1616941155185722889,1.155842
1616941155194398145,1616941155195803958,1.074514
1616941155204560029,1616941155205935618,1.038518
1616941155214724144,1616941155216173746,1.10595
1616941155224895868,1616941155226366587,1.088289
1616941155235114397,1616941155236746621,1.324351
1616941155245286600,1616941155246790512,1.192975
1616941155255452250,1616941155256934965,1.194824
1616941155265620271,1616941155267079108,1.119767
1616941155275788896,1616941155277323517,1.246255
1616941155285953680,1616941155287487977,1.201695
1616941155296124881,1616941155297712056,1.21704
1616941155306252280,1616941155307718304,1.144626
1616941155316424434,1616941155318007515,1.253416
1616941155326594469,1616941155328137054,1.212484
1616941155336763213,1616941155338248947,1.101221
1616941155346927930,1616941155348534331,1.246651
1616941155357067125,1616941155358697291,1.261162
1616941155367232372,1616941155368677445,0.993946
1616941155377457977,1616941155378853439,0.988485
1616941155387678021,1616941155389148788,1.06331
1616941155397848833,1616941155399349591,1.187056
1616941155407958254,1616941155409485737,1.11762
1616941155418091794,1616941155419661475,1.195677
1616941155428206482,1616941155429673771,1.052015
1616941155438322824,1616941155439900197,1.183355
1616941155448482768,1616941155449986909,1.078217
1616941155458596009,1616941155460099183,1.125525
1616941155468809484,1616941155470316995,1.096803
1616941155478977949,1616941155480357810,0.96122
1616941155489201211,1616941155490605406,1.077447
1616941155499427631,1616941155501011417,1.213295
1616941155509647700,1616941155511148892,1.100372
1616941155519882035,1616941155521319168,1.045187
1616941155530129065,1616941155531628596,1.122757
1616941155540361548,1616941155541985683,1.265354
1616941155550530370,1616941155552064993,1.147377
1616941155560759928,1616941155562293813,1.174247
1616941155570985393,1616941155572555308,1.204127
1616941155581232425,1616941155582776901,1.169997
1616941155591452068,1616941155592984949,1.160801
1616941155601682769,1616941155603273548,1.230568
1616941155611900456,1616941155613440225,1.154592
1616941155622122929,1616941155623733521,1.249213
1616941155632343774,1616941155633930808,1.215067
1616941155642512028,1616941155644026962,1.140975
1616941155652730584,1616941155654361093,1.265282
1616941155662964193,1616941155664537424,1.456094
1616941155673182318,1616941155674703467,1.113093
1616941155683355096,1616941155684905064,1.180162
1616941155693530428,1616941155695111009,1.200145
1616941155703765949,1616941155705248545,1.092926
1616941155713984675,1616941155715580041,1.208565
1616941155724155581,1616941155725618950,1.076317
1616941155734282190,1616941155735785793,1.120991
1616941155744523140,1616941155746049387,1.187063
1616941155754701264,1616941155756254111,1.218252
1616941155764918063,1616941155766441995,1.223164
1616941155775098803,1616941155776540681,1.0347
1616941155785263931,1616941155786746167,1.117034
1616941155795456117,1616941155796978372,1.155282
1616941155805690127,1616941155807191590,1.140116
1616941155815907605,1616941155817316831,1.020208
1616941155826136358,1616941155827606376,1.106128
1616941155836360675,1616941155837972900,1.291475
1616941155846534268,1616941155848047934,1.190416
1616941155856755420,1616941155858280591,1.209962
1616941155866877505,1616941155868516559,1.262622
1616941155877081426,1616941155878599864,1.184158
1616941155887262050,1616941155888844638,1.255711
1616941155897450185,1616941155899042585,1.229497
1616941155907626518,1616941155909222913,1.263015
1616941155917845523,1616941155919415721,1.239401
1616941155928069568,1616941155929664341,1.281335
1616941155938224534,1616941155939780374,1.269703
1616941155948450653,1616941155950004323,1.233474
1616941155958621710,1616941155960258313,1.296502
1616941155968784815,1616941155970892886,1.707299
1616941155978890308,1616941155980475042,1.196599
1616941155988979902,1616941155990604729,1.259777
1616941155999023808,1616941156000669735,1.28906
1616941156009241503,1616941156010760062,1.174843
1616941156019474870,1616941156021022755,1.245147
1616941156029623372,1616941156031143347,1.14496
1616941156039805580,1616941156041232700,1.052685
1616941156049966700,1616941156051511878,1.151665
1616941156060066860,1616941156061595869,1.228097
1616941156070230320,1616941156071798874,1.180149
1616941156080276041,1616941156081843511,1.194071
1616941156090386506,1616941156091867148,1.111107
1616941156100426651,1616941156101889210,1.133572
1616941156110554061,1616941156112021165,1.073615
1616941156120655571,1616941156122153270,1.108108
1616941156130825383,1616941156132370440,1.16626
1616941156141017282,1616941156142619217,1.219375
1616941156151232039,1616941156152742187,1.127923
1616941156161384488,1616941156162817967,1.059033
1616941156171403998,1616941156172906274,1.194747
1616941156181545712,1616941156183053808,1.207877
1616941156191758839,1616941156193268752,1.213231
1616941156201977166,1616941156203460037,1.16315
1616941156212032008,1616941156213573550,1.241096
1616941156222188691,1616941156224826130,2.238713
1616941156232294843,1616941156233770718,1.079537
1616941156242395593,1616941156243951871,1.166239
1616941156252618729,1616941156254141974,1.2118
1616941156262720765,1616941156264343992,1.258359
1616941156272815144,1616941156274283414,1.127325
1616941156282977472,1616941156284527321,1.164499
1616941156293183557,1616941156294729164,1.156717
1616941156303294023,1616941156304813668,1.131579
1616941156313372736,1616941156314890566,1.140413
1616941156323527269,1616941156325086658,1.213819
1616941156333628311,1616941156335023742,1.034621
1616941156343787704,1616941156345152941,1.010582
1616941156354012872,1616941156355412775,1.018554
1616941156364168740,1616941156365601110,1.049232
1616941156374344539,1616941156375821554,1.1609
1616941156384571805,1616941156385902262,1.046949
1616941156394742104,1616941156396197593,1.132639
1616941156404976737,1616941156406375086,1.056797
1616941156415194778,1616941156416645092,1.115746
1616941156425415504,1616941156426899549,1.148272
1616941156435641798,1616941156437075796,1.089554
1616941156445868161,1616941156447319894,1.115007
1616941156456091292,1616941156457450742,1.018177
1616941156466190443,1616941156467646029,1.553261
1616941156476414961,1616941156477790398,0.972526
1616941156486635341,1616941156488043964,1.098489
1616941156496809200,1616941156498163324,1.023957
1616941156506986144,1616941156508294705,0.939626
1616941156517119787,1616941156518664658,1.170722
1616941156527337087,1616941156528852651,1.110693
1616941156537510760,1616941156538858321,0.96007
1616941156547727879,1616941156549217228,1.08537
1616941156557951827,1616941156559469439,1.173081
1616941156568076287,1616941156569529493,1.064325
1616941156578189099,1616941156579689140,1.176462
1616941156588407422,1616941156589887965,1.143645
1616941156598571799,1616941156599994164,1.083609
1616941156608703541,1616941156610122386,1.073358
1616941156618808489,1616941156620250518,1.123039
1616941156628971248,1616941156630496438,1.196929
1616941156639202292,1616941156640679225,1.158709
1616941156649427120,1616941156650990183,1.23128
1616941156659650639,1616941156661051788,1.026922
1616941156669822550,1616941156671270934,1.11521
1616941156679998587,1616941156681511603,1.201054
1616941156690165685,1616941156691584128,1.081898
1616941156700391416,1616941156701835638,1.124895
1616941156710560898,1616941156712060058,1.119465
1616941156720779594,1616941156722196081,1.088161
1616941156730997362,1616941156732414510,1.109937
1616941156741221536,1616941156742703660,1.153793
1616941156751456419,1616941156755777677,3.939733
1616941156761612576,1616941156763061000,1.08532
1616941156771842018,1616941156773241810,1.072714
1616941156782085764,1616941156783591109,1.178168
1616941156792318154,1616941156793710997,1.063712
1616941156802489423,1616941156803902778,1.041284
1616941156812718476,1616941156814112275,1.034079
1616941156822882245,1616941156824296801,1.049635
1616941156833101741,1616941156834550706,1.076314
1616941156843324351,1616941156844755861,1.058707
1616941156853551696,1616941156854985982,1.028141
1616941156863781885,1616941156865252202,1.116914
1616941156874019112,1616941156875491067,1.095345
1616941156884254691,1616941156885727054,1.089793
1616941156894423607,1616941156895970239,1.163974
1616941156904653458,1616941156906118350,1.085387
1616941156914818729,1616941156916441209,1.253719
1616941156925035805,1616941156926582883,1.163806
1616941156935253122,1616941156936760507,1.113985
1616941156945475338,1616941156946933573,1.06872
1616941156955693039,1616941156957192286,1.118581
1616941156965910024,1616941156967450076,1.163789
1616941156976132249,1616941156977586427,1.055459
1616941156986302437,1616941156987714352,1.010911
1616941156996520034,1616941156998006207,1.108335
1616941157006686833,1616941157008243820,1.167049
1616941157016855311,1616941157018413561,1.164106
1616941157027076208,1616941157028603158,1.163541
1616941157037293762,1616941157038813351,1.126917
1616941157047517876,1616941157049102222,1.210094
1616941157057753495,1616941157059334585,1.18218
1616941157067973688,1616941157069584506,1.260663
1616941157078208264,1616941157079728129,1.135048
1616941157088425144,1616941157090020935,1.388304
1616941157098594628,1616941157100195870,1.204777
1616941157108824965,1616941157110433848,1.268222
1616941157119049186,1616941157120623974,1.181601
1616941157129218828,1616941157130716040,1.120401
1616941157139387708,1616941157140955587,1.190791
1616941157149544520,1616941157151013997,1.091719
1616941157159698608,1616941157161192498,1.115101
1616941157169893227,1616941157171514491,1.264691
1616941157180085680,1616941157181642061,1.167541
1616941157190221259,1616941157191730735,1.133155
1616941157200440861,1616941157202008437,1.189708
1616941157210605639,1616941157212115169,1.11605
1616941157220781435,1616941157222308939,1.336
1616941157230964321,1616941157232646966,1.300369
1616941157241091964,1616941157242706932,1.235483
1616941157251206772,1616941157252877584,1.302362
1616941157261377216,1616941157262907336,1.134495
1616941157271477481,1616941157273110547,1.259263
1616941157281642683,1616941157283672116,1.787206
1616941157291862667,1616941157293472642,1.215791
1616941157302024774,1616941157303647269,1.261233
1616941157312217900,1616941157313861045,1.263928
1616941157322344373,1616941157323912097,1.19829
1616941157332511322,1616941157334067879,1.15835
1616941157342685813,1616941157344264415,1.250741
1616941157352865254,1616941157354417203,1.14244
1616941157363086521,1616941157364470213,1.032812
1616941157373270594,1616941157374804310,1.23772
1616941157383491896,1616941157384990510,1.188882
1616941157393737698,1616941157395207961,1.166868
1616941157403893922,1616941157405433317,1.215512
1616941157414148614,1616941157415714176,1.19205
1616941157424387644,1616941157425901559,1.192926
1616941157434557836,1616941157436190365,1.25634
1616941157444798307,1616941157446300120,1.196645
1616941157455022589,1616941157456493749,1.150315
1616941157465252332,1616941157466788824,1.224328
1616941157475474076,1616941157476987396,1.197604
1616941157485694978,1616941157487108493,1.064536
1616941157495910246,1616941157497400109,1.124081
1616941157506153588,1616941157507587347,1.06494
1616941157516389479,1616941157517773772,0.987844
1616941157526568034,1616941157527955667,1.039491
1616941157536746872,1616941157538276413,1.162418
1616941157546923027,1616941157548364668,1.04215
1616941157557100352,1616941157558695797,1.242853
1616941157567275143,1616941157568685217,1.007738
1616941157577504884,1616941157578975256,1.113411
1616941157587731199,1616941157589061021,1.053366
1616941157597966263,1616941157599363127,0.99492
1616941157608195873,1616941157609672028,1.090792
1616941157618369327,1616941157619773377,1.068035
1616941157628607576,1616941157629961441,0.965144
1616941157638780709,1616941157640149367,0.962158
1616941157649014378,1616941157650403591,0.991056
1616941157659238765,1616941157660620657,0.986179
1616941157669478359,1616941157670889983,1.020214
1616941157679702373,1616941157681106083,1.632991
1616941157689858158,1616941157691247957,0.992031
1616941157700025248,1616941157701487705,1.081879
1616941157710116820,1616941157711469810,0.949659
1616941157720212509,1616941157721602928,0.992441
1616941157730319479,1616941157731850530,1.158265
1616941157740446950,1616941157741840744,0.998786
1616941157750562833,1616941157751998636,1.036887
1616941157760652801,1616941157762090298,1.04169
1616941157770759434,1616941157772194524,1.040468
1616941157780979171,1616941157782448003,1.141894
1616941157791093875,1616941157792602885,1.127742
1616941157801197266,1616941157802672150,1.076702
1616941157811312050,1616941157812788530,1.055672
1616941157821407948,1616941157822859662,1.059838
1616941157831583228,1616941157833026269,1.072668
1616941157841680747,1616941157843087199,1.029999
1616941157851900587,1616941157853390248,1.116435
1616941157862003363,1616941157863476196,1.17493
1616941157872021460,1616941157873534920,1.149353
1616941157882238082,1616941157883803739,1.170529
1616941157892391929,1616941157893996592,1.227189
1616941157902520162,1616941157904059000,1.224529
1616941157912676591,1616941157914122982,1.050527
1616941157922704497,1616941157924122367,1.038461
1616941157932862302,1616941157934277580,1.029884
1616941157943036771,1616941157944485304,1.04228
1616941157953082860,1616941157954564805,1.111359
1616941157963140298,1616941157964561988,1.03966
1616941157973352048,1616941157974777410,1.022229
1616941157983377797,1616941157984797980,1.074544
1616941157993541986,1616941157995038374,1.106186
1616941158003698239,1616941158005147891,1.09675
1616941158013852517,1616941158015319741,1.082466
1616941158023949768,1616941158025401829,1.123895
1616941158034083970,1616941158035554629,1.147169
1616941158044198271,1616941158045639718,1.102244
1616941158054264064,1616941158055843805,1.201816
1616941158064420945,1616941158065976858,1.204087
1616941158074595255,1616941158076120853,1.223525
1616941158084826461,1616941158086449947,1.730156
1616941158095043252,1616941158096536336,1.123859
1616941158105280523,1616941158106795205,1.150254
1616941158115500854,1616941158116941664,1.052692
1616941158125718898,1616941158127194974,1.150529
1616941158135950955,1616941158137330998,1.070237
1616941158146190177,1616941158147676037,1.16118
1616941158156414623,1616941158157948357,1.234633
1616941158166585162,1616941158168056796,1.089811
1616941158176805187,1616941158178313065,1.107966
1616941158187026931,1616941158188460720,1.106718
1616941158197246412,1616941158198711877,1.12086
1616941158207476994,1616941158208872373,1.058481
1616941158217697961,1616941158219059989,1.080429
1616941158227941737,1616941158229342893,1.081271
1616941158238197106,1616941158239687199,1.171219
1616941158248423338,1616941158249880389,1.134785
1616941158258546781,1616941158259963220,1.027716
1616941158268732850,1616941158270203523,1.150919
1616941158278893450,1616941158280269568,0.97978
1616941158289109486,1616941158290533256,1.089755
1616941158299331464,1616941158300689599,1.056156
1616941158309548624,1616941158310934208,1.087244
1616941158319769294,1616941158321156758,1.064801
1616941158329989358,1616941158331515064,1.195818
1616941158340212490,1616941158341693942,1.123399
1616941158350382368,1616941158351801714,1.095386
1616941158360598889,1616941158362020202,1.097284
1616941158370768547,1616941158372112386,1.055038
1616941158380945421,1616941158382296938,1.015992
1616941158391108481,1616941158392464603,0.965486
1616941158401325786,1616941158402679648,0.98657
1616941158411550331,1616941158412974942,1.090869
1616941158421776291,1616941158423096510,0.913763
1616941158431941066,1616941158433345350,1.066474
1616941158442092066,1616941158443479198,1.016769
1616941158452317019,1616941158453745563,1.116165
1616941158462491502,1616941158463884697,1.073548
1616941158472723738,1616941158474156627,1.097995
1616941158482891345,1616941158484367187,1.161254
1616941158493109374,1616941158494551027,1.126039
1616941158503272416,1616941158504670619,1.109578
1616941158513496205,1616941158514859946,1.044492
1616941158523714064,1616941158525105892,1.066278
1616941158533934750,1616941158535358120,1.089852
1616941158544162819,1616941158545608760,1.12275
1616941158554388041,1616941158555795695,1.092679
1616941158564607549,1616941158566079021,1.163481
1616941158574776477,1616941158576283408,1.176469
1616941158585005502,1616941158586511650,1.146693
1616941158595240221,1616941158596666956,1.102863
1616941158605461464,1616941158606877559,1.083435
1616941158615641284,1616941158617035486,1.066303
1616941158625809610,1616941158627291400,1.173451
1616941158636045769,1616941158637473721,1.121321
1616941158646173840,1616941158647638400,1.134799
1616941158656394741,1616941158657905634,1.182614
1616941158666567185,1616941158668084240,1.203815
1616941158676788620,1616941158678240822,1.116957
1616941158687009671,1616941158688525705,1.203737
1616941158697247568,1616941158698683953,1.11396
1616941158707465206,1616941158708913460,1.083633
1616941158717685862,1616941158719159846,1.160165
1616941158727912704,1616941158729340601,1.117749
1616941158738146902,1616941158739566377,1.080314
1616941158748364337,1616941158749865419,1.180982
1616941158758482548,1616941158759970592,1.156079
1616941158768701990,1616941158770221949,1.195158
1616941158778873435,1616941158780372125,1.16816
1616941158789088014,1616941158790601867,1.230876
1616941158799313511,1616941158800771693,1.133087
1616941158809529019,1616941158811081440,1.233964
1616941158819770282,1616941158821161791,1.063093
1616941158829887318,1616941158831267794,1.044727
1616941158840062137,1616941158841514825,1.058599
1616941158850297519,1616941158851748337,1.085175
1616941158860532061,1616941158861986186,1.072774
1616941158870702707,1616941158872145450,1.058765
1616941158880924472,1616941158882374502,1.090349
1616941158891155828,1616941158892739162,1.765581
1616941158901221842,1616941158902715332,1.124663
1616941158911463929,1616941158912888611,1.102172
1616941158921680059,1616941158923202048,1.214899
1616941158931900786,1616941158933360879,1.133585
1616941158942126813,1616941158943509149,1.020028
1616941158952345505,1616941158953848467,1.137156
1616941158962514981,1616941158964532456,1.716992
1616941158972733558,1616941158974138246,1.023906
1616941158982902341,1616941158984289309,1.102952
1616941158993128620,1616941158994620046,1.176364
1616941159003348194,1616941159004800514,1.132686
1616941159013568687,1616941159014945398,1.075527
1616941159023789728,1616941159025358564,1.267814
1616941159034013051,1616941159035430524,1.091828
1616941159044227755,1616941159045722884,1.17051
1616941159054349791,1616941159055746828,1.016935
1616941159064573086,1616941159065984955,1.079752
1616941159074699952,1616941159076159046,1.131321
1616941159084924332,1616941159086332395,1.092248
1616941159095081309,1616941159096469968,0.991462
1616941159105310859,1616941159106658137,1.025869
1616941159115528089,1616941159116948394,1.028476
1616941159125687422,1616941159127029272,1.011757
1616941159135917458,1616941159137228891,1.062356
1616941159145998833,1616941159147364819,0.975434
1616941159156137724,1616941159157513117,1.038834
1616941159166261680,1616941159167580380,0.985159
1616941159176486659,1616941159177847639,1.006419
1616941159186661314,1616941159188129709,1.150451
1616941159196886909,1616941159198287929,1.059755
1616941159207118808,1616941159208518758,1.034149
1616941159217249185,1616941159218740050,1.124993
1616941159227465855,1616941159228877652,1.069882
1616941159237686776,1616941159239147537,1.088253
1616941159247902842,1616941159249284306,1.071744
1616941159258032262,1616941159259440947,1.053602
1616941159268202681,1616941159269568362,0.952706
1616941159278318124,1616941159279750160,1.134213
1616941159288535528,1616941159289899388,0.977434
1616941159298666781,1616941159299958281,0.969205
1616941159308801605,1616941159310353028,1.274486
1616941159319033105,1616941159320489576,1.13727
1616941159329251821,1616941159330680906,1.047894
1616941159339471606,1616941159340976000,1.12339
1616941159349692001,1616941159351180605,1.105345
1616941159359868334,1616941159361267243,1.018377
1616941159370022638,1616941159371460599,1.058234
1616941159380243487,1616941159381691329,1.06785
1616941159390417095,1616941159391808543,1.064822
1616941159400578872,1616941159402020037,1.1322
1616941159410748895,1616941159412193523,1.119471
1616941159420968742,1616941159422522735,1.189533
1616941159431189086,1616941159433175363,1.617006
1616941159441221371,1616941159442707644,1.103183
1616941159451381806,1616941159452823653,1.068867
1616941159461438437,1616941159462839243,1.029661
1616941159471543495,1616941159473030228,1.106919
1616941159481643236,1616941159483098768,1.071804
1616941159491875171,1616941159493397660,1.154944
1616941159501906606,1616941159503361166,1.091607
1616941159512124612,1616941159513531297,1.001419
1616941159522226822,1616941159523635502,1.006559
1616941159532405336,1616941159533854740,1.057468
1616941159542509531,1616941159543903724,0.998101
1616941159552607226,1616941159554079463,1.07171
1616941159562641206,1616941159564093338,1.123187
1616941159572838040,1616941159574220898,0.999381
1616941159582996403,1616941159584376876,1.009141
1616941159593053315,1616941159594620022,1.192078
1616941159603142268,1616941159604601939,1.090629
1616941159613302111,1616941159614707948,1.024003
1616941159623470733,1616941159624859024,0.998572
1616941159633654545,1616941159635061543,1.015967
1616941159643889529,1616941159645351583,1.102154
1616941159653930017,1616941159655340757,1.030904
1616941159663956714,1616941159665345806,0.980329
1616941159674071240,1616941159675485495,1.04203
1616941159684171973,1616941159686119815,1.706494
1616941159694331688,1616941159695714499,1.026039
1616941159704378635,1616941159705833945,1.076082
1616941159714502979,1616941159715947239,1.073244
1616941159724665888,1616941159725994546,0.946141
1616941159734770154,1616941159736208379,1.068547
1616941159744926393,1616941159746344200,1.03747
1616941159755101985,1616941159756494585,1.022004
1616941159765342401,1616941159766754434,1.028056
1616941159775562576,1616941159776938059,0.974442
1616941159785795699,1616941159787212876,1.036317
1616941159796014122,1616941159797464723,1.178947
1616941159806234964,1616941159807677895,1.123453
1616941159816399128,1616941159817793206,1.011984
1616941159826523640,1616941159827931678,1.068607
1616941159836763352,1616941159838161869,1.043955
1616941159846880070,1616941159848191914,1.031501
1616941159856997968,1616941159858316587,0.969057
1616941159867216721,1616941159868601201,1.056731
1616941159877383877,1616941159878786118,1.007944
1616941159887543790,1616941159888906633,1.019812
1616941159897769349,1616941159899153793,1.067791
1616941159907935953,1616941159909355500,1.030635
1616941159918106076,1616941159919462856,0.958303
1616941159928261081,1616941159929695516,1.114663
1616941159938375040,1616941159939898449,1.159274
1616941159948545988,1616941159949887426,0.984403
1616941159958716010,1616941159960086125,1.008784
1616941159968938083,1616941159970336240,0.995125
1616941159979150159,1616941159980627279,1.102179
1616941159989306450,1616941159990763640,1.06207
1616941159999540286,1616941160000974023,1.111602
1616941160009693771,1616941160011137522,1.11239
1616941160019939992,1616941160021371538,1.11938
1616941160030159164,1616941160031522573,1.036645
1616941160040331634,1616941160041763234,1.122628
1616941160050506130,1616941160051892606,1.089285
1616941160060663160,1616941160062074506,1.038207
1616941160070782780,1616941160072188689,1.075854
1616941160080955718,1616941160082406686,1.078767
1616941160091171094,1616941160092620859,1.127231
1616941160101409830,1616941160102845009,1.107811
1616941160111634923,1616941160113002208,1.038505
1616941160121771579,1616941160123131759,1.016004
1616941160131883854,1616941160133220841,1.011484
1616941160142111080,1616941160143638248,1.210847
1616941160152335993,1616941160153871102,1.259555
1616941160162510095,1616941160163964768,1.069697
1616941160172737223,1616941160174242771,1.115705
1616941160182955547,1616941160184418722,1.141788
1616941160193178698,1616941160194629691,1.120572
1616941160203383937,1616941160204899815,1.146416
1616941160213541762,1616941160215093783,1.233611
1616941160223715902,1616941160225255451,1.179812
1616941160233936576,1616941160235543227,1.220607
1616941160244122220,1616941160245631576,1.134811
1616941160254241703,1616941160255688752,1.047885
1616941160264360721,1616941160265885844,1.219171
1616941160274480504,1616941160276090266,1.226983
1616941160284647425,1616941160286163739,1.143197
1616941160294813009,1616941160296271209,1.1519
1616941160305040863,1616941160306519052,1.15427
1616941160315260469,1616941160316729002,1.165595
1616941160325479069,1616941160326903701,1.061362
1616941160335598831,1616941160337085069,1.118151
1616941160345763908,1616941160347259004,1.147734
1616941160355932993,1616941160357414280,1.085792
1616941160366135692,1616941160367626703,1.112672
1616941160376365664,1616941160377872440,1.151353
1616941160386535106,1616941160388026891,1.124764
1616941160396750601,1616941160398203789,1.08207
1616941160406910715,1616941160408335198,1.041679
1616941160417078882,1616941160418510604,1.04291
1616941160427208871,1616941160428683559,1.083976
1616941160437319306,1616941160438763045,1.059626
1616941160447461914,1616941160448931488,1.13093
1616941160457603078,1616941160459130261,1.147318
1616941160467749901,1616941160469191907,1.046645
1616941160477917834,1616941160479415373,1.12621
1616941160488131129,1616941160490058113,1.630104
1616941160498248724,1616941160499778393,1.154816
1616941160508374359,1616941160509767004,1.015442
1616941160518479254,1616941160519851145,1.022733
1616941160528701448,1616941160530125488,1.014221
1616941160538864130,1616941160540330777,1.124982
1616941160549085014,1616941160550619190,1.201962
1616941160559266538,1616941160560745583,1.086256
1616941160569506816,1616941160571003965,1.170278
1616941160579720090,1616941160581261160,1.202935
1616941160589862549,1616941160591420284,1.230124
1616941160600012584,1616941160601460783,1.065075
1616941160610191673,1616941160611670895,1.163388
1616941160620370437,1616941160621905801,1.201016
1616941160630541133,1616941160632002352,1.084477
1616941160640709026,1616941160642163233,1.166995
1616941160650874344,1616941160652336597,1.138861
1616941160661042920,1616941160662574630,1.218726
1616941160671214229,1616941160672693339,1.16982
1616941160681435439,1616941160682976945,1.224011
1616941160691668907,1616941160693166242,1.180089
1616941160701889191,1616941160703381662,1.192957
1616941160712111801,1616941160713540777,1.111186
1616941160722234032,1616941160723669215,1.052023
1616941160732410799,1616941160733913758,1.170638
1616941160742516653,1616941160743885536,1.012436
1616941160752745080,1616941160754256413,1.194577
1616941160762914646,1616941160764418570,1.182896
1616941160773133835,1616941160774660463,1.199501
1616941160783353827,1616941160784885484,1.202924
1616941160793578814,1616941160794939363,1.025543
1616941160803807916,1616941160805257545,1.116224
1616941160814073286,1616941160815501305,1.082542
1616941160824298871,1616941160825776224,1.15087
1616941160834524014,1616941160835998814,1.16154
1616941160844749078,1616941160846245764,1.158962
1616941160854972871,1616941160856363913,1.057761
1616941160865221447,1616941160866738508,1.191786
1616941160875457611,1616941160876942387,1.162799
1616941160885676748,1616941160887077485,1.085973
1616941160895843858,1616941160897250267,1.083624
1616941160906021103,1616941160907587867,1.189199
1616941160916238468,1616941160917704322,1.146484
1616941160926409548,1616941160927945261,1.21487
1616941160936628634,1616941160938204251,1.250324
1616941160946788828,1616941160948255456,1.150883
1616941160957024349,1616941160958435988,1.114867
1616941160967249323,1616941160968827248,1.275578
1616941160977477086,1616941160978979172,1.178486
1616941160987696677,1616941160989156802,1.127738
1616941160997917386,1616941160999357012,1.100885
1616941161008144058,1616941161009582693,1.082515
1616941161018315651,1616941161019862377,1.212459
1616941161028538723,1616941161030005594,1.157811
1616941161038709443,1616941161040199515,1.163172
1616941161048943140,1616941161050565820,1.314988
1616941161059164755,1616941161060681458,1.200347
1616941161069338193,1616941161070769921,1.115605
1616941161079519800,1616941161080973420,1.122049
1616941161089693173,1616941161095097779,5.086465
1616941161099851632,1616941161101286495,1.100273
1616941161110085496,1616941161111478506,1.090843
1616941161120318280,1616941161121648436,0.988877
1616941161130496270,1616941161131869690,1.000189
1616941161140724429,1616941161142044987,1.020443
1616941161150892074,1616941161152293198,1.107963
1616941161161132398,1616941161162449287,1.047554
1616941161171351487,1616941161172689519,1.054907
1616941161181589058,1616941161182911402,1.007549
1616941161191771241,1616941161193092850,0.943131
1616941161201996718,1616941161203354625,0.954113
1616941161212174912,1616941161213483881,0.897444
1616941161222277499,1616941161224155318,1.426431
1616941161232502942,1616941161233782967,0.929208
1616941161242642242,1616941161243973130,0.990968
1616941161252675695,1616941161254016842,0.980476
1616941161262856974,1616941161264248570,1.023315
1616941161272897576,1616941161274327554,1.051344
1616941161282998877,1616941161284322243,0.969855
1616941161293159050,1616941161294522024,1.058231
1616941161303317996,1616941161305105643,1.523556
1616941161313406522,1616941161314823509,1.027773
1616941161323512999,1616941161324894085,0.995255
1616941161333660659,1616941161335054899,1.004702
1616941161343815592,1616941161345243511,1.03963
1616941161353964073,1616941161355460959,1.117307
1616941161364061874,1616941161365477999,1.021866
1616941161374159719,1616941161375650673,1.081664
1616941161384254445,1616941161385678242,1.032881
1616941161394347719,1616941161395820695,1.084884
1616941161404440777,1616941161405833242,1.003545
1616941161414541842,1616941161416044520,1.114059
1616941161424639615,1616941161426033166,0.976403
1616941161434742754,1616941161436218991,1.086335
1616941161444837824,1616941161446267949,1.062953
1616941161454930502,1616941161456365477,1.042532
1616941161464999552,1616941161466435181,1.117534
1616941161475080202,1616941161476535175,1.117438
1616941161485236438,1616941161486658844,1.089039
1616941161495396942,1616941161496943803,1.155393
1616941161505571643,1616941161506939169,0.983653
1616941161515668748,1616941161517120121,1.075241
1616941161525887712,1616941161527377264,1.09923
1616941161535939898,1616941161537454829,1.194031
1616941161546097783,1616941161547541852,1.141252
1616941161556250772,1616941161557733826,1.114362
1616941161566350881,1616941161567819312,1.094594
1616941161576573939,1616941161578072502,1.132831
1616941161586742519,1616941161588208386,1.175991
1616941161596971821,1616941161598460810,1.23671
1616941161607188179,1616941161608631406,1.117584
1616941161617334468,1616941161618794963,1.083262
1616941161627481057,1616941161628919620,1.121215
1616941161637578588,1616941161639118636,1.153079
1616941161647611387,1616941161648984975,1.047458
1616941161657710103,1616941161659091557,0.99328
1616941161667947283,1616941161669433335,1.159812
1616941161678189838,1616941161679638210,1.067857
1616941161688421873,1616941161689790956,1.058191
1616941161698592542,1616941161700087555,1.173334
1616941161708810387,1616941161710210110,1.058614
1616941161719033122,1616941161720475781,1.124687
1616941161729253716,1616941161730721902,1.140757
1616941161739485395,1616941161740965809,1.141011
1616941161749650490,1616941161751138918,1.162129
1616941161759871249,1616941161761308749,1.106344
1616941161770105597,1616941161771539040,1.067496
1616941161780341271,1616941161781865853,1.208582
1616941161790510804,1616941161792087067,1.255548
1616941161800754435,1616941161802166061,1.02975
1616941161810923930,1616941161812305943,1.067744
1616941161821143404,1616941161822614955,1.14902
1616941161831363423,1616941161832803591,1.118296
1616941161841584650,1616941161842990803,1.080014
1616941161851812592,1616941161853279906,1.12927
1616941161862034849,1616941161863532145,1.181633
1616941161872278085,1616941161873736585,1.150684
1616941161882447899,1616941161883945198,1.166732
1616941161892677333,1616941161894092814,1.076361
1616941161902846300,1616941161904265526,1.120872
1616941161913061462,1616941161914622141,1.2559
1616941161923291107,1616941161924710765,1.048591
1616941161933521605,1616941161934937792,1.083322
1616941161943742402,1616941161945199542,1.129971
1616941161953982470,1616941161955485084,1.178427
1616941161964206972,1616941161965673285,1.083748
1616941161974390022,1616941161975840915,1.067358
1616941161984611649,1616941161986067280,1.057753
1616941161994790114,1616941161996208483,1.052305
1616941162005013001,1616941162006433665,1.097695
1616941162015141172,1616941162016589007,1.059304
1616941162025362458,1616941162026753664,0.992751
1616941162035593292,1616941162037016187,1.033225
1616941162045812824,1616941162047211584,0.989754
1616941162055971982,1616941162057383054,1.086959
1616941162066221134,1616941162067723421,1.130335
1616941162076441068,1616941162077992212,1.222235
1616941162086606262,1616941162088111339,1.179408
1616941162096821279,1616941162098236265,1.090651
1616941162107042183,1616941162109108268,1.830817
1616941162117154506,1616941162118655232,1.120412
1616941162127317587,1616941162128679025,1.00938
1616941162137540213,1616941162138947553,0.995738
1616941162147759503,1616941162149168870,1.103266
1616941162157976539,1616941162159463312,1.160231
1616941162168204124,1616941162169575789,1.047845
1616941162178323364,1616941162179856375,1.210238
1616941162188557943,1616941162190068523,1.207643
1616941162198685538,1616941162200254583,1.274973
1616941162208859081,1616941162210370768,1.225598
1616941162219035539,1616941162220410864,0.976131
1616941162229203909,1616941162230564849,1.024649
1616941162239457586,1616941162240932586,1.146784
1616941162249630434,1616941162251033830,1.071013
1616941162259854072,1616941162261318085,1.135629
1616941162270097540,1616941162271513803,1.092344
1616941162280328029,1616941162281786685,1.093882
1616941162290501445,1616941162291965070,1.070769
1616941162300729356,1616941162302152419,1.045302
1616941162310897251,1616941162312360279,1.087763
1616941162321117298,1616941162322708470,1.261527
1616941162331337719,1616941162332782573,1.103664
1616941162341570292,1616941162342949136,1.036259
1616941162351813869,1616941162353291361,1.150895
1616941162362034402,1616941162363532328,1.178352
1616941162372209212,1616941162373712250,1.178271
1616941162382386344,1616941162383960932,1.268266
1616941162392602204,1616941162394092227,1.158309
1616941162402773963,1616941162404266849,1.148966
1616941162413003936,1616941162414429902,1.120597
1616941162423234641,1616941162424709540,1.130962
1616941162433459047,1616941162434939575,1.143929
1616941162443692924,1616941162445191852,1.173044
1616941162453920005,1616941162455414780,1.17322
1616941162464155081,1616941162465591072,1.096526
1616941162474378500,1616941162475850490,1.153541
1616941162484601992,1616941162486098351,1.160987
1616941162494825444,1616941162496276839,1.128181
1616941162504939514,1616941162506367289,1.007662
1616941162515167016,1616941162516714864,1.23054
1616941162525339234,1616941162526843636,1.108247
1616941162535557964,1616941162537050326,1.170677
1616941162545778321,1616941162547229299,1.153096
1616941162556013994,1616941162557541866,1.211582
1616941162566193219,1616941162567833120,1.305848
1616941162576349768,1616941162578052182,1.397881
1616941162586602463,1616941162588084272,1.092689
1616941162596820935,1616941162598271591,1.119648
1616941162606990721,1616941162608592880,1.272897
1616941162617212957,1616941162618735592,1.195474
1616941162627430751,1616941162628890597,1.121686
1616941162637647121,1616941162639133897,1.189499
1616941162647874996,1616941162649382425,1.190138
1616941162658075361,1616941162659578108,1.175457
1616941162668296889,1616941162669904865,1.271986
1616941162678424298,1616941162679953545,1.148392
1616941162688645448,1616941162690109753,1.134523
1616941162698809757,1616941162700386802,1.276824
1616941162708933964,1616941162710393031,1.070752
1616941162719168708,1616941162720717977,1.247222
1616941162729337248,1616941162730837557,1.111425
1616941162739551676,1616941162741050256,1.176296
1616941162749774748,1616941162751167007,0.997814
1616941162760013905,1616941162761574749,1.240019
1616941162770224084,1616941162771720120,1.102978
1616941162780442339,1616941162781993598,1.225741
1616941162790613465,1616941162792205333,1.292362
1616941162800835168,1616941162802385701,1.266259
1616941162811054972,1616941162812710790,1.321373
1616941162821276290,1616941162822795831,1.196856
1616941162831494757,1616941162833016783,1.189479
1616941162841729682,1616941162843270962,1.217505
1616941162851960435,1616941162853514428,1.227203
1616941162862196433,1616941162863690140,1.173485
1616941162872415611,1616941162874039730,1.286627
1616941162882585454,1616941162884178427,1.296594
1616941162892809959,1616941162894305385,1.175506
1616941162902985387,1616941162904443655,1.153969
1616941162913215691,1616941162914715758,1.175481
1616941162923434908,1616941162925355190,1.758894
1616941162933491624,1616941162935022359,1.172466
1616941162943671682,1616941162945136778,1.07396
1616941162953855418,1616941162955379874,1.145401
1616941162964084776,1616941162965515522,1.053603
1616941162974207684,1616941162975652181,1.051979
1616941162984456176,1616941162985905337,1.079171
1616941162994623342,1616941162996167825,1.170861
1616941163004841411,1616941163006969206,1.751559
1616941163015006991,1616941163016629268,1.257187
1616941163025216877,1616941163026609137,1.012571
1616941163035376530,1616941163036704168,0.944799
1616941163045416329,1616941163046806609,1.014897
1616941163055581933,1616941163056924373,0.954117
1616941163065695544,1616941163067060176,0.999114
1616941163075841103,1616941163077276137,1.067789
1616941163085961247,1616941163087363989,1.05839
1616941163096184678,1616941163097661460,1.083108
1616941163106294378,1616941163107714032,1.101795
1616941163116401211,1616941163117867850,1.114827
1616941163126421706,1616941163127870616,1.112357
1616941163136639902,1616941163138074779,1.147757
1616941163146796175,1616941163148299743,1.131199
1616941163156905346,1616941163158385468,1.164487
1616941163167072142,1616941163168544132,1.132039
1616941163177185361,1616941163178667783,1.154555
1616941163187294493,1616941163188678610,0.983772
1616941163197351078,1616941163198793275,1.064259
1616941163207506890,1616941163209017151,1.136792
1616941163217678580,1616941163219094029,1.034472
1616941163227770285,1616941163229140532,1.05102
1616941163237873678,1616941163239296227,1.101567
1616941163248030881,1616941163249415398,1.061367
1616941163258151460,1616941163259483186,0.942115
1616941163268220821,1616941163269568184,0.987943
1616941163278331006,1616941163279828794,1.121929
1616941163288427794,1616941163289867291,1.070938
1616941163298530707,1616941163299984482,1.076622
1616941163308732398,1616941163310195535,1.081979
1616941163318899176,1616941163320375767,1.174605
1616941163329154349,1616941163330676155,1.207097
1616941163339368859,1616941163340831327,1.131945
1616941163349590142,1616941163351015800,1.055966
1616941163359819428,1616941163361361581,1.246807
1616941163370042703,1616941163371498850,1.121448
1616941163380272514,1616941163381746141,1.150063
1616941163390440604,1616941163392004040,1.240287
1616941163400658494,1616941163402256473,1.294567
1616941163410880819,1616941163412283060,1.063968
1616941163421114401,1616941163422652760,1.180021
1616941163431340386,1616941163432765756,1.109895
1616941163441577330,1616941163443106818,1.220704
1616941163451809174,1616941163453264551,1.11445
1616941163462028003,1616941163463476059,1.124751
1616941163472188350,1616941163473625101,1.114954
1616941163482411838,1616941163484012808,1.293204
1616941163492630732,1616941163494234312,1.297539
1616941163502790511,1616941163504404570,1.264932
1616941163513010265,1616941163514603545,1.211938
1616941163523228452,1616941163524687134,1.122768
1616941163533449027,1616941163534935188,1.104723
1616941163543666807,1616941163545150222,1.174606
1616941163553885691,1616941163555302103,1.094853
1616941163564121981,1616941163565494118,1.075023
1616941163574292249,1616941163575686276,1.068441
1616941163584453572,1616941163585922744,1.153782
1616941163594574225,1616941163596122474,1.21921
1616941163604751371,1616941163606139144,1.006716
1616941163614880562,1616941163616318288,1.111314
1616941163625049269,1616941163626663231,1.240546
1616941163635282131,1616941163636713773,1.055961
1616941163645452475,1616941163646849054,1.0129
1616941163655673437,1616941163657143405,1.14826
1616941163665898978,1616941163667400361,1.182641
1616941163676083595,1616941163677472697,1.081186
1616941163686179770,1616941163687620571,1.119695
1616941163696416198,1616941163697907229,1.180381
1616941163706542717,1616941163708026079,1.156405
1616941163716772490,1616941163718616025,1.684159
1616941163726898612,1616941163728386509,1.124584
1616941163737073484,1616941163738585234,1.21697
1616941163747248530,1616941163748615663,0.980846
1616941163757423437,1616941163758827977,1.082524
1616941163767647051,1616941163769033833,1.053973
1616941163777900690,1616941163779302034,1.08089
1616941163788153175,1616941163789655670,1.196818
1616941163798324577,1616941163799850389,1.207522
1616941163808495313,1616941163809927426,1.123357
1616941163818674458,1616941163820062576,1.067961
1616941163828902910,1616941163830420032,1.248161
1616941163839127151,1616941163840581670,1.116022
1616941163849302943,1616941163850714142,1.041225
1616941163859527338,1616941163860929582,1.06005
1616941163869756099,1616941163871114453,1.03357
1616941163879930473,1616941163881284729,1.008764
1616941163890081786,1616941163891459744,1.052229
1616941163900273938,1616941163901683934,1.030617
1616941163910397823,1616941163911793391,1.012229
1616941163920562247,1616941163922009918,1.134166
1616941163930730436,1616941163932074221,1.076583
1616941163940944546,1616941163942336980,1.053805
1616941163951168607,1616941163952536664,1.042746
1616941163961391205,1616941163962816942,1.04173
1616941163971577775,1616941163972953831,0.992969
1616941163981771018,1616941163983248111,1.113636
1616941163991999101,1616941163993411315,1.0627
1616941164002232127,1616941164003551325,1.025371
1616941164012398883,1616941164013711540,0.904272
1616941164022572790,1616941164024029953,1.077306
1616941164032799149,1616941164034200216,1.035603
1616941164042985114,1616941164044398548,1.06341
1616941164053199703,1616941164054649428,1.084399
1616941164063432427,1616941164064953488,1.137393
1616941164073600620,1616941164074991716,0.997563
1616941164083823615,1616941164085255607,1.051406
1616941164094077312,1616941164095537903,1.095384
1616941164104242952,1616941164105651744,1.023919
1616941164114372964,1616941164115804755,1.062931
1616941164124598249,1616941164125998192,1.000586
1616941164134762061,1616941164136188953,1.055437
1616941164144932183,1616941164146315491,1.034557
1616941164155167006,1616941164156575281,1.009132
1616941164165413731,1616941164166787093,0.976602
1616941164175643313,1616941164177054034,1.008151
1616941164185858021,1616941164187314870,1.090026
1616941164196025204,1616941164197520744,1.125536
1616941164206178436,1616941164207614607,1.072474
1616941164216395763,1616941164217893134,1.118339
1616941164226517243,1616941164228022256,1.120091
1616941164236736654,1616941164238269196,1.210065
1616941164246887044,1616941164248277433,0.996945
1616941164257103955,1616941164258506420,1.072082
1616941164267326273,1616941164268688574,0.977867
1616941164277500897,1616941164278964172,1.077037
1616941164287735212,1616941164289152715,1.043137
1616941164297959530,1616941164299426668,1.122434
1616941164308137344,1616941164309618030,1.143696
1616941164318268850,1616941164319720685,1.07872
1616941164328494341,1616941164329976998,1.099076
1616941164338664790,1616941164340165444,1.182073
1616941164348883998,1616941164350272572,0.982478
1616941164359044344,1616941164360481970,1.108573
1616941164369200854,1616941164370652837,1.062542
1616941164379355762,1616941164380685347,0.932233
1616941164389521011,1616941164390875963,0.943704
1616941164399679629,1616941164401088735,0.998172
1616941164409838917,1616941164411451412,1.22173
1616941164420056234,1616941164421627895,1.258261
1616941164430164992,1616941164431613796,1.0492
1616941164440329749,1616941164441873285,1.226999
1616941164450450747,1616941164452024237,1.244211
1616941164460615126,1616941164462242048,1.306499
1616941164470770656,1616941164472289082,1.222733
1616941164480953442,1616941164482450996,1.172611
1616941164491122913,1616941164492578837,1.097383
1616941164501287949,1616941164502711614,1.023259
1616941164511452987,1616941164512833389,1.052525
1616941164521613955,1616941164523124866,1.619045
1616941164531820438,1616941164533263290,1.055411
1616941164541992365,1616941164543528418,1.185169
1616941164552157716,1616941164553633063,1.11996
1616941164562287913,1616941164563741785,1.124712
1616941164572510720,1616941164573993400,1.138436
1616941164582628520,1616941164584119866,1.177166
1616941164592854610,1616941164594320418,1.10049
1616941164603005438,1616941164604489777,1.775464
1616941164613176647,1616941164614799773,1.241175
1616941164623396484,1616941164624872407,1.193091
1616941164633560722,1616941164635051544,1.085372
1616941164643730065,1616941164645182187,1.070337
1616941164653843360,1616941164655315837,1.055078
1616941164664010651,1616941164665519447,1.122335
1616941164674209044,1616941164675718147,1.146542
1616941164684375420,1616941164685895930,1.186921
1616941164694489599,1616941164696036795,1.189436
1616941164704606885,1616941164706070851,1.074437
1616941164714723117,1616941164716192414,1.08989
1616941164724834389,1616941164726274285,1.092303
1616941164734951049,1616941164736390287,1.593272
1616941164745096167,1616941164746636924,1.162844
1616941164755205177,1616941164756716548,1.113892
1616941164765323891,1616941164766804179,1.101219
1616941164775486261,1616941164777049384,1.199582
1616941164785649712,1616941164787195143,1.157418
1616941164795805798,1616941164797343301,1.158108
1616941164805968037,1616941164807501541,1.170671
1616941164816128049,1616941164817580559,1.094396
1616941164826256473,1616941164827723513,1.080267
1616941164836306681,1616941164837785967,1.102858
1616941164846416853,1616941164847915669,1.125297
1616941164856590806,1616941164858133755,1.254296
1616941164866691853,1616941164868256343,1.17309
1616941164876882862,1616941164878305966,1.049023
1616941164887107794,1616941164888615895,1.110303
1616941164897325479,1616941164898840405,1.124815
1616941164907373669,1616941164908967236,1.212701
1616941164917527615,1616941164918990384,1.084459
1616941164927628127,1616941164929046959,1.016777
1616941164937723873,1616941164939174350,1.074558
1616941164947827674,1616941164949304085,1.080653
1616941164957918096,1616941164959382601,1.084863
1616941164968022483,1616941164969430666,1.021321
1616941164978177109,1616941164979623532,1.07312
1616941164988351514,1616941164989788201,1.046617
1616941164998464702,1616941164999935292,1.102647
1616941165008564845,1616941165009952876,1.0175
1616941165018676892,1616941165020191275,1.134355
1616941165028911477,1616941165030435689,1.192289
1616941165039070041,1616941165040530324,1.155747
1616941165049118144,1616941165050711575,1.250179
1616941165059221104,1616941165060703256,1.094895
1616941165069330687,1616941165070769683,1.067477
1616941165079562412,1616941165081081184,1.189418
1616941165089752739,1616941165091212076,1.105067
1616941165099789370,1616941165101147989,0.994737
1616941165110011976,1616941165111528450,1.127044
1616941165120157881,1616941165121572167,1.034028
1616941165130204954,1616941165131633152,1.053648
1616941165140435845,1616941165141857897,1.089484
1616941165150564243,1616941165151916953,0.953406
1616941165160681982,1616941165162085111,1.020093
1616941165170846704,1616941165172338802,1.130854
1616941165181064315,1616941165182542218,1.11305
1616941165191278207,1616941165192668044,0.996038
1616941165201498593,1616941165202950697,1.126059
1616941165211735413,1616941165213199915,1.144615
1616941165221903000,1616941165223254702,1.016067
1616941165232126187,1616941165233478417,1.062672
1616941165242294908,1616941165243748248,1.129486
1616941165252515458,1616941165253873068,1.080831
1616941165262686582,1616941165264130382,1.149903
1616941165272923189,1616941165274368467,1.095176
1616941165283144313,1616941165284583291,1.147831
1616941165293382969,1616941165294808331,1.092736
1616941165303603033,1616941165304981836,1.041085
1616941165313817910,1616941165315181759,1.019322
1616941165324001689,1616941165325706042,1.41576
1616941165334126536,1616941165335515884,0.996705
1616941165344346384,1616941165345797883,1.00621
1616941165354520620,1616941165355897623,1.025535
1616941165364643740,1616941165366082193,1.02805
1616941165374812096,1616941165376249562,1.072033
1616941165384911919,1616941165386228255,0.949875
1616941165395035538,1616941165396457893,1.045754
1616941165405149467,1616941165406623903,1.084275
1616941165415267205,1616941165416671602,1.013568
1616941165425379168,1616941165426786984,0.990702
1616941165435541640,1616941165436994219,1.094842
1616941165445706518,1616941165447199442,1.104032
1616941165455933655,1616941165457382579,1.145573
1616941165466143578,1616941165467577981,1.054096
1616941165476364648,1616941165477868956,1.154523
1616941165486543339,1616941165487976392,1.051918
1616941165496709436,1616941165498192071,1.111847
1616941165506888091,1616941165508298361,1.05096
1616941165517110521,1616941165518631999,1.14763
1616941165527337168,1616941165528779869,1.099508
1616941165537563778,1616941165539053551,1.093986
1616941165547784878,1616941165549183963,1.041966
1616941165558002922,1616941165559517025,1.145716
1616941165568232627,1616941165569622271,1.082132
1616941165578407353,1616941165579843713,1.117391
1616941165588641302,1616941165590133158,1.173116
1616941165598810991,1616941165600283018,1.096675
1616941165609031268,1616941165610598680,1.215683
1616941165619251259,1616941165620761684,1.202923
1616941165629498132,1616941165630933301,1.096236
1616941165639731295,1616941165641232713,1.173277
1616941165649954951,1616941165651512054,1.401647
1616941165660173277,1616941165661636370,1.089648
1616941165670399100,1616941165671828705,1.06791
1616941165680628601,1616941165682085707,1.095857
1616941165690802120,1616941165692320984,1.164509
1616941165701033621,1616941165702601067,1.28926
1616941165711255000,1616941165712797882,1.184817
1616941165721432741,1616941165722969735,1.240928
1616941165731594491,1616941165733947412,2.044493
1616941165741826060,1616941165743224762,1.077573
1616941165752064805,1616941165753686130,1.30404
1616941165762231494,1616941165763839456,1.293684
1616941165772464853,1616941165774041995,1.267929
1616941165782637559,1616941165784168178,1.198505
1616941165792862113,1616941165794399916,1.239329
1616941165803034281,1616941165804621871,1.270644
1616941165813275083,1616941165814834689,1.250084
1616941165823509673,1616941165825112208,1.295681
1616941165833730691,1616941165835203461,1.153011
1616941165843953805,1616941165845442292,1.16665
1616941165854151135,1616941165855585668,1.145381
1616941165864384671,1616941165865937387,1.226129
1616941165874558265,1616941165876141386,1.269263
1616941165884779819,1616941165886304290,1.198704
1616941165895004304,1616941165896598371,1.283499
1616941165905235450,1616941165906825960,1.282643
1616941165915459104,1616941165917132579,1.366754
1616941165925639260,1616941165927223756,1.296897
1616941165935870904,1616941165937483766,1.257349
1616941165946099537,1616941165947621563,1.137314
1616941165956323474,1616941165957878395,1.178125
1616941165966496331,1616941165967969904,1.079962
1616941165976724001,1616941165978221706,1.1194
1616941165986901245,1616941165988434143,1.161596
1616941165997119200,1616941165998794507,1.376565
1616941166007295445,1616941166008845280,1.256686
1616941166017466184,1616941166019066949,1.326164
1616941166027673895,1616941166029220082,1.229079
1616941166037897618,1616941166039433996,1.242818
1616941166048120330,1616941166049663148,1.224761
1616941166058291174,1616941166059788042,1.191284
1616941166068513182,1616941166070000581,1.182519
1616941166078746902,1616941166080224764,1.161444
1616941166088988847,1616941166090520093,1.228296
1616941166099214260,1616941166100682621,1.166143
1616941166109429087,1616941166110891513,1.157298
1616941166119651307,1616941166121060067,1.081924
1616941166129872261,1616941166131290579,1.111895
1616941166140096840,1616941166142004893,1.817979
1616941166150152232,1616941166151471054,0.976512
1616941166160377482,1616941166161754212,0.986413
1616941166170547686,1616941166171862199,0.975057
1616941166180776902,1616941166182134745,1.040794
1616941166190937885,1616941166192368866,1.136329
1616941166201159608,1616941166202661227,1.208222
1616941166211388389,1616941166212723813,0.939001
1616941166221608790,1616941166223044729,1.138913
1616941166231836079,1616941166233304628,1.168978
1616941166242090830,1616941166243592129,1.185711
1616941166252272958,1616941166253781122,1.201126
1616941166262443659,1616941166264040510,1.289045
1616941166272663772,1616941166274127550,1.142283
1616941166282834537,1616941166284347347,1.208792
1616941166293069072,1616941166294619802,1.233604
1616941166303235326,1616941166304738072,1.197273
1616941166313479865,1616941166314983449,1.18049
1616941166323737492,1616941166325255149,1.209403
1616941166333956660,1616941166335431503,1.156171
1616941166344185771,1616941166345553386,1.039564
1616941166354357036,1616941166355811891,1.128376
1616941166364591746,1616941166366117254,1.214935
1616941166374763104,1616941166376198919,1.130714
1616941166384986945,1616941166386556495,1.271354
1616941166395205935,1616941166396701870,1.181464
1616941166405429762,1616941166406826077,1.075408
1616941166415660308,1616941166417071329,1.101671
1616941166425881068,1616941166427358447,1.152762
1616941166436126143,1616941166437543908,1.087399
1616941166446296962,1616941166447759752,1.143882
1616941166456519848,1616941166457973713,1.139884
1616941166466693427,1616941166468073903,1.076542
1616941166476925792,1616941166478345765,1.07971
1616941166487097535,1616941166488572831,1.166745
1616941166497274008,1616941166498692442,1.08915
1616941166507448008,1616941166509533244,1.792915
1616941166517603981,1616941166519043845,1.105761
1616941166527825869,1616941166529223410,1.056718
1616941166537989147,1616941166539398305,1.025727
1616941166548089683,1616941166549494800,1.017968
1616941166558222545,1616941166559785697,1.173479
1616941166568322158,1616941166569726309,1.019574
1616941166578428472,1616941166579880725,1.068884
1616941166588532629,1616941166589969223,1.062815
1616941166598710885,1616941166600220307,1.138548
1616941166608733189,1616941166610171658,1.111166
1616941166618833747,1616941166620240332,1.087264
1616941166628909958,1616941166630354180,1.069693
1616941166639021835,1616941166640497057,1.165458
1616941166649179688,1616941166650611650,1.091001
1616941166659290755,1616941166660808274,1.142349
1616941166669508685,1616941166670862883,0.947878
1616941166679670363,1616941166681005723,0.97307
1616941166689775324,1616941166691228234,1.061935
1616941166700010837,1616941166701415491,1.033548
1616941166710096024,1616941166711522525,1.106436
1616941166720317164,1616941166721783858,1.144386
1616941166730476025,1616941166731893389,1.097326
1616941166740605748,1616941166742300592,1.673847
1616941166750659568,1616941166752089318,1.100757
1616941166760882579,1616941166762395119,1.239445
1616941166771066375,1616941166772521151,1.131299
1616941166781167727,1616941166782663385,1.161051
1616941166791401251,1616941166792897456,1.124587
1616941166801552307,1616941166803053745,1.072568
1616941166811653149,1616941166813074692,1.057429
1616941166821752660,1616941166823194075,1.048081
1616941166831853981,1616941166833365874,1.132157
1616941166842010638,1616941166843534222,1.16466
1616941166852115071,1616941166853582600,1.123988
1616941166862225853,1616941166863687456,1.074801
1616941166872424876,1616941166873999850,1.213001
1616941166882476320,1616941166883951991,1.135697
1616941166892673129,1616941166894174714,1.178537
1616941166902844091,1616941166904285119,1.12659
1616941166913064179,1616941166914566981,1.137719
1616941166923116549,1616941166924658271,1.239941
1616941166933314711,1616941166934841899,1.149993
1616941166943426111,1616941166945342650,1.648281
1616941166953650248,1616941166955105802,1.125822
1616941166963754018,1616941166965208331,1.073992
1616941166973849531,1616941166975387204,1.151842
1616941166984007641,1616941166985458962,1.091827
1616941166994108531,1616941166995629946,1.147271
1616941167004329542,1616941167005768679,1.109991
1616941167014500526,1616941167015908176,1.112937
1616941167024678291,1616941167026134497,1.123112
1616941167034838923,1616941167036338863,1.18549
1616941167045059756,1616941167046562963,1.176969
1616941167055278817,1616941167056792123,1.213703
1616941167065499305,1616941167067012478,1.184
1616941167075720741,1616941167077220709,1.197415
1616941167085895122,1616941167087488049,1.24977
1616941167096074394,1616941167097665375,1.232521
1616941167106247296,1616941167107850336,1.228196
1616941167116471545,1616941167117996401,1.156209
1616941167126695759,1616941167128259167,1.201413
1616941167136868897,1616941167138552961,1.345133
1616941167147042869,1616941167148680980,1.333272
1616941167157212125,1616941167158726121,1.164676
1616941167167377636,1616941167168798799,1.046181
1616941167177601658,1616941167179086271,1.20007
1616941167187773743,1616941167189241608,1.098317
1616941167197944336,1616941167199405810,1.149006
1616941167208113998,1616941167209633208,1.163457
1616941167218290348,1616941167219821750,1.164495
1616941167228462928,1616941167230003526,1.166573
1616941167238631848,1616941167240149718,1.15684
1616941167248807512,1616941167250245870,1.066609
1616941167258923262,1616941167260466872,1.253864
1616941167269090758,1616941167270566159,1.108544
1616941167279258331,1616941167280788234,1.169261
1616941167289498347,1616941167290997235,1.134808
1616941167299664127,1616941167301146938,1.116948
1616941167309839318,1616941167311445169,1.236276
1616941167320011522,1616941167321546593,1.171519
1616941167330178705,1616941167331723742,1.168019
1616941167340345885,1616941167341909194,1.198693
1616941167350518043,1616941167351938854,1.032434
1616941167360688542,1616941167362215794,1.153601
1616941167370850040,1616941167372342265,1.08531
1616941167381071607,1616941167382656984,1.219145
1616941167391242196,1616941167392806083,1.19891
1616941167401413063,1616941167402888796,1.102446
1616941167411580479,1616941167413020227,1.058321
1616941167421768466,1616941167423357460,1.258882
1616941167432005396,1616941167433484577,1.164142
1616941167442229135,1616941167443718431,1.171736
1616941167452447352,1616941167453967468,1.154485
1616941167462569031,1616941167464080426,1.16037
1616941167472787582,1616941167474293402,1.154395
1616941167482895795,1616941167484391220,1.100701
1616941167493134504,1616941167494781337,1.274189
1616941167503360678,1616941167504923017,1.219535
1616941167513528648,1616941167515016766,1.09408
1616941167523747741,1616941167525240198,1.130321
1616941167533981281,1616941167535518511,1.168931
1616941167544205582,1616941167545788751,1.246529
1616941167554328198,1616941167555806374,1.087619
1616941167564570587,1616941167569370516,4.469318
1616941167574693043,1616941167576172378,1.067396
1616941167584918475,1616941167586413099,1.203086
1616941167595139874,1616941167596734644,1.236416
1616941167605375648,1616941167606982146,1.241125
1616941167615619341,1616941167617207049,1.215205
1616941167625857677,1616941167627514637,1.305612
1616941167636030127,1616941167637675660,1.24945
1616941167646185363,1616941167647796937,1.266959
1616941167656409613,1616941167657984747,1.220183
1616941167666588649,1616941167668163395,1.216308
1616941167676815077,1616941167678240614,1.028993
1616941167687042735,1616941167688617911,1.227273
1616941167697222011,1616941167698739741,1.138924
1616941167707440471,1616941167708921575,1.107121
1616941167717689397,1616941167719241569,1.195474
1616941167727913397,1616941167729382486,1.109295
1616941167738139597,1616941167740282684,1.96322
1616941167748358032,1616941167749829069,1.111013
1616941167758531872,1616941167759996073,1.084128
1616941167768709136,1616941167770139555,1.031106
1616941167778944460,1616941167780485574,1.201525
1616941167789113121,1616941167790617518,1.132985
1616941167799333351,1616941167800748337,1.059345
1616941167809558017,1616941167810923520,0.975811
1616941167819779447,1616941167821269414,1.156364
1616941167829957338,1616941167831442904,1.091733
1616941167840187502,1616941167841661582,1.11012
1616941167850314744,1616941167851739980,1.029885
1616941167860551220,1616941167862024168,1.112955
1616941167870725569,1616941167872089477,0.986301
1616941167880945377,1616941167882440925,1.192619
1616941167891173535,1616941167892684962,1.170995
1616941167901396029,1616941167902784941,0.98935
1616941167911569941,1616941167912962673,0.995182
1616941167921690521,1616941167923097338,1.009517
1616941167931864410,1616941167933208616,0.9543
1616941167941970601,1616941167943341866,1.033258
1616941167952190681,1616941167953567566,1.043054
1616941167962273056,1616941167963701421,1.047832
1616941167972495942,1616941167973877345,0.985104
1616941167982619509,1616941167984044225,1.11116
1616941167992843392,1616941167994366139,1.26186
1616941168003007159,1616941168004466924,1.10372
1616941168013225082,1616941168014676857,1.163501
1616941168023447408,1616941168024874835,1.131261
1616941168033665241,1616941168035121764,1.145838
1616941168043885902,1616941168045241656,1.03527
1616941168054129907,1616941168055441612,0.962228
1616941168064350036,1616941168065711973,1.080266
1616941168074523775,1616941168075842881,0.977265
1616941168084748171,1616941168086213806,1.094623
1616941168094910853,1616941168096291713,1.06659
1616941168105138519,1616941168106691151,1.244723
1616941168115384594,1616941168116832821,1.129597
1616941168125617348,1616941168127016410,1.079197
1616941168135840530,1616941168137171017,1.055667
1616941168145962950,1616941168147409360,1.115332
1616941168156123951,1616941168157480968,0.925914
1616941168166203221,1616941168167714613,1.146484
1616941168176422948,1616941168177814642,1.002578
1616941168186593130,1616941168188035372,1.080252
1616941168196846005,1616941168198270524,1.04157
1616941168207018987,1616941168208532562,1.148874
1616941168217189523,1616941168218727927,1.183235
1616941168227407898,1616941168228796451,1.02111
1616941168237625728,1616941168239667385,1.692748
1616941168247793158,1616941168249170542,1.097953
1616941168257969482,1616941168259398053,1.128788
1616941168268078748,1616941168269559722,1.121767
1616941168278186019,1616941168279737503,1.172179
1616941168288359041,1616941168289847964,1.191562
1616941168298457640,1616941168300012212,1.2415
1616941168308613285,1616941168310049204,1.088698
1616941168318775649,1616941168320230917,1.08092
1616941168328856322,1616941168330457788,1.311995
1616941168339081907,1616941168340575619,1.126151
1616941168349185801,1616941168350670403,1.121756
1616941168359405588,1616941168360856261,1.086814
1616941168369510412,1616941168370935354,1.054293
1616941168379729072,1616941168381154239,1.089265
1616941168389950816,1616941168391399927,1.042135
1616941168400175611,1616941168401708615,1.168522
1616941168410280672,1616941168411740324,1.145947
1616941168420430045,1616941168421914653,1.119255
1616941168430526324,1616941168432026753,1.141792
1616941168440681556,1616941168442183105,1.139063
1616941168450830523,1616941168452275949,1.136129
1616941168461051720,1616941168462453042,1.074533
1616941168471149427,1616941168472496873,1.00927
1616941168481178319,1616941168482705962,1.147008
1616941168491275071,1616941168492711231,1.136977
1616941168501321165,1616941168502717904,1.023773
1616941168511433399,1616941168512868294,1.051787
1616941168521552769,1616941168523024657,1.096865
1616941168531651700,1616941168533256381,1.654271
1616941168541806277,1616941168543230687,1.038797
1616941168551900083,1616941168553295668,1.010451
1616941168562071633,1616941168563428346,1.000151
1616941168572228086,1616941168573617969,0.989102
1616941168582387017,1616941168583788291,1.01846
1616941168592605442,1616941168594020084,1.077281
1616941168602775075,1616941168604181636,1.088896
1616941168613013920,1616941168614431132,1.134078
1616941168623231409,1616941168624692003,1.179399
1616941168633458610,1616941168634784080,1.040611
1616941168643694208,1616941168645022792,1.038101
1616941168653914432,1616941168655283401,1.049255
1616941168664143641,1616941168665448131,1.035312
1616941168674313006,1616941168675712219,1.093751
1616941168684542660,1616941168685899943,1.073872
1616941168694712058,1616941168696053555,1.031537
1616941168704950108,1616941168706350436,1.122448
1616941168715187537,1616941168716567320,1.040211
1616941168725406984,1616941168726841842,1.038396
1616941168735624702,1616941168737018026,1.072416
1616941168745854651,1616941168747303752,1.137748
1616941168756104384,1616941168757460873,1.036122
1616941168766276854,1616941168767636370,0.997979
1616941168776504721,1616941168777912051,1.12071
1616941168786685641,1616941168788113641,1.139615
1616941168796906819,1616941168798344711,1.12308
1616941168807080683,1616941168808573021,1.136182
1616941168817255564,1616941168818596171,1.062822
1616941168827423767,1616941168828759088,1.012165
1616941168837652659,1616941168839082204,1.115641
1616941168847870053,1616941168849274371,1.09378
1616941168858090400,1616941168859482055,1.080689
1616941168868340818,1616941168869761498,1.090005
1616941168878507838,1616941168879905751,1.074894
1616941168888739457,1616941168890179977,1.130689
1616941168898959449,1616941168900404973,1.12372
1616941168909167350,1616941168910578403,1.083797
1616941168919405991,1616941168920820755,1.090067
1616941168929642587,1616941168931069907,1.132245
1616941168939863086,1616941168941264356,1.049106
1616941168950086592,1616941168951495720,1.047515
1616941168960258626,1616941168961702988,1.12822
1616941168970433958,1616941168971834087,1.092406
1616941168980668818,1616941168982107637,1.133804
1616941168990836872,1616941168992223313,1.065358
1616941169001000509,1616941169002419904,1.111825
1616941169011223324,1616941169012661874,1.119835
1616941169021407878,1616941169022859608,1.092552
1616941169031633467,1616941169033023936,1.056268
1616941169041852670,1616941169043290662,1.138089
1616941169052090553,1616941169053491137,1.106563
1616941169062259783,1616941169063727338,1.152711
1616941169072506098,1616941169073915370,1.122529
1616941169082683618,1616941169084142259,1.138149
1616941169092912733,1616941169094382130,1.172114
1616941169103132404,1616941169104605523,1.118791
1616941169113365402,1616941169114816829,1.074533
1616941169123579323,1616941169124993496,1.090554
1616941169133819852,1616941169135261096,1.121943
1616941169144040951,1616941169145428560,1.063085
1616941169154227424,1616941169155642882,1.105108
1616941169164449942,1616941169165929552,1.15397
1616941169174620144,1616941169176102034,1.137743
1616941169184849173,1616941169186288775,1.124259
1616941169195069059,1616941169196458655,1.070445
1616941169205290480,1616941169206718031,1.118724
1616941169215509417,1616941169216926188,1.107441
1616941169225744817,1616941169227180310,1.129607
1616941169235974825,1616941169237412526,1.08133
1616941169246205494,1616941169247649016,1.132375
1616941169256432475,1616941169257986403,1.182483
1616941169266603287,1616941169268053340,1.136668
1616941169276823090,1616941169278323556,1.177166
1616941169286945513,1616941169288369556,1.063788
1616941169297115956,1616941169298595331,1.163056
1616941169307293417,1616941169308756764,1.151676
1616941169317469806,1616941169318886367,1.093235
1616941169327686919,1616941169329100643,1.124866
1616941169337900327,1616941169339284090,1.053225
1616941169348117155,1616941169350049987,1.801912
1616941169358188259,1616941169359688413,1.210336
1616941169368408152,1616941169369962016,1.25436
1616941169378578927,1616941169380088008,1.130742
1616941169388800235,1616941169390301970,1.172068
1616941169398915224,1616941169400384824,1.162929
1616941169409146843,1616941169410654171,1.232347
1616941169419363747,1616941169420878293,1.200915
1616941169429603387,1616941169431049030,1.142915
1616941169439850824,1616941169441285330,1.105368
1616941169450033898,1616941169451611579,1.260516
1616941169460275670,1616941169461754205,1.144693
1616941169470500084,1616941169471945973,1.139944
1616941169480741075,1616941169482144197,1.076784
1616941169490910620,1616941169492309899,1.086366
1616941169501131367,1616941169502589776,1.122829
1616941169511371387,1616941169512770559,1.083797
1616941169521592832,1616941169522987316,1.088699
1616941169531811320,1616941169533297874,1.186215
1616941169542073089,1616941169543542561,1.146387
1616941169552295561,1616941169553755260,1.151465
1616941169562466807,1616941169563949363,1.158675
1616941169572688785,1616941169574151782,1.15827
1616941169582858401,1616941169584359806,1.195265
1616941169593080627,1616941169594571285,1.128667
1616941169603339552,1616941169604828828,1.195598
1616941169613559145,1616941169615035759,1.15681
1616941169623778632,1616941169625294073,1.184479
1616941169633949485,1616941169635454267,1.181259
1616941169644170715,1616941169645827131,1.343317
1616941169654290509,1616941169655763125,1.114131
1616941169664458167,1616941169665914231,1.153912
1616941169674635251,1616941169676190666,1.242521
1616941169684864473,1616941169686262933,1.019167
1616941169695095503,1616941169696507136,1.086125
1616941169705315647,1616941169706674578,1.043089
1616941169715540221,1616941169716929148,1.001729
1616941169725759375,1616941169727168541,1.007543
1616941169735984106,1616941169737455772,1.098331
1616941169746224567,1616941169747726413,1.143717
1616941169756443798,1616941169757902634,1.081703
1616941169766614945,1616941169768074560,1.097415
1616941169776850491,1616941169778319866,1.149952
1616941169787030198,1616941169788598747,1.262501
1616941169797203847,1616941169798764737,1.242421
1616941169807382056,1616941169808889547,1.150836
1616941169817544049,1616941169818980075,1.055131
1616941169827772039,1616941169829238552,1.155193
1616941169837992211,1616941169839513266,1.197624
1616941169848210181,1616941169849744429,1.251148
1616941169858380645,1616941169859828047,1.073062
1616941169868611462,1616941169870112859,1.216488
1616941169878796301,1616941169880336155,1.213707
1616941169889017499,1616941169890407310,1.013911
1616941169899273414,1616941169900674956,1.060621
1616941169909493140,1616941169910877015,1.103257
1616941169919655600,1616941169921074216,1.072012
1616941169929883954,1616941169931351297,1.154983
1616941169940134000,1616941169941686120,1.249163
1616941169950265646,1616941169951744089,1.157274
1616941169960441121,1616941169961805922,0.987145
1616941169970567014,1616941169972063256,1.119874
1616941169980686303,1616941169982059796,0.975614
1616941169990852679,1616941169992268896,1.106573
1616941170001078431,1616941170002547580,1.122992
1616941170011296285,1616941170012687826,1.073282
1616941170021533623,1616941170022924612,0.98765
1616941170031765763,1616941170033627958,1.551686
1616941170041929522,1616941170043986862,1.745348
1616941170052089026,1616941170053430735,0.985245
1616941170062191107,1616941170063603186,1.110891
1616941170072370275,1616941170073816564,1.133543
1616941170082539185,1616941170084028573,1.163448
1616941170092761136,1616941170094260865,1.191694
1616941170102936065,1616941170104432867,1.136617
1616941170113156696,1616941170114632623,1.133725
1616941170123225726,1616941170124613019,1.080225
1616941170133461378,1616941170135208995,1.486729
1616941170143563689,1616941170145026149,1.132899
1616941170153684804,1616941170155048179,0.980746
1616941170163779885,1616941170165211354,1.061136
1616941170173995202,1616941170182639500,8.343116
1616941170184152805,1616941170186562123,2.122136
1616941170194264345,1616941170195586613,0.931403
1616941170204361782,1616941170205692652,1.001931
1616941170214382250,1616941170215681672,1.021334
1616941170224594139,1616941170225947625,0.980125
1616941170234704230,1616941170236070337,1.042054
1616941170244825753,1616941170246227344,1.040411
1616941170254983802,1616941170256385287,1.007555
1616941170265086309,1616941170266508695,1.055657
1616941170275303554,1616941170276668513,1.00245
1616941170285406806,1616941170286776228,0.98049
1616941170295634624,1616941170297033929,1.065612
1616941170305837352,1616941170307295133,1.027416
1616941170316056387,1616941170317411335,0.981792
1616941170326183566,1616941170327595153,1.027643
1616941170336397582,1616941170337782322,0.990255
1616941170346523859,1616941170347903102,1.012936
1616941170356749376,1616941170358162885,1.033303
1616941170366856820,1616941170368305239,1.106882
1616941170377037625,1616941170378397796,0.969511
1616941170387146753,1616941170388506238,0.978469
1616941170397357270,1616941170398850291,1.121443
1616941170407572048,1616941170408933602,0.978456
1616941170417733730,1616941170419125965,1.00165
1616941170427854850,1616941170429316034,1.117425
1616941170438033605,1616941170439448055,1.028342
1616941170448150203,1616941170449550236,1.012225
1616941170458274614,1616941170459744044,1.097986
1616941170468494790,1616941170469926741,1.103764
1616941170478674917,1616941170480104481,1.110139
1616941170488885399,1616941170490335459,1.135606
1616941170499109574,1616941170500563260,1.13045
1616941170509326903,1616941170510792403,1.13411
1616941170519539208,1616941170520948203,1.095491
1616941170529760638,1616941170531302307,1.18821
1616941170539987712,1616941170541415249,1.107778
1616941170550146888,1616941170551625474,1.158842
1616941170560366594,1616941170561885840,1.218748
1616941170570488910,1616941170571964179,1.158981
1616941170580716190,1616941170582271207,1.256403
1616941170590866388,1616941170592335978,1.188979
1616941170601088080,1616941170602667661,1.178565
1616941170611310797,1616941170612823070,1.209883
1616941170621535956,1616941170622958377,1.061664
1616941170631751026,1616941170633111635,1.03853
1616941170641985352,1616941170643439043,1.124981
1616941170652209967,1616941170653721201,1.207287
1616941170662331523,1616941170663757053,1.052973
1616941170672501958,1616941170673966598,1.133958
1616941170682666167,1616941170684184647,1.216437
1616941170692883967,1616941170694411067,1.240289
1616941170703103098,1616941170704583527,1.168429
1616941170713265237,1616941170714730705,1.148982
1616941170723435235,1616941170724833001,1.078355
1616941170733596228,1616941170735001525,1.10209
1616941170743768670,1616941170745120930,1.027341
1616941170753991536,1616941170755435584,1.130038
1616941170764228563,1616941170765622047,1.083114
1616941170774353805,1616941170775808066,1.14134
1616941170784566300,1616941170785948097,1.07498
1616941170794687590,1616941170796074344,1.07139
1616941170804906659,1616941170806323424,1.119703
1616941170815125837,1616941170816613125,1.176793
1616941170825343118,1616941170826737179,1.084582
1616941170835567877,1616941170836955483,1.065455
1616941170845784115,1616941170847137098,1.034885
1616941170856016047,1616941170857434869,1.066615
1616941170866120262,1616941170867468940,1.029372
1616941170876238808,1616941170877605370,1.110436
1616941170886484565,1616941170887877825,1.078611
1616941170896642065,1616941170898060898,1.096707
1616941170906811730,1616941170908157246,1.013614
1616941170917050488,1616941170918461308,1.060124
1616941170927273687,1616941170928657294,1.046808
1616941170937497753,1616941170939117013,1.462289
1616941170947653965,1616941170948927386,0.885495
1616941170957800570,1616941170959104284,0.931914
1616941170967970846,1616941170969322216,0.9654
1616941170978147466,1616941170979520190,1.047089
1616941170988372768,1616941170989757877,0.988096
1616941170998541668,1616941170999924830,1.052342
1616941171008763768,1616941171010145145,1.093114
1616941171018946112,1616941171020342742,1.071418
1616941171029170414,1616941171030555998,1.005713
1616941171039395233,1616941171040787925,1.001183
1616941171049624254,1616941171051014429,1.008217
1616941171059867324,1616941171061309605,1.082234
1616941171070087001,1616941171071466449,1.001644
1616941171080315810,1616941171081608154,0.954358
1616941171090429627,1616941171091800846,1.032146
1616941171100646928,1616941171101994116,1.022591
1616941171110807921,1616941171112122133,0.914999
1616941171121028902,1616941171122396794,1.036548
1616941171131244961,1616941171132666056,1.039848
1616941171141476580,1616941171142838800,0.999078
1616941171151653394,1616941171153020387,1.040548
1616941171161873611,1616941171163242349,1.019376
1616941171172125175,1616941171173499433,1.047229
1616941171182294388,1616941171183724937,1.128896
1616941171192469606,1616941171193907301,1.067949
1616941171202589951,1616941171203948944,1.039605
1616941171212706793,1616941171214141058,1.122694
1616941171222835932,1616941171224302564,1.101563
1616941171233002913,1616941171234409938,1.012035
1616941171243232694,1616941171244711222,1.115112
1616941171253454468,1616941171254960059,1.124795
1616941171263670176,1616941171265071532,1.105468
1616941171273888074,1616941171275359446,1.160429
1616941171284059415,1616941171285475366,1.044509
1616941171294184897,1616941171295728034,1.181056
1616941171304410181,1616941171305829298,1.052368
1616941171314534190,1616941171315933758,0.994418
1616941171324752363,1616941171326210531,1.081311
1616941171334877722,1616941171336336556,1.040929
1616941171345099440,1616941171346520364,1.055556
1616941171355204293,1616941171356626911,1.035759
1616941171365429403,1616941171366858736,1.0615
1616941171375646826,1616941171377101836,1.074538
1616941171385862814,1616941171387323669,1.10365
1616941171396081416,1616941171397587459,1.140741
1616941171406226249,1616941171407634564,1.042861
1616941171416457712,1616941171418122824,1.294694
1616941171426586438,1616941171428123047,1.166663
1616941171436798534,1616941171438292595,1.115425
1616941171447017496,1616941171448496027,1.152097
1616941171457174363,1616941171458794976,1.242125
1616941171467334802,1616941171468723361,1.066702
1616941171477491820,1616941171479045651,1.367419
1616941171487650339,1616941171489032330,1.00095
1616941171497763282,1616941171499239493,1.163172
1616941171508058938,1616941171509611704,1.245214
1616941171518178565,1616941171519815556,1.262895
1616941171528396796,1616941171529849078,1.166974
1616941171538519841,1616941171540012336,1.209529
1616941171548739638,1616941171550176887,1.140764
1616941171558922606,1616941171560282756,1.107248
1616941171569139064,1616941171570537112,1.07954
1616941171579363095,1616941171580747699,1.086024
1616941171589531356,1616941171590945885,1.089777
1616941171599703759,1616941171601157801,1.159808
1616941171609881557,1616941171611338335,1.14087
1616941171620041557,1616941171621479240,1.073461
1616941171630234589,1616941171631681442,1.139507
1616941171640473695,1616941171641937496,1.182531
1616941171650648927,1616941171652090726,1.157556
1616941171660825622,1616941171662387532,1.266925
1616941171670980502,1616941171672507177,1.147003
1616941171681135908,1616941171682654302,1.231618
1616941171691356445,1616941171692751308,1.119276
1616941171701596565,1616941171703129643,1.21596
1616941171711714407,1616941171713093228,1.000179
1616941171721840589,1616941171723374384,1.22155
1616941171732063720,1616941171733974214,1.803316
1616941171742131971,1616941171743563825,1.115834
1616941171752359172,1616941171753814442,1.773903
1616941171762504062,1616941171763943192,1.080109
1616941171772594365,1616941171774065861,1.188487
1616941171782753771,1616941171784288301,1.187917
1616941171792816216,1616941171794288244,1.164252
1616941171802966968,1616941171804485887,1.207496
1616941171813120009,1616941171814652839,1.208577
1616941171823341332,1616941171824874556,1.15893
1616941171833511001,1616941171835036111,1.162761
1616941171843728695,1616941171845138179,1.041698
1616941171853843175,1616941171855289312,1.062689
1616941171864060183,1616941171865587328,1.176568
1616941171874161196,1616941171875586908,1.044559
1616941171884381626,1616941171885791464,1.008726
1616941171894488114,1616941171895976104,1.140253
1616941171904563552,1616941171906085562,1.228719
1616941171914622087,1616941171916230067,1.303565
1616941171924839019,1616941171926289948,1.100645
1616941171934946192,1616941171936430018,1.111247
1616941171945057264,1616941171946642670,1.187011
1616941171955182026,1616941171956677230,1.118528
1616941171965300291,1616941171966777239,1.08432
1616941171975344134,1616941171976884572,1.124246
1616941171985439338,1616941171986941841,1.105773
1616941171995593210,1616941171997088310,1.120497
1616941172005690893,1616941172007195926,1.106492
1616941172015728776,1616941172017285023,1.207302
1616941172025826258,1616941172027293118,1.066113
1616941172035926012,1616941172037420986,1.093785
1616941172046025100,1616941172047545808,1.14619
1616941172056118952,1616941172057738625,1.248139
1616941172066290393,1616941172067887090,1.234286
1616941172076503478,1616941172078080593,1.274883
1616941172086679478,1616941172088357656,1.360198
1616941172096857636,1616941172098519001,1.321729
1616941172106972752,1616941172108591064,1.299256
1616941172117146312,1616941172118745567,1.220047
1616941172127266556,1616941172128816510,1.158038
1616941172137440141,1616941172138976260,1.143304
1616941172147665014,1616941172149167096,1.19848
1616941172157831382,1616941172159340061,1.201124
1616941172167985974,1616941172169460564,1.168692
1616941172178220237,1616941172179716847,1.131635
1616941172188352788,1616941172189885943,1.254409
1616941172198513620,1616941172200935813,2.125786
1616941172208676794,1616941172210229689,1.24126
1616941172218840140,1616941172220391437,1.244383
1616941172228951704,1616941172230591433,1.32862
1616941172239173981,1616941172240731963,1.259422
1616941172249329552,1616941172250773978,1.074116
1616941172259583586,1616941172261032849,1.131959
1616941172269797924,1616941172271306473,1.24077
1616941172279970762,1616941172281578538,1.322838
1616941172290152424,1616941172291656959,1.188065
1616941172300329776,1616941172301853135,1.220439
1616941172310497934,1616941172311980640,1.17741
1616941172320666708,1616941172322132849,1.166168
1616941172330836081,1616941172332278515,1.134263
1616941172341053009,1616941172342517982,1.16822
1616941172351215826,1616941172352736937,1.207099
1616941172361380243,1616941172362829811,1.13161
1616941172371542904,1616941172373067117,1.222749
1616941172381663877,1616941172383141291,1.115475
1616941172391833727,1616941172393335299,1.117287
1616941172402079777,1616941172403671897,1.280357
1616941172412297303,1616941172413908161,1.283277
1616941172422466429,1616941172424001739,1.182886
1616941172432684942,1616941172434111898,1.105387
1616941172442853692,1616941172444371617,1.268752
1616941172453075673,1616941172454434087,1.050542
1616941172463294493,1616941172464641953,1.050332
1616941172473426078,1616941172474823374,1.067955
1616941172483646863,1616941172485060317,1.045202
1616941172493866554,1616941172495296748,1.03446
1616941172504085102,1616941172505505340,1.100063
1616941172514197859,1616941172515649607,1.13922
1616941172524448819,1616941172526300367,1.659219
1616941172534608332,1616941172535974840,1.050548
1616941172544826764,1616941172546277505,1.07704
1616941172555044350,1616941172556452546,1.083565
1616941172565214047,1616941172566647695,1.075466
1616941172575431468,1616941172576924427,1.348161
1616941172585645718,1616941172587047255,1.011118
1616941172595866311,1616941172597218771,0.959258
1616941172606039557,1616941172607471805,1.12666
1616941172616214294,1616941172617593360,1.082962
1616941172626430060,1616941172627813241,1.118562
1616941172636656150,1616941172637978061,1.047374
1616941172646829604,1616941172648217225,1.068808
1616941172657056682,1616941172658388632,1.050121
1616941172667273942,1616941172668662210,1.073479
1616941172677493737,1616941172678900464,1.100318
1616941172687735204,1616941172689071734,1.05191
1616941172697964105,1616941172699341505,1.075825
1616941172708140595,1616941172709531023,1.091711
1616941172718267600,1616941172719717087,1.142519
1616941172728398412,1616941172729844076,1.151192
1616941172738529521,1616941172739934884,1.112011
1616941172748755410,1616941172750122886,1.082102
1616941172758922201,1616941172760273255,1.049976
1616941172769088699,1616941172770590984,1.209929
1616941172779310166,1616941172780751637,1.136867
1616941172789481438,1616941172790921338,1.138697
1616941172799713193,1616941172801100235,1.073641
1616941172809941407,1616941172811368049,1.124862
1616941172820171249,1616941172821507727,1.034823
1616941172830340642,1616941172831698741,0.980774
1616941172840516659,1616941172841916429,1.100813
1616941172850684652,1616941172852081579,1.076378
1616941172860905602,1616941172862322953,1.038454
1616941172871124342,1616941172872625029,1.134908
1616941172881344402,1616941172882775693,1.064856
1616941172891572162,1616941172892969912,1.083658
1616941172901804738,1616941172903190483,1.06552
1616941172912026442,1616941172913546538,1.271948
1616941172922233013,1616941172923647956,1.105196
1616941172932526661,1616941172933934531,1.094511
1616941172942772373,1616941172944186327,1.112661
1616941172952947620,1616941172954521295,1.295645
1616941172963176533,1616941172964586404,1.119957
1616941172973348558,1616941172974813855,1.148803
1616941172983570608,1616941172984970061,1.076294
1616941172993751051,1616941172995144650,1.073708
1616941173003928593,1616941173005300040,1.064521
1616941173014147359,1616941173015515799,1.055559
1616941173024371001,1616941173025844590,1.093211
1616941173034540197,1616941173035947125,1.100135
1616941173044769098,1616941173046267621,1.180911
1616941173055006111,1616941173056404227,1.038498
1616941173065180075,1616941173066694832,1.132024
1616941173075342959,1616941173076778481,1.071766
1616941173085517533,1616941173086946394,1.112862
1616941173095738049,1616941173097196250,1.097227
1616941173105957715,1616941173107424933,1.087857
1616941173116178910,1616941173117573942,1.089368
1616941173126347685,1616941173127700916,1.072698
1616941173136570017,1616941173138064435,1.18587
1616941173146753262,1616941173148234338,1.1732
1616941173156942422,1616941173158430640,1.207588
1616941173167161772,1616941173168579664,1.105978
1616941173177381609,1616941173178789106,1.049182
1616941173187615115,1616941173189024444,1.108292
1616941173197833410,1616941173199317976,1.167219
1616941173208053138,1616941173209568342,1.236064
1616941173218221129,1616941173219723930,1.138707
1616941173228453989,1616941173229927782,1.111094
1616941173238623711,1616941173240031748,1.04578
1616941173248844205,1616941173250211900,1.099637
1616941173259078177,1616941173260371929,1.022171
1616941173269296540,1616941173270688328,1.012062
1616941173279513873,1616941173280824872,1.031145
1616941173289732393,1616941173291044716,1.008305
1616941173299949922,1616941173301353743,1.015898
1616941173310133007,1616941173311525340,1.013256
1616941173320375912,1616941173321982284,1.820383
1616941173330476464,1616941173331958144,1.181522
1616941173340707940,1616941173342196194,1.195278
1616941173350867939,1616941173352327634,1.15891
1616941173361042793,1616941173362370607,0.964374
1616941173371288037,1616941173372653246,1.037552
1616941173381518642,1616941173382985079,1.156496
1616941173391741781,1616941173393146551,1.089117
1616941173401963353,1616941173403404592,1.103548
1616941173412194184,1616941173413639398,1.165318
1616941173422364669,1616941173423768221,1.092731
1616941173432582538,1616941173433941966,1.034326
1616941173442753846,1616941173444191948,1.132401
1616941173452974519,1616941173454399442,1.140547
1616941173463147897,1616941173464619866,1.192022
1616941173473367564,1616941173474754794,1.121588
1616941173483540188,1616941173484882037,1.065503
1616941173493777824,1616941173495220410,1.129379
1616941173504006473,1616941173505404117,1.098181
1616941173514179737,1616941173515548355,1.041465
1616941173524348801,1616941173526165874,1.407104
1616941173534488410,1616941173535960840,1.106705
1616941173544567068,1616941173545974780,1.094592
1616941173554726691,1616941173556089842,1.023352
1616941173564885960,1616941173566298909,1.06331
1616941173574987604,1616941173576294378,1.090716
1616941173585201741,1616941173586567789,1.010057
1616941173595239035,1616941173596615663,1.009514
1616941173605402358,1616941173606866766,1.097114
1616941173615548711,1616941173616951887,1.077405
1616941173625613744,1616941173627008960,1.008818
1616941173635780499,1616941173637209348,1.064797
1616941173645951187,1616941173647418980,1.116013
1616941173656001145,1616941173657410219,1.100758
1616941173666107423,1616941173667540465,1.054014
1616941173676339723,1616941173677721825,1.068081
1616941173686441135,1616941173687863734,1.047139
1616941173696608443,1616941173698003734,1.029744
1616941173706758637,1616941173708214705,1.090386
1616941173716859449,1616941173718273907,1.065143
1616941173726943216,1616941173728376267,1.062552
1616941173736996138,1616941173738410029,1.019226
1616941173747220170,1616941173748732557,1.091953
1616941173757326721,1616941173758748402,1.058217
1616941173767430085,1616941173768887719,1.157082
1616941173777536741,1616941173778927548,1.041634
1616941173787693652,1616941173789256691,1.217674
1616941173797774090,1616941173799147660,1.057377
1616941173807839654,1616941173809323714,1.189484
1616941173818092219,1616941173819616161,1.196984
1616941173828248584,1616941173829810945,1.218844
1616941173838380976,1616941173839824484,1.102978
1616941173848608126,1616941173850086449,1.12513
1616941173858695303,1616941173860123687,1.050904
1616941173868798555,1616941173870304619,1.135128
1616941173879021574,1616941173880404960,0.997141
1616941173889281490,1616941173890716777,1.064393
1616941173899317057,1616941173900764760,1.10353
1616941173909466726,1616941173910951646,1.12962
1616941173919561394,1616941173921059365,1.200177
1616941173929732763,1616941173931252191,1.224937
1616941173939954420,1616941173941430631,1.171476
1616941173950154423,1616941173951552667,1.065471
1616941173960327131,1616941173961783120,1.07293
1616941173970498341,1616941173971944300,1.012728
1616941173980607642,1616941173982048329,1.139829
1616941173990740961,1616941173992186211,1.07072
1616941174000910214,1616941174002397962,1.206858
1616941174011133642,1616941174012642636,1.237825
1616941174021349603,1616941174022809952,1.096856
1616941174031513420,1616941174032932264,1.111068
1616941174041752933,1616941174043215766,1.153265
1616941174051970671,1616941174053386946,1.120902
1616941174062218266,1616941174063601078,1.06364
1616941174072451348,1616941174073909447,1.155963
1616941174082619883,1616941174084041779,1.10621
1616941174092804826,1616941174094189462,1.070651
1616941174103024509,1616941174104459688,1.118171
1616941174113248636,1616941174114747833,1.133907
1616941174123466925,1616941174124878961,1.104091
1616941174133693605,1616941174135103678,1.096869
1616941174143926752,1616941174145795252,1.943929
1616941174154132509,1616941174155539143,1.087433
1616941174164305575,1616941174165850360,1.240419
1616941174174437103,1616941174175920931,1.188542
1616941174184655351,1616941174185971454,0.975011
1616941174194823885,1616941174196230074,1.036762
1616941174205047366,1616941174206591588,1.227509
1616941174215283275,1616941174216699309,1.117111
1616941174225520212,1616941174226872234,1.097278
1616941174235738138,1616941174237097174,1.099831
1616941174245966559,1616941174247337610,1.065819
1616941174256138461,1616941174257647095,1.150013
1616941174266315561,1616941174267755481,1.06843
1616941174276552764,1616941174277960806,1.024221
1616941174286734941,1616941174288202116,1.130846
1616941174296960422,1616941174298311659,1.082848
1616941174307179227,1616941174308610631,1.053165
1616941174317396724,1616941174318827613,1.09309
1616941174327618937,1616941174329075297,1.140435
1616941174337837984,1616941174339273943,1.158675
1616941174348059774,1616941174349524511,1.113785
1616941174358225366,1616941174359666562,1.131523
1616941174368444928,1616941174369950274,1.160946
1616941174378613234,1616941174380128682,1.199383
1616941174388829608,1616941174390233778,1.096984
1616941174398961891,1616941174400362741,1.097309
1616941174409184352,1616941174410519102,0.985901
1616941174419397579,1616941174420739416,1.006701
1616941174429568299,1616941174430880265,0.961275
1616941174439790184,1616941174441197977,1.117408
1616941174450026604,1616941174451421325,1.072072
1616941174460199480,1616941174461688414,1.153484
1616941174470421011,1616941174471887056,1.193568
1616941174480665762,1616941174482016871,1.057519
1616941174490835095,1616941174492179436,1.029724
1616941174501054665,1616941174502498209,1.146345
1616941174511288527,1616941174512722160,1.04939
1616941174521467555,1616941174522897233,1.069833
1616941174531641787,1616941174533058151,1.100763
1616941174541859124,1616941174543273466,1.08079
1616941174552026619,1616941174553350319,1.004505
1616941174562252342,1616941174563676175,1.103263
1616941174572472056,1616941174573891683,1.117674
1616941174582597388,1616941174584092568,1.166198
1616941174592815313,1616941174594299684,1.179615
1616941174602939372,1616941174604321168,1.012192
1616941174613159369,1616941174614683823,1.219041
1616941174623330953,1616941174624740083,1.070444
1616941174633455040,1616941174634844020,1.023485
1616941174643633314,1616941174645040689,1.015417
1616941174653793192,1616941174655267445,1.12253
1616941174663964738,1616941174665348399,0.974547
1616941174674106133,1616941174675478983,0.986264
1616941174684197783,1616941174685568878,0.972008
1616941174694325823,1616941174695718395,1.090858
1616941174704449458,1616941174705850133,1.106848
1616941174714557931,1616941174715992443,1.122637
1616941174724732564,1616941174726220857,1.189544
1616941174734902735,1616941174736399054,1.192847
1616941174745077240,1616941174746567285,1.191827
1616941174755247222,1616941174756654977,1.022283
1616941174765418572,1616941174766844656,1.056152
1616941174775523858,1616941174776867758,0.982481
1616941174785737758,1616941174787128281,1.078165
1616941174795975888,1616941174797375099,1.080244
1616941174806177853,1616941174807616591,1.084441
1616941174816415231,1616941174817866196,1.232407
1616941174826530777,1616941174827966051,1.065775
1616941174836780247,1616941174838175662,1.084858
1616941174847003020,1616941174848454319,1.258505
1616941174857174170,1616941174858662088,1.108712
1616941174867303810,1616941174868777731,1.173157
1616941174877478175,1616941174878981278,1.153561
1616941174887639769,1616941174889127112,1.119145
1616941174897858165,1616941174899337861,1.172118
1616941174908079291,1616941174909604092,1.244838
1616941174918178847,1616941174919612665,1.090415
1616941174928400784,1616941174929888492,1.176012
1616941174938571356,1616941174940119152,1.714322
1616941174948757937,1616941174950243214,1.128848
1616941174958857157,1616941174960230347,0.965871
1616941174969082113,1616941174970508676,1.120134
1616941174979329276,1616941174980698899,1.067905
1616941174989566674,1616941174991017141,1.08515
1616941174999785896,1616941175001174873,1.084092
1616941175010004704,1616941175011398246,1.091434
1616941175020224603,1616941175021631480,1.096053
1616941175030396361,1616941175031801532,1.042141
1616941175040615551,1616941175041963227,1.025386
1616941175050784236,1616941175052167314,1.077066
1616941175061003945,1616941175062438547,1.145164
1616941175071223505,1616941175072666951,1.172538
1616941175081443613,1616941175082738810,0.981337
1616941175091663654,1616941175092978674,0.933928
1616941175101883017,1616941175103276624,1.064968
1616941175112051391,1616941175113446042,1.080154
1616941175122185982,1616941175123541339,1.059478
1616941175132404051,1616941175133852562,1.17424
1616941175142578427,1616941175143884458,0.921881
1616941175152798261,1616941175154143109,0.931932
1616941175163042769,1616941175164351161,0.926055
1616941175173267496,1616941175174611822,1.021989
1616941175183502246,1616941175184862180,1.029988
1616941175193722535,1616941175195092245,1.056413
1616941175203966076,1616941175205358511,1.071168
1616941175214144566,1616941175215498718,0.983892
1616941175224366290,1616941175225713480,0.956637
1616941175234589472,1616941175235984536,1.029573
1616941175244822744,1616941175246190249,1.051294
1616941175255076582,1616941175256516106,1.132012
1616941175265315708,1616941175266699745,1.06155
1616941175275542024,1616941175276927093,1.048229
1616941175285780935,1616941175287187476,1.055191
1616941175295909650,1616941175297267382,1.550231
1616941175306129288,1616941175307588729,1.134381
1616941175316348322,1616941175317746546,1.019532
1616941175326452493,1616941175327834799,1.014642
1616941175336701402,1616941175338074272,1.028609
1616941175346820869,1616941175348259383,1.075805
1616941175356991319,1616941175358446252,1.138523
1616941175367106654,1616941175368556629,1.078239
1616941175377130719,1616941175378527703,1.062111
1616941175387289128,1616941175388701411,1.02837
1616941175397376970,1616941175398879714,1.086111
1616941175407509604,1616941175408943730,1.058643
1616941175417607739,1616941175419105252,1.121897
1616941175427699867,1616941175429126834,1.053359
1616941175437913623,1616941175439297612,1.003215
1616941175448063834,1616941175449432726,0.995403
1616941175458168323,1616941175459448104,0.89821
1616941175468328477,1616941175469699653,1.016489
1616941175478439300,1616941175479862648,1.056183
1616941175488656477,1616941175490051226,1.045726
1616941175498751080,1616941175500134058,1.003465
1616941175508966003,1616941175510436782,1.127117
1616941175519136783,1616941175520607340,1.096864
1616941175529361895,1616941175530819171,1.093513
1616941175539585908,1616941175541085912,1.153425
1616941175549810088,1616941175551276795,1.098854
1616941175559968708,1616941175561320750,1.028735
1616941175570105223,1616941175571538071,1.06406
1616941175580155963,1616941175581567183,1.102641
1616941175590329626,1616941175591816718,1.12141
1616941175600386089,1616941175601843786,1.091622
1616941175610508022,1616941175611949848,1.075849
1616941175620574974,1616941175622026381,1.072451
1616941175630744688,1616941175632154762,1.040186
1616941175640860543,1616941175642261820,1.101499
1616941175651090788,1616941175652530152,1.131463
1616941175661310290,1616941175662689359,1.08428
1616941175671527859,1616941175672928008,1.095636
1616941175681748512,1616941175683089808,1.041648
1616941175691971628,1616941175693332916,1.039174
1616941175702226671,1616941175703623496,1.09447
1616941175712445830,1616941175713917944,1.155537
1616941175722615226,1616941175723975384,1.077236
1616941175732846733,1616941175734250407,1.105996
1616941175743083312,1616941175744585526,1.250016
1616941175753309127,1616941175755108271,1.543067
1616941175763529187,1616941175764888167,1.049772
1616941175773749426,1616941175775218743,1.171605
1616941175783978368,1616941175785390285,1.088693
1616941175794114856,1616941175795580406,1.08374
1616941175804271430,1616941175805688356,1.139487
1616941175814389729,1616941175815769300,1.025787
1616941175824620841,1616941175826088075,1.142574
1616941175834785133,1616941175836183601,1.076765
1616941175845013665,1616941175846540985,1.239333
1616941175855245594,1616941175856608040,1.070359
1616941175865484211,1616941175866888879,1.103579
1616941175875724122,1616941175877048108,1.036834
1616941175885953035,1616941175887274388,1.033802
1616941175896077587,1616941175897470779,1.004095
1616941175906191875,1616941175907635727,1.15994
1616941175916320216,1616941175917789488,1.096996
1616941175926416581,1616941175927836507,1.11509
1616941175936587961,1616941175937996741,1.064994
1616941175946759803,1616941175948209877,1.132258
1616941175956936831,1616941175958324453,0.992719
1616941175967098205,1616941175968595475,1.125235
1616941175977274393,1616941175978740543,1.10089
1616941175987446256,1616941175988865648,1.105842
1616941175997641146,1616941175999077393,1.140861
1616941176007836823,1616941176009206376,1.090312
1616941176018009596,1616941176019434962,1.084358
1616941176028187778,1616941176029518875,1.027055
1616941176038363879,1616941176039780827,1.055157
1616941176048587887,1616941176049989326,1.106729
1616941176058754194,1616941176060193116,1.13861
1616941176068922029,1616941176070379685,1.176534
1616941176079081500,1616941176080485031,1.137549
1616941176089302140,1616941176090795899,1.199135
1616941176099462876,1616941176100972770,1.206227
1616941176109631663,1616941176111067928,1.134956
1616941176119797952,1616941176121300935,1.22376
1616941176129969980,1616941176131389914,1.154184
1616941176140140804,1616941176141667450,1.252966
1616941176150305826,1616941176151721455,1.062043
1616941176160474956,1616941176161964867,1.207646
1616941176170640906,1616941176172147960,1.213227
1616941176180765244,1616941176182268798,1.217454
1616941176190923126,1616941176196255484,5.03792
1616941176201084272,1616941176202626654,1.241917
1616941176211257939,1616941176212703196,1.152912
1616941176221435552,1616941176222932784,1.216118
1616941176231612326,1616941176233058352,1.146712
1616941176241797538,1616941176243226555,1.138455
1616941176251973682,1616941176253363962,1.017339
1616941176262168549,1616941176263558340,1.023233
1616941176272420189,1616941176273849876,1.137794
1616941176282585095,1616941176284017750,1.1302
1616941176292751867,1616941176294136053,1.074996
1616941176302919394,1616941176304360346,1.170626
1616941176313141811,1616941176314600170,1.165429
1616941176323301588,1616941176324763615,1.147635
1616941176333472800,1616941176334875883,1.095248
1616941176343633202,1616941176345043096,1.137091
1616941176353803020,1616941176355225518,1.116357
1616941176363973519,1616941176365345867,1.082439
1616941176374165072,1616941176375615525,1.081923
1616941176384330940,1616941176385771117,1.142991
1616941176394495906,1616941176396011082,1.210226
1616941176404666406,1616941176406126514,1.161007
1616941176414828926,1616941176416297800,1.172174
1616941176424955002,1616941176426424517,1.199015
1616941176435064567,1616941176436585414,1.129498
1616941176445232821,1616941176446758518,1.165187
1616941176455397253,1616941176456856981,1.120652
1616941176465566232,1616941176467152982,1.282525
1616941176475736019,1616941176477238974,1.2049
1616941176485902441,1616941176487429342,1.250851
1616941176496078844,1616941176497660070,1.284908
1616941176506243209,1616941176507746122,1.225215
1616941176516413178,1616941176518090319,1.399005
1616941176526589606,1616941176528087483,1.137024
1616941176536748324,1616941176538267332,1.209853
1616941176546902191,1616941176548317446,1.075718
1616941176557119352,1616941176558748756,1.712542
1616941176567340490,1616941176568823849,1.149062
1616941176577562623,1616941176579005813,1.13372
1616941176587722512,1616941176589172263,1.140761
1616941176597940819,1616941176599384000,1.150318
1616941176608065391,1616941176609613071,1.257947
1616941176618242539,1616941176619663110,1.116429
1616941176628460636,1616941176629963068,1.211399
1616941176638631729,1616941176640122666,1.182956
1616941176648861065,1616941176650409927,1.255379
1616941176659088575,1616941176660578173,1.185863
1616941176669311076,1616941176670759487,1.141435
1616941176679485243,1616941176681025250,1.232127
1616941176689659190,1616941176691077847,1.043428
1616941176699887748,1616941176701413589,1.247204
1616941176710112912,1616941176711464118,1.033366
1616941176720300774,1616941176721749478,1.139964
1616941176730429344,1616941176731794830,1.069821
1616941176740676166,1616941176742106575,1.542568
1616941176750831984,1616941176752268816,1.087649
1616941176761054243,1616941176762592937,1.230714
1616941176771279978,1616941176772656522,1.08548
1616941176781444914,1616941176782915620,1.162027
1616941176791691989,1616941176793699508,1.708546
1616941176801910515,1616941176803328583,1.052722
1616941176812145606,1616941176813662683,1.198321
1616941176822319479,1616941176823847823,1.241163
1616941176832538274,1616941176833989267,1.148295
1616941176842710044,1616941176844148897,1.140609
1616941176852933945,1616941176854436513,1.21706
1616941176863156728,1616941176864535107,1.095119
1616941176873390596,1616941176874836030,1.132256
1616941176883626564,1616941176885121938,1.194065
1616941176893848175,1616941176895331403,1.175857
1616941176904085992,1616941176905508087,1.12324
1616941176914238031,1616941176915749036,1.199035
1616941176924458038,1616941176925874738,1.139878
1616941176934631104,1616941176936038534,1.113845
1616941176944860867,1616941176946297783,1.126707
1616941176955021527,1616941176956367147,1.022762
1616941176965259800,1616941176966630795,1.049676
1616941176975518624,1616941176976858649,1.012319
1616941176985744345,1616941176987227914,1.183823
1616941176995965740,1616941176997520414,1.238418
1616941177006203034,1616941177007647662,1.134884
1616941177016424264,1616941177017859441,1.11959
1616941177026593441,1616941177028139201,1.224793
1616941177036811778,1616941177038400627,1.206784
1616941177047058572,1616941177048565852,1.234824
1616941177057279085,1616941177058779327,1.208718
1616941177067447195,1616941177068974779,1.254983
1616941177077600573,1616941177079613171,1.619282
1616941177087698030,1616941177089175463,1.106523
1616941177097915267,1616941177099379078,1.095533
1616941177108007818,1616941177109508628,1.144406
1616941177118189981,1616941177119652683,1.09079
1616941177128246854,1616941177129797672,1.20454
1616941177138353385,1616941177139809459,1.077718
1616941177148396835,1616941177149839158,1.075542
1616941177158506870,1616941177160025211,1.194328
1616941177168608066,1616941177170115399,1.152301
1616941177178766740,1616941177180264147,1.13095
1616941177188911365,1616941177190349036,1.060888
1616941177198959154,1616941177200402203,1.134816
1616941177209058025,1616941177210451391,1.138652
1616941177219312368,1616941177220792616,1.135032
1616941177229461322,1616941177230922777,1.096914
1616941177239615717,1616941177241173266,1.256035
1616941177249685525,1616941177251237102,1.271147
1616941177259853258,1616941177261366250,1.211479
1616941177269923872,1616941177271474160,1.198476
1616941177279954250,1616941177281517167,1.223035
1616941177289980513,1616941177291503978,1.219034
1616941177300142799,1616941177301668080,1.213011
1616941177310310490,1616941177311839556,1.161332
1616941177320470363,1616941177321908516,1.148673
1616941177330589447,1616941177332166864,1.262155
1616941177340822397,1616941177342298110,1.180983
1616941177351066719,1616941177352934925,1.635321
1616941177361288263,1616941177362839757,1.183233
1616941177371524670,1616941177372963599,1.110159
1616941177381763910,1616941177383622048,1.609993
1616941177391988398,1616941177393437064,1.080936
1616941177402223065,1616941177403683553,1.179981
1616941177412474892,1616941177413937834,1.164726
1616941177422710114,1616941177424191370,1.188999
1616941177432930642,1616941177434301273,1.002037
1616941177443169011,1616941177444699751,1.232312
1616941177453390425,1616941177454875783,1.170358
1616941177463607864,1616941177465041822,1.125241
1616941177473826926,1616941177475424984,1.248923
1616941177484050364,1616941177485535919,1.183208
1616941177494230732,1616941177495705887,1.171499
1616941177504448016,1616941177506045662,1.286808
1616941177514574922,1616941177516039994,1.149387
1616941177524797512,1616941177526280449,1.180654
1616941177534968188,1616941177536452315,1.188172
1616941177545216933,1616941177546728997,1.219091
1616941177555445858,1616941177556946120,1.206686
1616941177565616088,1616941177567101035,1.195508
1616941177575834688,1616941177577368138,1.229329
1616941177586074055,1616941177587636740,1.259369
1616941177596293184,1616941177597786373,1.14159
1616941177606462942,1616941177607986576,1.222095
1616941177616683022,1616941177618215673,1.22848
1616941177626847029,1616941177628270072,1.110092
1616941177637078735,1616941177638543427,1.163311
1616941177647297502,1616941177648768135,1.165537
1616941177657516675,1616941177658904931,1.078394
1616941177667747834,1616941177669143049,1.07498
1616941177677970732,1616941177679472357,1.21009
1616941177688191157,1616941177689556553,1.069713
1616941177698315135,1616941177699733314,1.105875
1616941177708504416,1616941177709941674,1.089894
1616941177718675854,1616941177720051744,1.02142
1616941177728849978,1616941177730290835,1.060619
1616941177739111294,1616941177740541987,1.111839
1616941177749333795,1616941177750894005,1.272431
1616941177759554191,1616941177760976988,1.122532
1616941177769734338,1616941177771213193,1.180376
1616941177779967722,1616941177781383993,1.124723
1616941177790203155,1616941177791577289,1.051401
1616941177800420881,1616941177801867848,1.142338
1616941177810545505,1616941177811893206,0.971107
1616941177820767513,1616941177822184843,1.093179
1616941177830980688,1616941177832438712,1.161581
1616941177841201123,1616941177842659861,1.142352
1616941177851419292,1616941177852761752,1.030031
1616941177861645793,1616941177863047528,1.084984
1616941177871871521,1616941177873206849,1.019893
1616941177882068190,1616941177883470582,1.040332
1616941177892304538,1616941177893664995,1.078987
1616941177902417627,1616941177903697167,1.024347
1616941177912656472,1616941177914037576,1.099617
1616941177922831679,1616941177924208826,1.04496
1616941177933058448,1616941177934460562,1.135147
1616941177943151326,1616941177944515299,1.045435
1616941177953329484,1616941177954682063,1.019359
1616941177963519960,1616941177965021894,1.138107
1616941177973691189,1616941177975200557,1.14593
1616941177983868630,1616941177985309223,1.126837
1616941177994062725,1616941177995393115,1.039722
1616941178004233622,1616941178005692647,1.153328
1616941178014412397,1616941178015768572,1.065307
1616941178024585848,1616941178025914529,1.077573
1616941178034708550,1616941178036025626,0.949252
1616941178044884007,1616941178046272343,1.027627
1616941178055134629,1616941178056506316,1.074256
1616941178065304226,1616941178066646391,0.993858
1616941178075472065,1616941178076796043,1.025032
1616941178085646288,1616941178087011230,0.977116
1616941178095772584,1616941178097148779,1.100644
1616941178105894144,1616941178107254244,1.039484
1616941178116013066,1616941178117371543,0.999168
1616941178126123870,1616941178127498974,1.032936
1616941178136281193,1616941178137697045,1.07132
1616941178146406900,1616941178148014325,1.301611
1616941178156590339,1616941178158655347,1.825913
1616941178166659966,1616941178168135433,1.127128
1616941178176773968,1616941178178119122,0.972178
1616941178186901347,1616941178188298630,1.051421
1616941178197077041,1616941178198436597,1.065542
1616941178207239306,1616941178208608057,1.010124
1616941178217371737,1616941178218755607,1.018542
1616941178227545789,1616941178228913094,0.996645
1616941178237717660,1616941178239174114,1.096868
1616941178247892190,1616941178249172191,0.931875
1616941178258078864,1616941178259442335,0.968492
1616941178268253349,1616941178269636250,1.071146
1616941178278377791,1616941178279879598,1.203084
1616941178288549467,1616941178290018686,1.165253
1616941178298715693,1616941178300149461,1.128345
1616941178308883321,1616941178310345939,1.199753
1616941178319038992,1616941178320600552,1.282361
1616941178329208521,1616941178330657062,1.177019
1616941178339372421,1616941178340708325,1.08374
1616941178349538361,1616941178350888136,1.013525
1616941178359759243,1616941178361096770,0.971988
1616941178369927477,1616941178371348100,1.014959
1616941178380147300,1616941178381471073,0.995501
1616941178390312029,1616941178391824916,1.19088
1616941178400480921,1616941178401923591,1.149098
1616941178410597938,1616941178411940068,0.951712
1616941178420820873,1616941178422281574,1.142709
1616941178430976292,1616941178432418100,1.128099
1616941178441195149,1616941178442631551,1.125664
1616941178451353820,1616941178452773510,1.109792
1616941178461568041,1616941178463019383,1.147225
1616941178471813983,1616941178473129517,1.02343
1616941178482074626,1616941178483569219,1.218057
1616941178492294127,1616941178493646919,0.985622
1616941178502463223,1616941178503915043,1.167138
1616941178512629584,1616941178514111668,1.174869
1616941178522796019,1616941178524204559,1.045358
1616941178533032694,1616941178534437105,1.110368
1616941178543154251,1616941178544639144,1.182499
1616941178553310047,1616941178554808871,1.2012
1616941178563470132,1616941178564916133,1.151982
1616941178573718361,1616941178575197443,1.17531
1616941178583957065,1616941178585472562,1.227232
1616941178594193690,1616941178595670645,1.164986
1616941178604411034,1616941178605936494,1.2374
1616941178614531262,1616941178616032012,1.199787
1616941178624703147,1616941178626189557,1.178375
1616941178634866128,1616941178636414343,1.228078
1616941178645085582,1616941178646661358,1.228459
1616941178655305622,1616941178656900480,1.296719
1616941178665524194,1616941178666997959,1.17184
1616941178675744178,1616941178677283115,1.210542
1616941178685962817,1616941178687495173,1.214244
1616941178696193510,1616941178697706944,1.193262
1616941178706363031,1616941178707859706,1.175687
1616941178716526037,1616941178718011577,1.172017
1616941178726695766,1616941178728200740,1.196033
1616941178736885055,1616941178738346037,1.09492
1616941178747041607,1616941178748477966,1.140588
1616941178757194594,1616941178758675128,1.119995
1616941178767413419,1616941178768911187,1.194039
1616941178777638771,1616941178779088111,1.125391
1616941178787858231,1616941178789271619,1.053477
1616941178798098989,1616941178799551334,1.100875
1616941178808317169,1616941178809888562,1.288172
1616941178818489886,1616941178820076208,1.228195
1616941178828732088,1616941178830254046,2.0902
1616941178838856083,1616941178840431866,1.216355
1616941178848885231,1616941178850440788,1.31731
1616941178859068903,1616941178860520006,1.086198
1616941178869235348,1616941178870742837,1.156476
1616941178879399986,1616941178880847486,1.106328
1616941178889521326,1616941178890909905,1.028169
1616941178899742496,1616941178901158318,1.043414
1616941178909955402,1616941178911374599,1.065107
1616941178920061337,1616941178921559232,1.202007
1616941178930168150,1616941178931670560,1.171236
1616941178940398082,1616941178941924361,1.230441
1616941178950520472,1616941178951923610,1.050987
1616941178960687266,1616941178962684873,1.800179
1616941178970854879,1616941178972347954,1.145582
1616941178980894662,1616941178982442845,1.28825
1616941178991052009,1616941178992470520,1.053575
1616941179001282861,1616941179002786786,1.137498
1616941179011473933,1616941179012897851,1.035984
1616941179021510921,1616941179022915478,1.027515
1616941179031650125,1616941179033063574,1.050972
1616941179041797327,1616941179043225261,1.12194
1616941179052018008,1616941179053473339,1.101144
1616941179062114869,1616941179063598474,1.139447
1616941179072139322,1616941179073663075,1.167599
1616941179082242987,1616941179083690584,1.155855
1616941179092397292,1616941179093929307,1.151952
1616941179102561050,1616941179104059364,1.133228
1616941179112683883,1616941179114081535,1.050122
1616941179122793571,1616941179124257631,1.136
1616941179132950084,1616941179134385770,1.054032
1616941179142978443,1616941179144463409,1.183513
1616941179153114282,1616941179154506653,1.091998
1616941179163337369,1616941179164814238,1.118865
1616941179173487489,1616941179174914343,1.064018
1616941179183589982,1616941179185012183,1.113865
1616941179193638902,1616941179195129128,1.136756
1616941179203855393,1616941179205444384,1.237642
1616941179214015133,1616941179215471183,1.089419
1616941179224114187,1616941179225530174,1.062977
1616941179234147696,1616941179235647707,1.146764
1616941179244202251,1616941179245601682,1.028718
1616941179254375544,1616941179255811146,1.087662
1616941179264597393,1616941179266014969,1.141198
1616941179274767234,1616941179276140467,1.005029
1616941179284984504,1616941179286461218,1.198963
1616941179295198885,1616941179296615802,1.11589
1616941179305427299,1616941179306826902,1.10369
1616941179315647188,1616941179317031392,1.091627
1616941179325767014,1616941179327162655,1.019294
1616941179335984603,1616941179337377936,1.080638
1616941179346168743,1616941179347639489,1.121824
1616941179356400855,1616941179357842931,1.141432
1616941179366569125,1616941179367923224,0.980346
1616941179376790486,1616941179378162435,1.081943
1616941179386899611,1616941179388295599,1.088235
1616941179397078290,1616941179398655951,1.237076
1616941179407252743,1616941179408728146,1.187908
1616941179417363346,1616941179418832161,1.093617
1616941179427527093,1616941179428873427,1.033161
1616941179437764114,1616941179439094549,1.05163
1616941179447924518,1616941179449211339,0.976338
1616941179458086567,1616941179459460973,1.099295
1616941179468247655,1616941179469598637,1.028157
1616941179478419382,1616941179479788021,1.050523
1616941179488581670,1616941179489960290,1.05936
1616941179498742794,1616941179500175902,1.115002
1616941179508917708,1616941179510391018,1.110413
1616941179519145792,1616941179520634702,1.198577
1616941179529318719,1616941179530641648,0.905405
1616941179539468463,1616941179540798780,0.936891
1616941179549690012,1616941179551042771,0.948142
1616941179559919769,1616941179561271228,1.086458
1616941179570155545,1616941179571501615,1.018759
1616941179580335155,1616941179581704041,1.066625
1616941179590507698,1616941179591944134,1.131965
1616941179600728073,1616941179602137189,1.109714
1616941179610855916,1616941179612223979,0.980959
1616941179621012562,1616941179622346932,0.941554
1616941179631182111,1616941179632555103,1.01422
1616941179641357178,1616941179642820065,1.09294
1616941179651521927,1616941179652935094,1.034905
1616941179661662089,1616941179663024414,0.971812
1616941179671795968,1616941179673210881,1.037828
1616941179681972738,1616941179683280106,0.904875
1616941179692143339,1616941179693493007,0.978372
1616941179702313653,1616941179703662414,0.972438
1616941179712490367,1616941179713898491,1.060542
1616941179722664920,1616941179724080642,1.058026
1616941179732896709,1616941179734325181,1.094862
1616941179743129535,1616941179744482166,0.982262
1616941179753305311,1616941179754738509,1.097153
1616941179763469223,1616941179765355254,1.66885
1616941179773695345,1616941179775135439,1.067657
1616941179783822544,1616941179785292266,1.117629
1616941179794094556,1616941179795521591,1.07686
1616941179804313467,1616941179805787050,1.131162
1616941179814482618,1616941179815995623,1.165979
1616941179824695766,1616941179826151645,1.076002
1616941179834805784,1616941179836304884,1.207521
1616941179845031184,1616941179846559727,1.172148
1616941179855247207,1616941179856757189,1.205703
1616941179865409163,1616941179866875232,1.103022
1616941179875627448,1616941179877087825,1.160865
1616941179885807913,1616941179887307934,1.202601
1616941179896032521,1616941179897576523,1.240828
1616941179906213013,1616941179907732835,1.221609
1616941179916331601,1616941179917804805,1.187773
1616941179926444269,1616941179927860049,1.049596
1616941179936629973,1616941179938091647,1.130443
1616941179946774181,1616941179948185912,1.096795
1616941179956886655,1616941179958182917,0.905015
1616941179966987050,1616941179968322313,1.045061
1616941179977091933,1616941179978418755,0.977691
1616941179987229425,1616941179988581338,1.063514
1616941179997401998,1616941179998836285,1.115809
1616941180007572508,1616941180009052985,1.207196
1616941180017744035,1616941180019156935,1.057459
1616941180027913808,1616941180029315059,1.103219
1616941180038162336,1616941180039488663,1.104254
1616941180048383460,1616941180049754707,1.05788
1616941180058505000,1616941180059910866,1.160881
1616941180068677773,1616941180070020037,0.988101
1616941180078846519,1616941180080369461,1.261473
1616941180089076944,1616941180090498923,1.151308
1616941180099242769,1616941180100683483,1.129491
1616941180109466109,1616941180110863588,1.024294
1616941180119692576,1616941180121067578,1.028126
1616941180129911757,1616941180131282524,1.055831
1616941180140086489,1616941180141473265,1.086773
1616941180150241717,1616941180151667951,1.125589
1616941180160475133,1616941180161988225,1.19863
1616941180170644329,1616941180172166645,1.239209
1616941180180880387,1616941180182524171,1.309909
1616941180191056139,1616941180192587152,1.227642
1616941180201221475,1616941180202675040,1.149138
1616941180211441590,1616941180212890866,1.15387
1616941180221667244,1616941180223193192,1.227865
1616941180231893828,1616941180233398885,1.217956
1616941180242010207,1616941180243559698,1.178999
1616941180252224818,1616941180253758434,1.241109
1616941180262345528,1616941180263777978,1.060382
1616941180272535118,1616941180273975766,1.150669
1616941180282644826,1616941180284197073,1.256083
1616941180292843542,1616941180294311900,1.095239
1616941180302947645,1616941180304522775,1.193652
1616941180313106824,1616941180314615049,1.138068
1616941180323343468,1616941180324813218,1.172748
1616941180333559787,1616941180335044256,1.195745
1616941180343728193,1616941180345215406,1.130837
1616941180353857807,1616941180355431160,1.287528
1616941180364023890,1616941180365625464,1.24973
1616941180374238236,1616941180375738014,1.138172
1616941180384459021,1616941180386065468,1.222641
1616941180394584345,1616941180396006241,1.064507
1616941180404806115,1616941180406355871,1.179888
1616941180414978442,1616941180416506123,1.17539
1616941180425199269,1616941180426789519,1.218839
1616941180435361062,1616941180436896832,1.179957
1616941180445586659,1616941180447218494,1.262798
1616941180455804273,1616941180457258196,1.102212
1616941180466042257,1616941180467546579,1.145432
1616941180476193650,1616941180477690529,1.136529
1616941180486358629,1616941180487889338,1.156582
1616941180496577498,1616941180498082186,1.173994
1616941180506742233,1616941180508268059,1.215672
1616941180516910277,1616941180518446685,1.295682
1616941180527082944,1616941180528573787,1.192527
1616941180537255087,1616941180538714649,1.129477
1616941180547423713,1616941180548847747,1.102859
1616941180557670731,1616941180559947829,2.006343
1616941180567883990,1616941180569296690,1.053312
1616941180577934431,1616941180579254276,0.914793
1616941180588154957,1616941180589577034,1.05433
1616941180598306829,1616941180599675627,1.015314
1616941180608462850,1616941180609886653,1.045362
1616941180618488450,1616941180619941882,1.151768
1616941180628636347,1616941180630085148,1.088213
1616941180638798235,1616941180640315980,1.155607
1616941180648877359,1616941180650443275,1.347012
1616941180659096167,1616941180660560281,1.134203
1616941180669278452,1616941180670829789,1.19359
1616941180679504985,1616941180680976769,1.160568
1616941180689537683,1616941180691009521,1.114788
1616941180699556842,1616941180701139410,1.24559
1616941180709709485,1616941180711139710,1.117609
1616941180719922094,1616941180721271863,0.978272
1616941180730019107,1616941180731441420,1.059926
1616941180740157436,1616941180741620747,1.110052
1616941180750210026,1616941180751725755,1.16385
1616941180760298091,1616941180761707608,1.056769
1616941180770370844,1616941180771838972,1.100002
1616941180780495356,1616941180781987623,1.114039
1616941180790602474,1616941180791972473,0.982095
1616941180800717330,1616941180802254679,1.132573
1616941180810815554,1616941180812203434,1.008153
1616941180820985519,1616941180822392635,1.027998
1616941180831068063,1616941180832650470,1.284455
1616941180841292317,1616941180842751740,1.115036
1616941180851475234,1616941180852936060,1.15885
1616941180861692844,1616941180863128421,1.140798
1616941180871913493,1616941180873349843,1.058342
1616941180882097297,1616941180883476542,1.057961
1616941180892328665,1616941180893765950,1.050963
1616941180902441410,1616941180903878078,1.076557
1616941180912664138,1616941180914077564,1.101265
1616941180922843987,1616941180924239538,1.027655
1616941180933058660,1616941180934577183,1.091916
1616941180943282459,1616941180944841820,1.247284
1616941180953489825,1616941180954931546,1.068127
1616941180963727706,1616941180965250150,1.217841
1616941180973947164,1616941180975477298,1.218058
1616941180984176017,1616941180985669220,1.203081
1616941180994350814,1616941180995740222,1.078355
1616941181004527040,1616941181006059982,1.152157
1616941181014697508,1616941181016282439,1.294935
1616941181024924492,1616941181026447705,1.253527
1616941181035146382,1616941181036639813,1.208412
1616941181045319257,1616941181046801942,1.175145
1616941181055514211,1616941181057047871,1.230263
1616941181065742967,1616941181067321366,1.257042
1616941181075978482,1616941181077469115,1.148821
1616941181086209701,1616941181087763474,1.186364
1616941181096446665,1616941181098054205,1.316791
1616941181106586245,1616941181108202563,1.341488
1616941181116753392,1616941181118348627,1.332972
1616941181126910444,1616941181128542031,1.332346
1616941181137078573,1616941181138688483,1.312775
1616941181147240692,1616941181148769340,1.258972
1616941181157412955,1616941181158950751,1.235781
1616941181167582722,1616941181169107830,1.227091
1616941181177747848,1616941181179235972,1.176892
1616941181187911992,1616941181189411237,1.196379
1616941181198096449,1616941181199650843,1.221365
1616941181208273136,1616941181209749782,1.19128
1616941181218387864,1616941181219879474,1.142622
1616941181228558087,1616941181230026920,1.084493
1616941181238653659,1616941181240125973,1.103818
1616941181248781593,1616941181250301798,1.193096
1616941181258996207,1616941181260497473,1.188991
1616941181269165556,1616941181270624162,1.079293
1616941181279273688,1616941181280771584,1.138657
1616941181289489601,1616941181290982569,1.143256
1616941181299703976,1616941181301198390,1.148459
1616941181309865701,1616941181311425221,1.197997
1616941181320083604,1616941181321626952,1.182804
1616941181330198599,1616941181331707174,1.145563
1616941181340384554,1616941181341962076,1.241105
1616941181350553364,1616941181352043148,1.116027
1616941181360785438,1616941181362498078,2.027878
1616941181370949553,1616941181372505729,1.190016
1616941181381254900,1616941181382830420,1.236795
1616941181391368967,1616941181392799161,1.060966
1616941181401582723,1616941181403036905,1.081454
1616941181411735151,1616941181413251754,1.172839
1616941181421967528,1616941181423313637,0.970575
1616941181432180093,1616941181433619252,1.073355
1616941181442395658,1616941181450725603,8.015456
1616941181452498526,1616941181453853317,1.004876
1616941181462626141,1616941181463933815,0.970288
1616941181472841590,1616941181474286222,1.153484
1616941181483074791,1616941181484436795,1.079976
1616941181493302942,1616941181494750346,1.134814
1616941181503519052,1616941181504844973,0.991277
1616941181513737907,1616941181515169751,1.100624
1616941181523902214,1616941181525311430,1.053688
1616941181534009586,1616941181535493510,1.089044
1616941181544129771,1616941181545637885,1.173802
1616941181554197040,1616941181555781955,1.240239
1616941181564310228,1616941181565815853,1.205804
1616941181574436100,1616941181575943614,1.123883
1616941181584546718,1616941181585946334,1.036575
1616941181594666214,1616941181596225742,1.259012
1616941181604883029,1616941181606431532,1.22897
1616941181615043793,1616941181616510668,1.157844
1616941181625200841,1616941181626835899,1.285307
1616941181635363016,1616941181636860421,1.152595
1616941181645541774,1616941181647037176,1.20714
1616941181655721356,1616941181657244597,1.161536
1616941181665890267,1616941181667427480,1.192371
1616941181676004631,1616941181677484719,1.183502
1616941181686183174,1616941181687622324,1.143359
1616941181696409924,1616941181697802289,1.086085
1616941181706534193,1616941181707988760,1.102598
1616941181716716778,1616941181718221631,1.121413
1616941181726943711,1616941181728441520,1.201264
1616941181737164672,1616941181738664359,1.18055
1616941181747336092,1616941181748732588,1.111056
1616941181757556161,1616941181758963295,1.081502
1616941181767777937,1616941181769271957,1.19213
1616941181778006822,1616941181779574320,1.271696
1616941181788231722,1616941181789700782,1.17225
1616941181798351692,1616941181799848216,1.221041
1616941181808530021,1616941181810045787,1.21857
1616941181818699489,1616941181820239245,1.256851
1616941181828881595,1616941181830423464,1.269681
1616941181839061307,1616941181840537248,1.19456
1616941181849278969,1616941181850735752,1.14836
1616941181859497043,1616941181860902771,1.112512
1616941181869718400,1616941181871114858,1.085767
1616941181879939721,1616941181881280257,1.016981
1616941181890127523,1616941181891577480,1.08582
1616941181900354547,1616941181901787132,1.123177
1616941181910477042,1616941181911883324,1.038281
1616941181920655436,1616941181922036967,1.013251
1616941181930840463,1616941181932229543,1.014272
1616941181941063758,1616941181942447307,1.078885
1616941181951233220,1616941181952578719,0.960252
1616941181961392327,1616941181962724736,0.953548
1616941181971557152,1616941181972850020,0.914939
1616941181981717740,1616941181983022219,0.934883
1616941181991871752,1616941181993186868,0.951515
1616941182002028653,1616941182003442017,1.062076
1616941182012180007,1616941182013587259,1.05746
1616941182022336504,1616941182023714597,1.026622
1616941182032492921,1616941182033789376,0.91034
1616941182042645985,1616941182044110585,1.093998
1616941182052796398,1616941182054219532,1.053093
1616941182063016873,1616941182064520343,1.128594
1616941182073185826,1616941182074664040,1.10301
1616941182083403362,1616941182084805327,1.045267
1616941182093619345,1616941182095054373,1.115657
1616941182103786320,1616941182105230229,1.120954
1616941182113949384,1616941182115369329,1.041846
1616941182124176382,1616941182125468217,0.969735
1616941182134302893,1616941182135627274,1.009533
1616941182144533613,1616941182145822682,0.872467
1616941182154618698,1616941182155865254,0.87338
1616941182164783737,1616941182166076391,0.935991
1616941182175006357,1616941182176635555,1.58168
1616941182185178175,1616941182186487294,1.009779
1616941182195401014,1616941182196695917,0.976351
1616941182205631551,1616941182206964450,1.065607
1616941182215808957,1616941182217077118,0.880745
1616941182225970120,1616941182227284132,0.946605
1616941182236192054,1616941182237929685,1.338491
1616941182246300541,1616941182247677170,0.983015
1616941182256518912,1616941182257815587,0.916514
1616941182266618018,1616941182267987972,1.024408
1616941182276775406,1616941182278079088,0.993545
1616941182286872472,1616941182288155175,0.913085
1616941182297048901,1616941182298381366,0.927898
1616941182307093704,1616941182308439953,0.985489
1616941182317270731,1616941182318613563,1.048959
1616941182327497854,1616941182328868771,1.006001
1616941182337716570,1616941182339067383,0.970643
1616941182347869056,1616941182349331853,1.110441
1616941182357964125,1616941182359459702,1.13862
1616941182368186648,1616941182369666721,1.133456
1616941182378282164,1616941182379694494,1.057147
1616941182388503394,1616941182390002772,1.137842
1616941182398672735,1616941182400126273,1.150768
1616941182408905850,1616941182410395036,1.193273
1616941182419138975,1616941182420593292,1.158722
1616941182429339454,1616941182430856488,1.185738
1616941182439430935,1616941182440788265,1.022345
1616941182449587827,1616941182450966132,1.008259
1616941182459686950,1616941182461099004,1.057484
1616941182469863063,1616941182471247792,1.031701
1616941182479939691,1616941182481343146,1.03381
1616941182490148665,1616941182491550948,1.037654
1616941182500371222,1616941182501962930,1.242248
1616941182510403388,1616941182511866229,1.121902
1616941182520503069,1616941182521973218,1.16972
1616941182530578504,1616941182532103431,1.168362
1616941182540732413,1616941182542264234,1.154969
1616941182550831155,1616941182552341121,1.161042
1616941182560931953,1616941182562444868,1.197519
1616941182571028527,1616941182572553138,1.16119
1616941182581242759,1616941182582712867,1.115951
1616941182591343734,1616941182592952411,1.301868
1616941182601455054,1616941182602998200,1.190197
1616941182611621835,1616941182613133606,1.15149
1616941182621724900,1616941182623197930,1.108965
1616941182631897416,1616941182633452048,1.19346
1616941182642136201,1616941182643619337,1.111509
1616941182652359714,1616941182653855807,1.140126
1616941182662378461,1616941182663915140,1.168667
1616941182672517328,1616941182674075033,1.200374
1616941182682690834,1616941182684326365,1.272236
1616941182692755328,1616941182694267896,1.169448
1616941182702917708,1616941182704541449,1.281137
1616941182713024658,1616941182714611966,1.229601
1616941182723256326,1616941182724809170,1.198741
1616941182733323963,1616941182734818736,1.183975
1616941182743544296,1616941182745062958,1.214352
1616941182753763738,1616941182755247467,1.173858
1616941182763990870,1616941182765540544,1.24872
1616941182774228400,1616941182775658262,1.131728
1616941182784460509,1616941182785989655,1.233739
1616941182794631321,1616941182796085073,1.144299
1616941182804851561,1616941182806433208,1.273092
1616941182815094003,1616941182816616191,1.232717
1616941182825315177,1616941182826758401,1.086033
1616941182835534415,1616941182837056153,1.215346
1616941182845754995,1616941182847212923,1.111063
1616941182855977322,1616941182857489993,1.208397
1616941182866209143,1616941182867794251,1.202034
1616941182876433398,1616941182878447363,1.764519
1616941182886473907,1616941182887953408,1.170763
1616941182896693433,1616941182898208301,1.234205
1616941182906869615,1616941182908410690,1.244345
1616941182917088973,1616941182918616969,1.221107
1616941182927316919,1616941182928853305,1.24451
1616941182937557044,1616941182939094536,1.237303
1616941182947791983,1616941182949356847,1.265681
1616941182958015347,1616941182959576020,1.27226
1616941182968235764,1616941182969836097,1.304702
1616941182978410432,1616941182979960413,1.249623
1616941182988632557,1616941182990681880,1.864265
1616941182998749967,1616941183000303129,1.25002
1616941183008973296,1616941183010520844,1.272337
1616941183019231504,1616941183020682195,1.143362
1616941183029403911,1616941183030886750,1.18507
1616941183039652881,1616941183041096707,1.125242
1616941183049898382,1616941183051412448,1.209368
1616941183060064267,1616941183061544658,1.178654
1616941183070185716,1616941183071661983,1.172162
1616941183080414793,1616941183081897938,1.175863
1616941183090583275,1616941183092074181,1.230175
1616941183100816653,1616941183102264314,1.145528
1616941183111069306,1616941183112469294,1.050968
1616941183121298063,1616941183122709463,1.124248
1616941183131518046,1616941183133000342,1.187492
1616941183141752725,1616941183143197618,1.139807
1616941183151982135,1616941183153416543,1.133192
1616941183162220018,1616941183163711596,1.181269
1616941183172441060,1616941183173926938,1.1475
1616941183182611163,1616941183184024141,1.115632
1616941183192832834,1616941183194259712,1.10957
1616941183203069012,1616941183204515277,1.141889
1616941183213293547,1616941183214737935,1.135101
1616941183223526005,1616941183224939332,1.11342
1616941183233743731,1616941183235244195,1.181529
1616941183243962824,1616941183245345983,1.094101
1616941183254104337,1616941183255522982,1.110228
1616941183264343447,1616941183265848645,1.211429
1616941183274512471,1616941183276031792,1.218771
1616941183284739123,1616941183286239860,1.203439
1616941183294966283,1616941183296496913,1.232173
1616941183305186735,1616941183306649385,1.167784
1616941183315359730,1616941183316804295,1.150116
1616941183325578497,1616941183327063580,1.19822
1616941183335832199,1616941183337242809,1.109666
1616941183346095203,1616941183347539205,1.167952
1616941183356347773,1616941183357810727,1.150838
1616941183366517218,1616941183367915752,1.121114
1616941183376797349,1616941183378268118,1.198945
1616941183386952673,1616941183388402725,1.04672
1616941183397129099,1616941183398649735,1.218218
1616941183407284418,1616941183408737239,1.20935
1616941183417433337,1616941183418882776,1.13578
1616941183427607373,1616941183429005206,1.016509
1616941183437782552,1616941183439293385,1.231162
1616941183447891647,1616941183449305814,1.046818
1616941183458008808,1616941183459507050,1.146268
1616941183468180178,1616941183469674283,1.129587
1616941183478296503,1616941183479786824,1.214837
1616941183488522245,1616941183490051300,1.161984
1616941183498696568,1616941183500204185,1.249326
1616941183508920188,1616941183510457382,1.242928
1616941183519032848,1616941183520559095,1.176171
1616941183529205801,1616941183530740249,1.175077
1616941183539430609,1616941183540949334,1.232969
1616941183549653871,1616941183551131041,1.129693
1616941183559903436,1616941183561355559,1.116542
1616941183570131742,1616941183571555248,1.073989
1616941183580366971,1616941183581749948,1.01867
1616941183590490906,1616941183591977139,1.142175
1616941183600708784,1616941183602119929,1.043581
1616941183610877138,1616941183612327163,1.150718
1616941183621095264,1616941183622573807,1.141003
1616941183631315537,1616941183632741397,1.133348
1616941183641544870,1616941183643012015,1.170643
1616941183651776198,1616941183653256036,1.187768
1616941183661994658,1616941183663445454,1.154029
1616941183672232797,1616941183673766039,1.232141
1616941183682359670,1616941183683838246,1.113926
1616941183692596439,1616941183694018646,1.117882
1616941183702765074,1616941183704125093,1.062507
1616941183712987530,1616941183714406641,1.123565
1616941183723217915,1616941183724773869,1.263219
1616941183733381262,1616941183734906443,1.17533
1616941183743552179,1616941183745101895,1.255768
1616941183753669950,1616941183755105560,1.067602
1616941183763909656,1616941183765331006,1.137595
1616941183774146589,1616941183775620401,1.170941
1616941183784392127,1616941183785811721,1.134418
1616941183794564455,1616941183796045455,1.45853
1616941183804783271,1616941183806116240,0.972873
1616941183815022369,1616941183816358846,1.008755
1616941183825243311,1616941183826662735,1.083238
1616941183835462877,1616941183836836915,1.072595
1616941183845691962,1616941183847106336,1.119684
1616941183855912893,1616941183857346433,1.117649
1616941183866165478,1616941183867645685,1.134425
1616941183876396825,1616941183877881062,1.129186
1616941183886520419,1616941183887911416,1.082048
1616941183896696352,1616941183898142565,1.150377
1616941183906819757,1616941183908405398,1.236211
1616941183917031585,1616941183918536056,1.200507
1616941183927254808,1616941183928746932,1.197716
1616941183937473112,1616941183938884904,1.10375
1616941183947691214,1616941183949159996,1.204174
1616941183957862360,1616941183959250806,1.028007
1616941183968068646,1616941183969537579,1.178288
1616941183978180250,1616941183979560898,1.013373
1616941183988409171,1616941183989818298,1.104803
1616941183998579931,1616941184000056681,1.185627
1616941184008801102,1616941184010220684,1.692591
1616941184018996465,1616941184020414713,1.053763
1616941184029215903,1616941184030659068,1.085181
1616941184039244208,1616941184040678509,1.089356
1616941184049312893,1616941184050815529,1.156517
1616941184059480540,1616941184060925391,1.111821
1616941184069629447,1616941184071090066,1.096065
1616941184079700490,1616941184081137838,1.161069
1616941184089917958,1616941184091493931,1.209962
1616941184099971613,1616941184101463059,1.129716
1616941184110140991,1616941184111655777,1.204375
1616941184120183694,1616941184121632683,1.099412
1616941184130292630,1616941184131701209,1.074746
1616941184140472567,1616941184141928512,1.110779
1616941184150579178,1616941184152056674,1.11356
1616941184160740775,1616941184162120328,0.974996
1616941184170779882,1616941184172324327,1.161369
1616941184180862122,1616941184182434551,1.249641
1616941184190945971,1616941184192490906,1.239104
1616941184201171297,1616941184202730413,1.207462
1616941184211222337,1616941184212741987,1.214955
1616941184221284393,1616941184222804850,1.171922
1616941184231390324,1616941184232894399,1.244386
1616941184241434265,1616941184242983544,1.187515
1616941184251590525,1616941184253116399,1.242573
1616941184261746883,1616941184263254709,1.155714
1616941184271981144,1616941184273507715,1.188626
1616941184282173066,1616941184283589421,1.054931
1616941184292335982,1616941184293867055,1.171339
1616941184302436471,1616941184303987075,1.200382
1616941184312621926,1616941184314103671,1.125
1616941184322767012,1616941184324177579,1.122655
1616941184332916593,1616941184334416894,1.203879
1616941184343153795,1616941184344580731,1.069047
1616941184353373072,1616941184354812425,1.078379
1616941184363474811,1616941184364843939,1.04347
1616941184373630432,1616941184375057050,1.08262
1616941184383778846,1616941184385264472,1.160922
1616941184393841640,1616941184395269810,1.064748
1616941184403992844,1616941184405465887,1.118258
1616941184414202118,1616941184415628049,1.066232
1616941184424373003,1616941184425869347,1.202687
1616941184434469759,1616941184435916842,1.092654
1616941184444682407,1616941184446146556,1.100482
1616941184454779088,1616941184456241041,1.100477
1616941184464995396,1616941184466460176,1.22675
1616941184475090161,1616941184476545657,1.097476
1616941184485216179,1616941184486730730,1.155067
1616941184495295185,1616941184496777092,1.165293
1616941184505449938,1616941184506872777,1.062818
1616941184515471051,1616941184516987072,1.151395
1616941184525527965,1616941184526927066,1.023167
1616941184535753533,1616941184537250433,1.155877
1616941184545970303,1616941184547450236,1.135615
1616941184556189911,1616941184557715769,1.170029
1616941184566299187,1616941184567728552,1.079965
1616941184576520256,1616941184577994733,1.183909
1616941184586691893,1616941184588100929,1.099283
1616941184596912397,1616941184598438874,1.211226
1616941184607127241,1616941184609081417,1.805016
1616941184617346928,1616941184618767890,1.068146
1616941184627514167,1616941184628899387,1.065813
1616941184637717971,1616941184639111497,1.071943
1616941184647890127,1616941184649314605,1.117147
1616941184658085846,1616941184659531508,1.077245
1616941184668216061,1616941184669524922,0.927641
1616941184678336103,1616941184679787643,1.084072
1616941184688557856,1616941184689948075,1.099839
1616941184698675501,1616941184700144008,1.113639
1616941184708806919,1616941184710267366,1.166596
1616941184718984009,1616941184720420640,1.124397
1616941184729156626,1616941184730525467,1.065455
1616941184739376132,1616941184740764380,1.065704
1616941184749608670,1616941184750971670,0.995449
1616941184759778909,1616941184761239505,1.175385
1616941184770009023,1616941184771521468,1.198728
1616941184780180395,1616941184781643721,1.117589
1616941184790313675,1616941184791741992,1.080157
1616941184800479195,1616941184801956426,1.106887
1616941184810592163,1616941184812046807,1.074244
1616941184820835462,1616941184822202710,1.074341
1616941184831013806,1616941184832480248,1.185636
1616941184841239253,1616941184842667277,1.145939
1616941184851489145,1616941184852802267,0.925103
1616941184861706559,1616941184863149146,1.147811
1616941184871883829,1616941184873244905,1.088922
1616941184882110812,1616941184883564224,1.085114
1616941184892334996,1616941184893609523,0.948681
1616941184902462580,1616941184903861115,1.027111
1616941184912631974,1616941184914014848,1.086598
1616941184922802085,1616941184924060917,0.869102
1616941184932874018,1616941184934320106,1.141856
1616941184943090106,1616941184944533314,1.149431
1616941184953311410,1616941184954791664,1.177794
1616941184963554003,1616941184965021845,1.161768
1616941184973804476,1616941184975276312,1.166871
1616941184984024097,1616941184985451046,1.122744
1616941184994180556,1616941184995667509,1.185138
1616941185004355855,1616941185005885275,1.242721
1616941185014483489,1616941185015976246,1.150836
1616941185024719497,1616941185026220952,1.206509
1616941185034887995,1616941185036403870,1.227966
1616941185045117704,1616941185046681589,1.257163
1616941185055348603,1616941185056853844,1.223191
1616941185065580787,1616941185067110863,1.238197
1616941185075818730,1616941185077289527,1.1856
1616941185086036779,1616941185087634248,1.25121
1616941185096255094,1616941185097809504,1.207785
1616941185106382521,1616941185107876141,1.128683
1616941185116619434,1616941185118189398,1.289628
1616941185126774348,1616941185128167817,1.071518
1616941185136997462,1616941185138400213,1.090899
1616941185147132893,1616941185148539871,1.094149
1616941185157255724,1616941185158710192,1.108017
1616941185167381240,1616941185168859229,1.110919
1616941185177551847,1616941185179030513,1.217007
1616941185187795937,1616941185189255600,1.16777
1616941185198016866,1616941185199542128,1.175426
1616941185208136117,1616941185209555141,1.054742
1616941185218258442,1616941185219762939,1.219034
1616941185228449353,1616941185229970576,1.217713
1616941185238613862,1616941185240076108,1.168436
1616941185248830914,1616941185250347578,1.162021
1616941185258993129,1616941185260479756,1.197491
1616941185269158216,1616941185270708249,1.201344
1616941185279319874,1616941185280786508,1.174125
1616941185289536862,1616941185291005136,1.118652
1616941185299648454,1616941185301124693,1.180538
1616941185309866714,1616941185311326176,1.097184
1616941185320093466,1616941185321550986,1.097154
1616941185330258199,1616941185331734125,1.183034
1616941185340476979,1616941185341951159,1.175257
1616941185350648168,1616941185352143539,1.151665
1616941185360824414,1616941185362322402,1.10191
1616941185370941146,1616941185372400468,1.084069
1616941185381161030,1616941185382699680,1.219323
1616941185391276909,1616941185392750163,1.116635
1616941185401382712,1616941185403457788,1.778395
1616941185411495954,1616941185412968260,1.103495
1616941185421588022,1616941185422999224,1.043108
1616941185431744235,1616941185433213949,1.123219
1616941185441893711,1616941185443353908,1.106929
1616941185452102474,1616941185453495173,0.998262
1616941185462221241,1616941185463691427,1.167117
1616941185472452816,1616941185473884153,1.124883
1616941185482580045,1616941185484056270,1.178524
1616941185492801875,1616941185494266693,1.163415
1616941185502956977,1616941185504459169,1.204087
1616941185513175913,1616941185514698179,1.245994
1616941185523393849,1616941185524878951,1.1931
1616941185533615323,1616941185535122410,1.151148
1616941185543848679,1616941185545387676,1.237746
1616941185554087930,1616941185555559342,1.15903
1616941185564308863,1616941185565818527,1.19711
1616941185574478508,1616941185575963574,1.178116
1616941185584697426,1616941185586039897,0.985918
1616941185594868478,1616941185596326316,1.154266
1616941185605125431,1616941185606559260,1.123323
1616941185615353863,1616941185616718358,1.09009
1616941185625573702,1616941185626931009,1.05041
1616941185635793509,1616941185637112085,1.057554
1616941185646013400,1616941185647481407,1.186144
1616941185656245385,1616941185657731153,1.188243
1616941185666414763,1616941185667826137,1.104759
1616941185676636717,1616941185678066004,1.068407
1616941185686761304,1616941185688193084,1.117664
1616941185696942937,1616941185698398540,1.207146
1616941185707120196,1616941185708562477,1.136516
1616941185717292147,1616941185718691628,1.121503
1616941185727466528,1616941185728820498,1.063338
1616941185737684018,1616941185739813972,1.756878
1616941185747855784,1616941185749296147,1.156303
1616941185757956369,1616941185759389427,1.139191
1616941185768180471,1616941185769568080,1.034756
1616941185778283073,1616941185779806074,1.170758
1616941185788378738,1616941185789803565,1.115077
1616941185798489440,1616941185799941424,1.089875
1616941185808588584,1616941185810036694,1.105313
1616941185818630825,1616941185820101616,1.122611
1616941185828855319,1616941185830338316,1.174856
1616941185839024880,1616941185840405989,1.10452
1616941185849173661,1616941185850639825,1.124409
1616941185859391164,1616941185860920283,1.189809
1616941185869532501,1616941185870994340,1.115585
1616941185879691349,1616941185881173869,1.213967
1616941185889787275,1616941185891377326,1.296575
1616941185899890331,1616941185901532633,1.287469
1616941185909922591,1616941185911589972,1.377641
1616941185920078006,1616941185921602630,1.240451
1616941185930244198,1616941185931695779,1.176658
1616941185940413732,1616941185941932604,1.213579
1616941185950438594,1616941185952009132,1.226655
1616941185960669079,1616941185962215032,1.190018
1616941185970766008,1616941185972318209,1.197171
1616941185980863867,1616941185982503505,1.311378
1616941185991030435,1616941185992497399,1.127005
1616941186001251568,1616941186002814700,1.189716
1616941186011349487,1616941186012795043,1.087425
1616941186021573440,1616941186022893161,1.005165
1616941186031730163,1616941186033193835,1.098026
1616941186041845494,1616941186043419263,1.25646
1616941186052097619,1616941186053616982,1.14982
1616941186062201730,1616941186063705602,1.218622
1616941186072434159,1616941186073950425,1.260978
1616941186082466241,1616941186083864689,1.032307
1616941186092552681,1616941186093935870,1.007109
1616941186102711580,1616941186104273881,1.196151
1616941186112819779,1616941186114290594,1.112904
1616941186122879036,1616941186124422094,1.169261
1616941186133043934,1616941186134459497,1.098289
1616941186143196957,1616941186144674624,1.141215
1616941186153415706,1616941186154892500,1.13259
1616941186163517590,1616941186164975632,1.101924
1616941186173617283,1616941186175101726,1.127332
1616941186183721260,1616941186185032475,1.043611
1616941186193818795,1616941186195329829,1.41707
1616941186203991336,1616941186205401510,1.074091
1616941186214185292,1616941186215531199,0.978793
1616941186224422817,1616941186225838691,1.105435
1616941186234546150,1616941186235884527,1.073783
1616941186244765256,1616941186246211450,1.154575
1616941186254932406,1616941186256436036,1.189008
1616941186265154263,1616941186266647255,1.201469
1616941186275327509,1616941186276822600,1.205739
1616941186285550014,1616941186286990887,1.150141
1616941186295726424,1616941186297232976,1.20181
1616941186305963209,1616941186307500905,1.267096
1616941186316137389,1616941186317544734,1.049528
1616941186326361438,1616941186327802930,1.145361
1616941186336527475,1616941186337908722,1.067624
1616941186346703042,1616941186348046891,1.053935
1616941186356876425,1616941186358336951,1.14229
1616941186367010839,1616941186368393852,1.034089
1616941186377232134,1616941186378575197,1.025712
1616941186387451918,1616941186388865039,1.111925
1616941186397691429,1616941186399049518,1.102312
1616941186407916814,1616941186409260119,1.043922
1616941186418165220,1616941186419539504,0.993063
1616941186428385670,1616941186429774926,0.991478
1616941186438557077,1616941186439955477,1.081963
1616941186448795756,1616941186450091602,1.036983
1616941186458968946,1616941186460318026,1.021338
1616941186469191272,1616941186470634533,1.14164
1616941186479411677,1616941186480759836,0.997394
1616941186489643961,1616941186491057012,1.133894
1616941186499877695,1616941186501326348,1.145809
1616941186510105444,1616941186511513921,1.04444
1616941186520333099,1616941186521694092,1.098519
1616941186530547275,1616941186531902535,1.072938
1616941186540789473,1616941186542200629,1.043305
1616941186551008634,1616941186552366534,1.020435
1616941186561237760,1616941186562735285,1.19302
1616941186571478125,1616941186573000442,1.239293
1616941186581697098,1616941186583132038,1.120176
1616941186591915325,1616941186593381620,1.113195
1616941186602153479,1616941186603648150,1.197092
1616941186612378564,1616941186613953531,1.279446
1616941186622514448,1616941186623995127,1.125613
1616941186632733682,1616941186634207986,1.128187
1616941186642892701,1616941186644360635,1.12868
1616941186653113338,1616941186654645617,1.25129
1616941186663331063,1616941186664818527,1.136031
1616941186673559379,1616941186675101772,1.260677
1616941186683798193,1616941186685238589,1.142345
1616941186693964710,1616941186695468949,1.207331
1616941186704185114,1616941186705720290,1.186161
1616941186714357535,1616941186715798387,1.179612
1616941186724527068,1616941186726097071,1.279147
1616941186734681412,1616941186736117508,1.053952
1616941186744915823,1616941186746406758,1.153412
1616941186755130354,1616941186756649333,1.225502
1616941186765306289,1616941186766806449,1.200368
1616941186775472476,1616941186776979510,1.162023
1616941186785713208,1616941186787214029,1.13883
1616941186795929803,1616941186797493311,1.221202
1616941186806112035,1616941186807614824,1.218795
1616941186816348619,1616941186817796993,1.132597
1616941186826468355,1616941186827945044,1.215936
1616941186836699614,1616941186838222935,1.21919
1616941186846818424,1616941186848371391,1.250652
1616941186856942623,1616941186858409149,1.142396
1616941186867123612,1616941186868587370,1.117673
1616941186877247513,1616941186878644314,1.005525
1616941186887374084,1616941186888771049,1.091643
1616941186897535897,1616941186898911633,1.080595
1616941186907706136,1616941186910287358,2.265808
1616941186917812713,1616941186919241607,1.082488
1616941186927988746,1616941186929326810,0.960802
1616941186938179467,1616941186939527274,1.075349
1616941186948398728,1616941186949801721,1.049262
1616941186958516696,1616941186959923570,1.049986
1616941186968735865,1616941186970242607,1.157717
1616941186978899288,1616941186980491567,1.305886
1616941186989116845,1616941186990645965,1.182662
1616941186999278030,1616941187000729983,1.156793
1616941187009450655,1616941187011240585,1.574213
1616941187019669122,1616941187021059898,1.060664
1616941187029888179,1616941187031284895,1.09342
1616941187040114867,1616941187041543893,1.069883
1616941187050239451,1616941187051685178,1.149293
1616941187060418836,1616941187061834868,1.120697
1616941187070598935,1616941187072011676,1.097005
1616941187080820887,1616941187082247969,1.127774
1616941187090993049,1616941187092400969,1.141374
1616941187101203046,1616941187102607178,1.091711
1616941187111382130,1616941187112801308,1.112562
1616941187121556098,1616941187122941156,1.078856
1616941187131734484,1616941187133183686,1.148421
1616941187141952491,1616941187143426959,1.196004
1616941187152126860,1616941187153566452,1.131636
1616941187162253634,1616941187163689943,1.144274
1616941187172428447,1616941187173854374,1.135742
1616941187182552654,1616941187184021197,1.176269
1616941187192726129,1616941187194236265,1.230057
1616941187202837368,1616941187204356327,1.225368
1616941187213011561,1616941187214509931,1.156844
1616941187223188909,1616941187224671266,1.19458
1616941187233411629,1616941187234883430,1.107044
1616941187243529836,1616941187245021862,1.159407
1616941187253650340,1616941187255080851,1.127576
1616941187263769609,1616941187265226378,1.155991
1616941187273932175,1616941187275387703,1.096809
1616941187284109665,1616941187285560478,1.151873
1616941187294228877,1616941187295684316,1.116176
1616941187304398293,1616941187305891654,1.148774
1616941187314569418,1616941187316063302,1.233644
1616941187324739108,1616941187326150541,1.045376
1616941187334958025,1616941187336364604,1.045383
1616941187345127819,1616941187346547017,1.072492
1616941187355351114,1616941187356754715,1.088804
1616941187365524737,1616941187366976365,1.121632
1616941187375743004,1616941187377205502,1.178257
1616941187385903200,1616941187387385534,1.116521
1616941187396123715,1616941187397581016,1.095216
1616941187406295313,1616941187407846235,1.269864
1616941187416525802,1616941187418019628,1.196742
1616941187426699257,1616941187428287279,1.735123
1616941187436837675,1616941187438379973,1.200851
1616941187446965081,1616941187448531077,1.235946
1616941187457081996,1616941187458717771,1.310412
1616941187467233657,1616941187468722508,1.217857
1616941187477278455,1616941187478836027,1.222858
1616941187487383680,1616941187488943519,1.238704
1616941187497542564,1616941187499049366,1.155594
1616941187507620731,1616941187509105213,1.209501
1616941187517644736,1616941187519313115,1.324555
1616941187527766877,1616941187529447709,1.33453
1616941187537922810,1616941187539541557,1.320502
1616941187547992842,1616941187549604464,1.272568
1616941187558027227,1616941187559745787,1.37917
1616941187568264730,1616941187569861431,1.312341
1616941187578446067,1616941187580121442,1.323784
1616941187588670068,1616941187590401670,1.420877
1616941187598780974,1616941187600459060,1.41914
1616941187608959249,1616941187610533254,1.215249
1616941187619060569,1616941187620663240,1.239497
1616941187629153195,1616941187630702796,1.217189
1616941187639311405,1616941187640702198,1.018287
1616941187649474980,1616941187650975535,1.150381
1616941187659515689,1616941187660964075,1.143636
1616941187669676198,1616941187671021834,0.98175
1616941187679777083,1616941187681132766,1.049107
1616941187690004331,1616941187691449723,1.087721
1616941187700096449,1616941187701527038,1.074438
1616941187710228214,1616941187711617922,1.02536
1616941187720387834,1616941187721915632,1.258304
1616941187730489475,1616941187731854016,1.04722
1616941187740643713,1616941187741982664,1.349339
1616941187750748158,1616941187752065512,0.976021
1616941187760879745,1616941187762229528,1.033539
1616941187771050611,1616941187772381299,0.966926
1616941187781276258,1616941187782693969,1.058281
1616941187791499365,1616941187792878295,1.003807
1616941187801567925,1616941187803017036,1.35946
1616941187811730986,1616941187813064014,1.032772
1616941187821955376,1616941187823343591,1.0069
1616941187831994253,1616941187833310220,0.999198
1616941187842016717,1616941187843455515,1.080781
1616941187852037273,1616941187853417970,1.078992
1616941187862185531,1616941187863560597,0.99731
1616941187872343151,1616941187873753562,1.048817
1616941187882381734,1616941187883785198,1.037346
1616941187892554068,1616941187894053240,1.138446
1616941187902733278,1616941187904199452,1.106787
1616941187912961923,1616941187914409355,1.150576
1616941187923180515,1616941187924635070,1.148909
1616941187933400206,1616941187934833253,1.119887
1616941187943619081,1616941187944972578,1.109832
1616941187953832510,1616941187960049205,5.993039
1616941187963989460,1616941187965302868,0.960735
1616941187974174595,1616941187975445252,0.908347
1616941187984371402,1616941187985827996,1.100437
1616941187994540274,1616941187995921310,1.089853
1616941188004758733,1616941188006167208,1.091832
1616941188014929668,1616941188016285758,1.038616
1616941188025107848,1616941188026431283,1.012123
1616941188035330663,1616941188036673537,1.019523
1616941188045550185,1616941188046912260,1.059709
1616941188055778020,1616941188057137911,1.080206
1616941188066005840,1616941188067375347,1.054647
1616941188076166906,1616941188077545072,1.078808
1616941188086335445,1616941188087701769,1.063314
1616941188096555533,1616941188097876081,1.049805
1616941188106725717,1616941188108114976,1.092415
1616941188116934082,1616941188118306634,1.069886
1616941188127121664,1616941188128430682,1.035827
1616941188137295363,1616941188138744112,1.155748
1616941188147468312,1616941188148771233,0.993425
1616941188157691916,1616941188159095202,1.114522
1616941188167914101,1616941188169256508,1.051689
1616941188178112139,1616941188179533118,1.123989
1616941188188341385,1616941188189768043,1.133027
1616941188198469815,1616941188199945288,1.185966
1616941188208641761,1616941188210016164,1.028979
1616941188218810713,1616941188220254451,1.155923
1616941188229047353,1616941188230420791,1.096165
1616941188239298187,1616941188240696484,1.106134
1616941188249525460,1616941188250942063,1.1217
1616941188259744421,1616941188261279553,1.249891
1616941188269978170,1616941188271456961,1.197859
1616941188280200231,1616941188281768762,1.222403
1616941188290307302,1616941188291764463,1.103164
1616941188300422628,1616941188301826302,1.053784
1616941188310539510,1616941188312067381,1.136957
1616941188320674917,1616941188322241190,1.214086
1616941188330831078,1616941188332340760,1.149504
1616941188340944844,1616941188342361206,1.047975
1616941188351058249,1616941188352536560,1.116953
1616941188361244210,1616941188362678020,1.083633
1616941188371404324,1616941188372816545,1.061678
1616941188381578873,1616941188383079614,1.127386
1616941188391763539,1616941188393237942,1.07317
1616941188401928940,1616941188403476073,1.261933
1616941188412106531,1616941188413436117,0.925845
1616941188422233159,1616941188423598125,1.038897
1616941188432409457,1616941188433838351,1.045159
1616941188442516263,1616941188443985147,1.111348
1616941188452620890,1616941188454078322,1.187485
1616941188462726324,1616941188464208760,1.184046
1616941188472846035,1616941188474280524,1.147668
1616941188482961366,1616941188484413705,1.162397
1616941188493101227,1616941188494614541,1.160083
1616941188503267745,1616941188504707179,1.113648
1616941188513436551,1616941188514897323,1.165118
1616941188523597187,1616941188525096035,1.225932
1616941188533766849,1616941188535333317,1.282108
1616941188543938304,1616941188545457033,1.240743
1616941188554104459,1616941188555651066,1.203944
1616941188564222612,1616941188565743956,1.239164
1616941188574390958,1616941188575891893,1.142229
1616941188584564513,1616941188586130541,1.290513
1616941188594733335,1616941188596273361,1.235489
1616941188604955160,1616941188606415441,1.117377
1616941188615171230,1616941188617212351,1.99304
1616941188625403495,1616941188627031243,1.331553
1616941188635626091,1616941188637178294,1.267936
1616941188645841746,1616941188647410856,1.296311
1616941188656008189,1616941188657571561,1.269954
1616941188666165056,1616941188667704990,1.157772
1616941188676340093,1616941188677886870,1.261021
1616941188686458317,1616941188687918147,1.203211
1616941188696625215,1616941188698220790,1.246952
1616941188706807002,1616941188708349790,1.254422
1616941188716924754,1616941188718517315,1.246751
1616941188727101236,1616941188728539840,1.134912
1616941188737223983,1616941188738784414,1.214018
1616941188747395374,1616941188748983904,1.312666
1616941188757518658,1616941188759110456,1.311464
1616941188767641815,1616941188769120446,1.140277
1616941188777814326,1616941188779286920,1.183081
1616941188788039018,1616941188789517576,1.183729
1616941188798173385,1616941188799521986,0.97295
1616941188808301872,1616941188809841719,1.24586
1616941188818428520,1616941188819966351,1.247774
1616941188828647491,1616941188830223571,1.29728
1616941188838759174,1616941188840262203,1.163116
1616941188848980372,1616941188850454169,1.223078
1616941188859151999,1616941188860586391,1.129864
1616941188869371910,1616941188870796024,1.132823
1616941188879596881,1616941188881047383,1.152759
1616941188889823276,1616941188891216551,1.106851
1616941188900055813,1616941188901557595,1.238949
1616941188910264210,1616941188911732152,1.174287
1616941188920438943,1616941188921872095,1.153377
1616941188930661801,1616941188932165915,1.210544
1616941188940882848,1616941188942385214,1.25801
1616941188951121616,1616941188952567977,1.165526
1616941188961348593,1616941188962861753,1.176713
1616941188971575194,1616941188972951823,1.041075
1616941188981810075,1616941188983182544,1.061198
1616941188992050641,1616941188993395529,1.020293
1616941189002251257,1616941189003614635,1.075482
1616941189012425145,1616941189013797797,1.032444
1616941189022556569,1616941189024038864,1.187215
1616941189032736961,1616941189034097950,1.009997
1616941189042861509,1616941189044373660,1.239277
1616941189053035208,1616941189054458192,1.126251
1616941189063209826,1616941189064715168,1.220104
1616941189073384814,1616941189074873852,1.17134
1616941189083594859,1616941189085125300,1.253664
1616941189093827754,1616941189095292790,1.10097
1616941189103990403,1616941189105568467,1.282349
1616941189114175341,1616941189115654229,1.174428
1616941189124342680,1616941189125783830,1.149929
1616941189134508785,1616941189135989686,1.194236
1616941189144678659,1616941189146093849,1.22701
1616941189154775027,1616941189156165675,1.036084
1616941189164807681,1616941189166366177,1.273568
1616941189174908677,1616941189176397341,1.135664
1616941189185090238,1616941189186647688,1.197643
1616941189195256447,1616941189196603759,1.034245
1616941189205364983,1616941189206721254,1.009236
1616941189215521387,1616941189216887777,1.076865
1616941189225696512,1616941189227047231,1.004984
1616941189235918063,1616941189237269434,1.013401
1616941189246115476,1616941189247478173,0.996237
1616941189256292823,1616941189257699083,1.025029
1616941189266409723,1616941189267882951,1.094567
1616941189276584120,1616941189278007722,1.056291
1616941189286712395,1616941189288330642,1.280519
1616941189296873776,1616941189298335079,1.163674
1616941189306965750,1616941189308510425,1.175317
1616941189317133836,1616941189318637420,1.152722
1616941189327350065,1616941189328872987,1.22242
1616941189337435511,1616941189338954579,1.163168
1616941189347589963,1616941189349164706,1.273359
1616941189357691230,1616941189359183914,1.207011
1616941189367849175,1616941189369362760,1.212739
1616941189377952047,1616941189379433685,1.191152
1616941189388019151,1616941189389535157,1.48617
1616941189398096681,1616941189399642881,1.254152
1616941189408256651,1616941189409790515,1.17547
1616941189418267985,1616941189419718670,1.101567
1616941189428296127,1616941189429833510,1.17333
1616941189438359167,1616941189439863942,1.172166
1616941189448600706,1616941189450085745,1.148709
1616941189458754653,1616941189460228111,1.172202
1616941189468908309,1616941189470437663,1.270275
1616941189479067965,1616941189487981656,8.573806
1616941189489232555,1616941189490701335,1.128475
1616941189499415043,1616941189500868790,1.172097
1616941189509516149,1616941189511001238,1.13462
1616941189519552042,1616941189520991180,1.09544
1616941189529706492,1616941189531090640,1.081622
1616941189539750592,1616941189541210373,1.175157
1616941189549829257,1616941189551321147,1.205956
1616941189559987587,1616941189561364318,1.078656
1616941189570036491,1616941189571487277,1.141885
1616941189580267424,1616941189581717187,1.165433
1616941189590322638,1616941189591720222,1.048161
1616941189600383026,1616941189601853541,1.10623
1616941189610456642,1616941189611904940,1.14948
1616941189620554992,1616941189621968194,1.117809
1616941189630711773,1616941189632201185,1.131988
1616941189640943445,1616941189642400778,1.089137
1616941189651105897,1616941189652513480,1.051533
1616941189661333699,1616941189662870447,1.20939
1616941189671559360,1616941189673014654,1.122353
1616941189681798947,1616941189683335657,1.204516
1616941189692037349,1616941189693486459,1.091012
1616941189702224390,1616941189703605118,1.049128
1616941189712403831,1616941189713968849,1.279134
1616941189722570773,1616941189723973895,1.06702
1616941189732788909,1616941189734181882,1.064878
1616941189743021365,1616941189744405837,1.106926
1616941189753244297,1616941189754709062,1.1692
1616941189763478868,1616941189764997069,1.231491
1616941189773717265,1616941189775203814,1.194392
1616941189783933988,1616941189785417861,1.197042
1616941189794168090,1616941189795613129,1.147931
1616941189804398174,1616941189805886976,1.207974
1616941189814566319,1616941189816224155,1.368003
1616941189824786263,1616941189826409594,1.367916
1616941189834956000,1616941189836497009,1.20754
1616941189845178878,1616941189846699067,1.259182
1616941189855400257,1616941189856896260,1.208418
1616941189865618452,1616941189867016497,1.096563
1616941189875776377,1616941189877175454,1.089199
1616941189885993648,1616941189887510322,1.225898
1616941189896226954,1616941189897727889,1.208225
1616941189906397801,1616941189907952277,1.257839
1616941189916618531,1616941189918213770,1.311088
1616941189926780919,1616941189928345197,1.306965
1616941189936954647,1616941189938519562,1.299779
1616941189947115727,1616941189948650479,1.164068
1616941189957290617,1616941189958833374,1.237276
1616941189967417972,1616941189968960283,1.173686
1616941189977530848,1616941189979013351,1.178344
1616941189987647989,1616941189989187999,1.199914
1616941189997808564,1616941189999250395,1.150723
1616941190008025748,1616941190009481643,1.171771
1616941190018223262,1616941190019721330,1.205989
1616941190028452473,1616941190029977456,1.234455
1616941190038622442,1616941190040036258,1.049661
1616941190048787400,1616941190050230870,1.145009
1616941190058904188,1616941190060407197,1.20085
1616941190069069120,1616941190070584418,1.223539
1616941190079295286,1616941190080790894,1.187347
1616941190089514656,1616941190090998049,1.195202
1616941190099684770,1616941190101099818,1.053498
1616941190109913956,1616941190111423216,1.212689
1616941190120130151,1616941190121668963,1.250728
1616941190130297562,1616941190131836358,1.232192
1616941190140546620,1616941190142021667,1.131127
1616941190150715301,1616941190152198698,1.190251
1616941190160945425,1616941190162414743,1.189635
1616941190171178487,1616941190172702409,1.25193
1616941190181399224,1616941190182860134,1.178521
1616941190191616476,1616941190193197137,1.621205
1616941190201793392,1616941190203219882,1.064534
1616941190212012108,1616941190213403837,1.089927
1616941190222230630,1616941190223625333,1.096351
1616941190232403041,1616941190233833195,1.135725
1616941190242569489,1616941190244005397,1.140237
1616941190252788077,1616941190254165482,1.094735
1616941190262980004,1616941190264394672,1.115
1616941190273205321,1616941190274556736,1.049513
1616941190283388667,1616941190284802474,1.032596
1616941190293610091,1616941190295027662,1.029088
1616941190303737726,1616941190305137935,1.017026
1616941190313900921,1616941190315295338,1.017285
1616941190324125980,1616941190325565764,1.142522
1616941190334247707,1616941190335692853,1.076369
1616941190344432160,1616941190345793709,0.980651
1616941190354554089,1616941190355925603,1.044755
1616941190364681522,1616941190366076101,1.062859
1616941190374804060,1616941190376150630,0.976682
1616941190384969958,1616941190386366105,1.012631
1616941190395087492,1616941190396487288,1.049373
1616941190405307548,1616941190406808469,1.125513
1616941190415529676,1616941190416887635,0.990759
1616941190425712639,1616941190427179946,1.111208
1616941190435950434,1616941190437367026,1.008989
1616941190446188043,1616941190447640298,1.107088
1616941190456400701,1616941190457738072,0.955224
1616941190466619454,1616941190468055868,1.071698
1616941190476840491,1616941190478295359,1.149768
1616941190486993562,1616941190488433946,1.127308
1616941190497202285,1616941190498700999,1.189548
1616941190507367331,1616941190508863869,1.196188
1616941190517578726,1616941190518980259,1.098599
1616941190527788968,1616941190529185751,1.085353
1616941190538006029,1616941190539530001,1.2518
1616941190548221789,1616941190549638708,1.108995
1616941190558388908,1616941190559779670,1.085582
1616941190568559037,1616941190569978253,1.119009
1616941190578782256,1616941190580258144,1.194741
1616941190589015604,1616941190590434902,1.092873
1616941190599263146,1616941190600666493,1.144342
1616941190609498073,1616941190610966813,1.171938
1616941190619729240,1616941190621173327,1.165056
1616941190629957295,1616941190631408027,1.158834
1616941190640177166,1616941190641662521,1.216594
1616941190650346509,1616941190651777251,1.135312
1616941190660564417,1616941190662017754,1.165538
1616941190670734594,1616941190672179517,1.175556
1616941190680954968,1616941190682393983,1.175932
1616941190691171367,1616941190692560154,1.11477
1616941190701397153,1616941190702766363,1.052704
1616941190711577403,1616941190712904356,1.09768
1616941190721797503,1616941190723174626,1.086079
1616941190732025181,1616941190733488749,1.206143
1616941190742225325,1616941190743625409,1.101221
1616941190752451868,1616941190753842994,1.086338
1616941190762623381,1616941190763938197,1.049178
1616941190772842598,1616941190774131168,1.023804
1616941190783061209,1616941190784438394,1.120014
1616941190793289379,1616941190794662726,1.049352
1616941190803511066,1616941190804840209,1.071602
1616941190813736905,1616941190815197865,1.14989
1616941190823968644,1616941190825427276,1.18956
1616941190834197607,1616941190835593217,1.157031
1616941190844415459,1616941190845981535,1.268824
1616941190854584530,1616941190856072198,1.182212
1616941190864804145,1616941190866356559,1.290574
1616941190875033580,1616941190876487000,1.164008
1616941190885251618,1616941190887103419,1.49442
1616941190895433048,1616941190896878898,1.102422
1616941190905467121,1616941190906975346,1.163545
1616941190915692168,1616941190917188179,1.180551
1616941190925850073,1616941190927360837,1.18678
1616941190936070714,1616941190937526749,1.154708
1616941190946224369,1616941190947797592,1.23633
1616941190956325793,1616941190957830691,1.155743
1616941190966428704,1616941190967911202,1.147567
1616941190976551167,1616941190978057085,1.147262
1616941190986707268,1616941190988247111,1.192405
1616941190996848905,1616941190998834267,1.821015
1616941191007000395,1616941191008411034,1.083996
1616941191017148231,1616941191018592163,1.087597
1616941191027192461,1616941191028710512,1.236385
1616941191037289723,1616941191038771722,1.14443
1616941191047391086,1616941191048841901,1.165354
1616941191057611860,1616941191059135750,1.23317
1616941191067709122,1616941191069127285,1.108567
1616941191077741754,1616941191079152820,1.114728
1616941191087843623,1616941191089299704,1.100992
1616941191098040856,1616941191099534012,1.207432
1616941191108134375,1616941191109585302,1.166306
1616941191118291380,1616941191119765320,1.124568
1616941191128395615,1616941191129872541,1.141054
1616941191138554140,1616941191140018485,1.196401
1616941191148768598,1616941191150251547,1.190788
1616941191158814151,1616941191160241486,1.063379
1616941191169036298,1616941191170525444,1.134957
1616941191179250365,1616941191180769855,1.203569
1616941191189479073,1616941191190882579,1.046942
1616941191199640506,1616941191201190273,1.207236
1616941191209767067,1616941191211225334,1.130293
1616941191219782026,1616941191221210626,1.06596
1616941191229946860,1616941191231424583,1.110848
1616941191240177246,1616941191241636181,1.134821
1616941191250294807,1616941191251738679,1.152654
1616941191260451050,1616941191261968884,1.194629
1616941191270553710,1616941191271910073,1.032585
1616941191280775215,1616941191282145894,1.006075
1616941191290878511,1616941191292253676,1.005061
1616941191300899816,1616941191302311242,1.030892
1616941191311002639,1616941191312516059,1.140129
1616941191321156896,1616941191322636046,1.131078
1616941191331253673,1616941191332729949,1.128452
1616941191341417704,1616941191342820840,1.025927
1616941191351582930,1616941191353080361,1.17369
1616941191361690315,1616941191363127390,1.078265
1616941191371824970,1616941191373236993,1.05173
1616941191381922375,1616941191383330358,1.030564
1616941191391975627,1616941191393464080,1.16702
1616941191402178172,1616941191403567176,1.022115
1616941191412278008,1616941191413718226,1.062811
1616941191422398282,1616941191423869747,1.128183
1616941191432534074,1616941191433872278,0.990784
1616941191442702698,1616941191444100134,1.030268
1616941191452918197,1616941191454354752,1.080595
1616941191463077761,1616941191464613450,1.218157
1616941191473197871,1616941191474680985,1.161995
1616941191483413608,1616941191484795256,0.996897
1616941191493574753,1616941191494955281,1.082881
1616941191503790497,1616941191505180593,1.091467
1616941191514024266,1616941191515492968,1.170547
1616941191524251228,1616941191525720744,1.189772
1616941191534419072,1616941191536154603,1.465296
1616941191544639765,1616941191546270392,1.290561
1616941191554808670,1616941191556341649,1.265388
1616941191565027709,1616941191566742587,1.435441
1616941191575250183,1616941191576863927,1.352363
1616941191585484269,1616941191586998711,1.219837
1616941191595703496,1616941191597220584,1.226542
1616941191605931601,1616941191607444454,1.215861
1616941191616159857,1616941191617660993,1.223137
1616941191626273223,1616941191627919245,1.370042
1616941191636432107,1616941191637833587,1.072508
1616941191646654370,1616941191648133470,1.203109
1616941191656886128,1616941191658422202,1.263373
1616941191667121647,1616941191668638620,1.232091
1616941191677341604,1616941191678853769,1.217185
1616941191687558968,1616941191689016037,1.107637
1616941191697781636,1616941191699283147,1.214326
1616941191708000270,1616941191709415661,1.057473
1616941191718227210,1616941191719745147,1.238422
1616941191728447016,1616941191729942537,1.201341
1616941191738615924,1616941191740116028,1.236827
1616941191748835218,1616941191750370692,1.255608
1616941191759069388,1616941191760580648,1.221646
1616941191769290690,1616941191770868965,1.227521
1616941191779519339,1616941191780997331,1.186642
1616941191789752277,1616941191791211484,1.161445
1616941191799970617,1616941191801847584,1.756294
1616941191810016771,1616941191811408907,1.071769
1616941191820252969,1616941191821695924,1.155071
1616941191830421259,1616941191831867304,1.161438
1616941191840639737,1616941191842098119,1.187312
1616941191850808222,1616941191852261599,1.154607
1616941191861025298,1616941191862547051,1.25186
1616941191871258321,1616941191872699368,1.144469
1616941191881476079,1616941191882858628,1.032776
1616941191891651451,1616941191893051023,1.191132
1616941191901827283,1616941191903228525,1.110127
1616941191912002951,1616941191913418242,1.115208
1616941191922179130,1616941191923634104,1.170131
1616941191932415635,1616941191933992899,1.288404
1616941191942580153,1616941191944063115,1.147417
1616941191952759784,1616941191954251080,1.168776
1616941191962929915,1616941191964404913,1.154862
1616941191973154166,1616941191974626027,1.14338
1616941191983318739,1616941191984729741,1.07408
1616941191993491033,1616941191994897428,1.046583
1616941192003711171,1616941192005113793,1.05841
1616941192013926961,1616941192015309903,1.012462
1616941192024144064,1616941192025549539,1.052317
1616941192034303493,1616941192035825479,1.177808
1616941192044520419,1616941192045996343,1.128726
1616941192054694329,1616941192056062843,1.035108
1616941192064847317,1616941192066356802,1.258007
1616941192075059250,1616941192076487775,1.088174
1616941192085271033,1616941192086662805,1.118067
1616941192095450304,1616941192096824370,1.06009
1616941192105664845,1616941192107134893,1.173992
1616941192115831608,1616941192117291337,1.170753
1616941192126067220,1616941192127485024,1.137885
1616941192136237655,1616941192137580956,1.052228
1616941192146401353,1616941192147753559,1.098821
1616941192156617779,1616941192158019884,1.110598
1616941192166791278,1616941192168131363,1.062249
1616941192177009807,1616941192178329640,1.066979
1616941192187226578,1616941192188560660,1.030981
1616941192197449802,1616941192198842784,1.100929
1616941192207682601,1616941192209076123,1.048164
1616941192217906406,1616941192219306282,1.139983
1616941192228138246,1616941192229512397,1.083519
1616941192238294017,1616941192239733880,1.147206
1616941192248512071,1616941192249859095,1.069814
1616941192258693999,1616941192260084649,1.117778
1616941192268912896,1616941192270285519,1.101198
1616941192279133060,1616941192280418944,0.945493
1616941192289378204,1616941192290805589,1.131912
1616941192299604595,1616941192301019387,1.114238
1616941192309836684,1616941192311249492,1.119309
1616941192320054368,1616941192321491857,1.142736
1616941192330226854,1616941192331597910,1.060054
1616941192340455013,1616941192341929568,1.197873
1616941192350626314,1616941192354675588,3.78106
1616941192360696314,1616941192362035055,1.057644
1616941192370863239,1616941192372217601,1.086224
1616941192381023007,1616941192382435099,1.136553
1616941192391239509,1616941192392657771,1.149435
1616941192401404014,1616941192402749465,0.995097
1616941192411620714,1616941192412954017,1.030885
1616941192421794954,1616941192423145821,1.056546
1616941192431960526,1616941192433339950,1.118151
1616941192442198725,1616941192443621590,1.131424
1616941192452446741,1616941192453828316,1.090901
1616941192462618727,1616941192463943257,1.035599
1616941192472841221,1616941192474225447,1.093039
1616941192482994679,1616941192484460594,1.175266
1616941192493238951,1616941192494612141,1.087539
1616941192503459177,1616941192504849682,1.103876
1616941192513685019,1616941192515070594,1.092192
1616941192523916988,1616941192525333677,1.043057
1616941192534157585,1616941192535649803,1.213881
1616941192544383928,1616941192545863583,1.190126
1616941192554556777,1616941192556019913,1.182102
1616941192564790871,1616941192566348231,1.274437
1616941192574961611,1616941192576499768,1.253996
1616941192585188600,1616941192586724558,1.241113
1616941192595347158,1616941192596817665,1.182503
1616941192605571311,1616941192607446295,1.80407
1616941192615639639,1616941192617090821,1.173491
1616941192625857372,1616941192627261953,1.04268
1616941192636081007,1616941192637519634,1.14908
1616941192646223092,1616941192647655405,1.159788
1616941192656443359,1616941192657831142,1.685948
1616941192666572474,1616941192668077588,1.164646
1616941192676671974,1616941192678146706,1.178178
1616941192686760415,1616941192688305561,1.206281
1616941192696908852,1616941192698375511,1.191728
1616941192707098979,1616941192708607691,1.1727
1616941192717323963,1616941192718795886,1.111799
1616941192727480568,1616941192728924510,1.11328
1616941192737640014,1616941192739205422,1.290332
1616941192747858914,1616941192749286035,1.068342
1616941192757967896,1616941192759488989,1.175274
1616941192768095376,1616941192769597118,1.192118
1616941192778156285,1616941192779714431,1.209084
1616941192788378338,1616941192789846989,1.122757
1616941192798421789,1616941192800023827,1.275012
1616941192808639651,1616941192810210546,1.283253
1616941192818799825,1616941192820351004,1.279991
1616941192828961191,1616941192830444138,1.246249
1616941192839079259,1616941192840625978,1.211978
1616941192849184048,1616941192850749695,1.229525
1616941192859410474,1616941192860896356,1.220315
1616941192869565155,1616941192870994823,1.080364
1616941192879610020,1616941192881036249,1.142844
1616941192889783573,1616941192891276639,1.1384
1616941192899933386,1616941192901372424,1.114952
1616941192909992756,1616941192911398018,1.08888
1616941192920239853,1616941192921737955,1.182046
1616941192930337427,1616941192931720255,1.057854
1616941192940579481,1616941192942034455,1.105264
1616941192950738617,1616941192952101051,1.027513
1616941192960907232,1616941192962358862,1.186408
1616941192970948935,1616941192972308820,1.035286
1616941192981050887,1616941192982460959,1.119126
1616941192991133450,1616941192992430297,0.949826
1616941193001359168,1616941193008727878,7.022928
1616941193011586946,1616941193012888836,0.982671
1616941193021640100,1616941193023015617,1.096768
1616941193031866267,1616941193033307599,1.073912
1616941193041961496,1616941193043481200,1.224409
1616941193052110090,1616941193053538720,1.138936
1616941193062215837,1616941193063702518,1.132243
1616941193072244082,1616941193073750769,1.164036
1616941193082365540,1616941193083916030,1.176528
1616941193092549179,1616941193094099628,1.192358
1616941193102644740,1616941193104144003,1.14847
1616941193112758435,1616941193114223600,1.119552
1616941193122863889,1616941193124379923,1.179054
1616941193133087209,1616941193134576359,1.144698
1616941193143306669,1616941193144713973,1.089152
1616941193153525852,1616941193154955641,1.087094
1616941193163629229,1616941193164982753,0.976527
1616941193173684075,1616941193175160166,1.052028
1616941193183837826,1616941193185375731,1.135257
1616941193193928939,1616941193196705501,2.515156
1616941193203954015,1616941193205316280,0.984315
1616941193214067521,1616941193215434763,1.003467
1616941193224291642,1616941193225650158,0.966063
1616941193234354734,1616941193235704065,1.052455
1616941193244523721,1616941193245880609,1.00964
1616941193254692047,1616941193256052888,1.032692
1616941193264920367,1616941193266319550,1.0649
1616941193274997852,1616941193276443010,1.163749
1616941193285161191,1616941193286630577,1.127963
1616941193295385272,1616941193296841272,1.110773
1616941193305478721,1616941193306861142,0.986054
1616941193315702033,1616941193317194501,1.237939
1616941193325923612,1616941193327416025,1.150284
1616941193336143691,1616941193337533292,1.051973
1616941193346315529,1616941193347816600,1.164981
1616941193356537869,1616941193358057180,1.210981
1616941193366707799,1616941193368271280,1.23976
1616941193376942697,1616941193378557906,1.278046
1616941193387161144,1616941193388805112,1.315009
1616941193397342731,1616941193398853514,1.158429
1616941193407517524,1616941193409513898,1.760713
1616941193417542300,1616941193419039179,1.22148
1616941193427769732,1616941193429235866,1.169487
1616941193437997671,1616941193439431866,1.094842
1616941193448229840,1616941193449758599,1.191869
1616941193458353762,1616941193459829024,1.1316
1616941193468577390,1616941193470067583,1.1566
1616941193478749866,1616941193480211662,1.114907
1616941193488978150,1616941193490457127,1.238663
1616941193499200182,1616941193500720241,1.239353
1616941193509417086,1616941193510830371,1.059854
1616941193519595978,1616941193521046737,1.181251
1616941193529822149,1616941193531290089,1.174646
1616941193539989648,1616941193541322210,0.975635
1616941193550221715,1616941193551606361,1.099839
1616941193560459991,1616941193561887913,1.128075
1616941193570626153,1616941193572031664,1.104013
1616941193580843916,1616941193582234698,1.097097
1616941193591076217,1616941193592486461,1.112442
1616941193601294386,1616941193602731993,1.180965
1616941193611514307,1616941193612891987,1.067698
1616941193621736163,1616941193623176155,1.160274
1616941193631956580,1616941193633465651,1.210856
1616941193642179116,1616941193643650244,1.190245
1616941193652397553,1616941193653811975,1.127632
1616941193662581850,1616941193664060058,1.191473
1616941193672755048,1616941193674065669,1.057548
1616941193682991431,1616941193684421912,1.130481
1616941193693219975,1616941193694660643,1.06548
1616941193703460119,1616941193704866889,1.130652
1616941193713636016,1616941193715063864,1.21829
1616941193723853437,1616941193725273291,1.120054
1616941193734023997,1616941193735444352,1.135814
1616941193744191362,1616941193745562841,1.115287
1616941193754415163,1616941193755986048,1.291594
1616941193764634435,1616941193766236886,1.318869
1616941193774789694,1616941193776382772,1.337206
1616941193785010719,1616941193786619271,1.30393
1616941193795175838,1616941193796610819,1.09025
1616941193805301184,1616941193806786851,1.141004
1616941193815486395,1616941193817088165,1.307145
1616941193825657931,1616941193827056380,1.047959
1616941193835882563,1616941193837360759,1.207235
1616941193846109424,1616941193847709426,1.252801
1616941193856298552,1616941193857843021,1.192652
1616941193866523436,1616941193867997010,1.188008
1616941193876702179,1616941193878192337,1.191573
1616941193886866155,1616941193888347971,1.230234
1616941193897045917,1616941193898631587,3.646926
1616941193907214251,1616941193908840957,1.298696
1616941193917427350,1616941193918943008,1.154362
1616941193927641731,1616941193929059997,1.117125
1616941193937859233,1616941193939272746,1.109979
1616941193948076967,1616941193949494458,1.140814
1616941193958184293,1616941193959633860,1.16638
1616941193968360129,1616941193969866466,1.153909
1616941193978481610,1616941193979934461,1.105613
1616941193988697687,1616941193990069095,1.070045
1616941193998818872,1616941194000412864,1.303536
1616941194009042058,1616941194010366362,0.950953
1616941194019268814,1616941194020697178,1.137899
1616941194029436346,1616941194030823119,1.12731
1616941194039596473,1616941194041109552,1.227357
1616941194049765849,1616941194051227556,1.120826
1616941194059932153,1616941194061336783,1.129338
1616941194070107694,1616941194071591440,1.215004
1616941194080277982,1616941194081677296,1.095117
1616941194090444636,1616941194091915606,1.137068
1616941194100614461,1616941194102052029,1.077649
1616941194110734442,1616941194112185556,1.155357
1616941194120840171,1616941194122427027,1.340492
1616941194131008018,1616941194132498608,1.2229
1616941194141177891,1616941194142790662,1.337319
1616941194151337096,1616941194152805939,1.205687
1616941194161508341,1616941194162953765,1.177402
1616941194171676447,1616941194173140928,1.191212
1616941194181843301,1616941194183278176,1.086783
1616941194192011526,1616941194193568109,1.290101
1616941194202175679,1616941194203611644,1.15346
1616941194212345869,1616941194214388129,1.984854
1616941194222505728,1616941194223967522,1.237169
1616941194232675267,1616941194234168536,1.228305
1616941194242832299,1616941194244324306,1.216161
1616941194253069432,1616941194254598471,1.258824
1616941194263305646,1616941194264741207,1.084582
1616941194273530658,1616941194274992990,1.199561
1616941194283756468,1616941194285267265,1.209838
1616941194293974522,1616941194295442264,1.177947
1616941194304199590,1616941194305689654,1.200158
1616941194314320293,1616941194315786137,1.211361
1616941194324540441,1616941194326114439,1.236282
1616941194334750380,1616941194336250948,1.211115
1616941194344926986,1616941194346367749,1.177281
1616941194355049128,1616941194356518031,1.242333
1616941194365205077,1616941194366538548,1.038092
1616941194375382144,1616941194376698023,0.975984
1616941194385544864,1616941194386949354,1.49195
1616941194395644649,1616941194396933937,0.883905
1616941194405727875,1616941194407073591,0.939003
1616941194415808207,1616941194417147340,0.928784
1616941194425828010,1616941194427205081,0.96573
1616941194435909560,1616941194437267184,0.950566
1616941194445978284,1616941194447335573,0.933525
1616941194456049828,1616941194457324929,0.843887
1616941194466129800,1616941194467451678,0.894107
1616941194476210332,1616941194477625301,0.999204
1616941194486314158,1616941194487696284,0.992117
1616941194496472653,1616941194497886778,1.060106
1616941194506575492,1616941194507996633,1.043763
1616941194516793916,1616941194518263688,1.130444
1616941194526897833,1616941194528372466,1.144644
1616941194536964024,1616941194538506914,1.237809
1616941194547185608,1616941194548686037,1.213024
1616941194557219518,1616941194558640225,1.08113
1616941194567315790,1616941194568696959,1.115686
1616941194577543176,1616941194579050373,1.210082
1616941194587584074,1616941194589048946,1.176143
1616941194597739798,1616941194599209684,1.164374
1616941194607843382,1616941194609257084,1.139098
1616941194617946591,1616941194619389636,1.077828
1616941194628112675,1616941194629540920,1.149527
1616941194638231673,1616941194639776859,1.211005
1616941194648337697,1616941194649798478,1.101378
1616941194658450753,1616941194659889746,1.073021
1616941194668549507,1616941194670035266,1.153579
1616941194678643617,1616941194680086826,1.063349
1616941194688811490,1616941194690274319,1.108568
1616941194698911691,1616941194700376333,1.108996
1616941194709007248,1616941194710426470,1.101254
1616941194719055171,1616941194720418875,2.629996
1616941194729208537,1616941194730657801,1.098589
1616941194739318822,1616941194740809243,1.116952
1616941194749423843,1616941194750871451,1.102356
1616941194759532925,1616941194760990362,1.118263
1616941194769644858,1616941194771060971,1.045431
1616941194779809973,1616941194781262972,1.092754
1616941194789926826,1616941194791396542,1.106886
1616941194800113407,1616941194801654089,1.256433
1616941194810224063,1616941194811683436,1.198201
1616941194820395036,1616941194821930457,1.248182
1616941194830515526,1616941194831985318,1.136015
1616941194840691237,1616941194842149266,1.169437
1616941194850880844,1616941194852444793,1.307877
1616941194861064880,1616941194862500247,1.131676
1616941194871242448,1616941194872654234,1.137066
1616941194881418998,1616941194882915573,1.193623
1616941194891593817,1616941194893080338,1.191974
1616941194901769199,1616941194903215794,1.148614
1616941194911943918,1616941194913430817,1.201573
1616941194922121794,1616941194923511747,1.101412
1616941194932294612,1616941194933711372,1.128135
1616941194942418567,1616941194943837607,1.145107
1616941194952596829,1616941194954017399,1.140341
1616941194962721902,1616941194964218048,1.22592
1616941194972897193,1616941194974301810,1.072665
1616941194983071471,1616941194984892959,1.755323
1616941194993106520,1616941194994595538,1.120582
1616941195003269612,1616941195004677785,1.062504
1616941195013427753,1616941195014701723,0.906982
1616941195023577489,1616941195024890420,0.942806
1616941195033729837,1616941195035116063,1.041933
1616941195043950429,1616941195045380423,1.067568
1616941195054211840,1616941195055667684,1.105112
1616941195064377925,1616941195065917512,1.204801
1616941195074606397,1616941195075995854,1.03799
1616941195084745313,1616941195086152881,1.066785
1616941195094841929,1616941195096215433,0.997629
1616941195104935115,1616941195106379942,1.058907
1616941195115013675,1616941195116373415,0.943538
1616941195125135048,1616941195126415908,0.852184
1616941195135277351,1616941195136598727,0.981646
1616941195145316168,1616941195146787902,1.17327
1616941195155549432,1616941195156957711,1.109033
1616941195165758363,1616941195167234150,1.130049
1616941195175978064,1616941195177394154,1.101213
1616941195186168010,1616941195187548529,1.108761
1616941195196403538,1616941195197737415,1.030132
1616941195206584056,1616941195208014515,1.150732
1616941195216813825,1616941195218294705,1.142118
1616941195226927315,1616941195228424882,1.13812
1616941195237147090,1616941195238644167,1.16806
1616941195247365618,1616941195248802516,1.171292
1616941195257543876,1616941195258954553,1.137963
1616941195267710183,1616941195269143341,1.14572
1616941195277884302,1616941195279263335,1.019421
1616941195288101852,1616941195289470243,1.075781
1616941195298223773,1616941195299606786,1.034099
1616941195308351388,1616941195309806245,1.18117
1616941195318479713,1616941195319872404,1.130561
1616941195328616382,1616941195330026904,1.055849
1616941195338721970,1616941195340056337,1.063648
1616941195348914080,1616941195350293730,1.011024
1616941195359005949,1616941195360415065,1.039477
1616941195369223611,1616941195370751318,1.184765
1616941195379457953,1616941195380874149,1.138264
1616941195389678141,1616941195391136474,1.138413
1616941195399806398,1616941195401179750,1.01142
1616941195409997740,1616941195411432714,1.08287
1616941195420163624,1616941195421574743,1.055683
1616941195430280553,1616941195431615623,0.971727
1616941195440500192,1616941195441880318,1.087161
1616941195450688398,1616941195452091657,1.096305
1616941195460901650,1616941195462322913,1.128006
1616941195471113260,1616941195472533680,1.119421
1616941195481294566,1616941195482729391,1.097193
1616941195491522514,1616941195493052498,1.282108
1616941195501690595,1616941195503092119,1.076931
1616941195511915154,1616941195513421075,1.236802
1616941195522137253,1616941195523484478,1.061399
1616941195532370125,1616941195533815422,1.155666
1616941195542494087,1616941195543855256,0.999764
1616941195552711305,1616941195554172921,1.184235
1616941195562931269,1616941195564347124,1.127697
1616941195573177041,1616941195574567141,1.094537
1616941195583415353,1616941195584698612,1.010505
1616941195593630250,1616941195595002086,1.109703
1616941195603798544,1616941195605209597,1.127729
1616941195614040755,1616941195615580698,1.244502
1616941195624268774,1616941195625761141,1.218582
1616941195634388286,1616941195635908635,1.228346
1616941195644562472,1616941195646066491,1.234091
1616941195654683110,1616941195656184100,1.228951
1616941195664900893,1616941195666293483,1.1054
1616941195675116644,1616941195676480389,1.063106
1616941195685337341,1616941195686722111,1.126559
1616941195695551218,1616941195696887799,1.027266
1616941195705720384,1616941195707172890,1.123947
1616941195715885180,1616941195717422527,1.267924
1616941195726096721,1616941195727539466,1.10144
1616941195736269572,1616941195737828648,1.249212
1616941195746395226,1616941195747915527,1.212592
1616941195756572633,1616941195758103422,1.214266
1616941195766743042,1616941195768271970,1.253551
1616941195776977773,1616941195778940318,1.895612
1616941195787091852,1616941195788686547,1.319918
1616941195797270276,1616941195798761788,1.126068
1616941195807440653,1616941195808904465,1.131573
1616941195817618343,1616941195819063820,1.148775
1616941195827837536,1616941195829231754,1.052456
1616941195838084977,1616941195839505297,1.129387
1616941195848304047,1616941195849760411,1.176761
1616941195858473484,1616941195859971923,1.218963
1616941195868686414,1616941195870083912,1.060515
1616941195878851276,1616941195880440959,1.259747
1616941195889068104,1616941195890540513,1.129635
1616941195899281210,1616941195900763997,1.129623
1616941195909457315,1616941195910922413,1.142771
1616941195919671370,1616941195921079298,1.058565
1616941195929899624,1616941195931322167,1.083379
1616941195940127891,1616941195941720644,1.318878
1616941195950306474,1616941195951731769,1.153691
1616941195960528711,1616941195961984957,1.110144
1616941195970698371,1616941195972118752,1.061407
1616941195980920508,1616941195982326965,1.032601
1616941195991144878,1616941195992561828,1.122811
1616941196001379622,1616941196002976599,1.333626
1616941196011607471,1616941196013060314,1.152476
1616941196021777235,1616941196023162947,1.078582
1616941196032001789,1616941196033452347,1.156476
1616941196042231797,1616941196043748860,1.239505
1616941196052454509,1616941196053826970,1.08304
1616941196062624877,1616941196064063389,1.135903
1616941196072857177,1616941196074323438,1.159855
1616941196083103479,1616941196084555229,1.179463
1616941196093333083,1616941196094746181,1.119429
1616941196103553932,1616941196104905090,1.036896
1616941196113786444,1616941196115304555,1.228864
1616941196124002357,1616941196125831242,1.455764
1616941196134144796,1616941196135657955,1.133501
1616941196144371064,1616941196146316741,1.733183
1616941196154476305,1616941196156047473,1.211513
1616941196164570399,1616941196166073566,1.166136
1616941196174643077,1616941196176145497,1.153922
1616941196184865246,1616941196186390457,1.165482
1616941196194922933,1616941196196439205,1.206196
1616941196205011092,1616941196206399050,1.019828
1616941196215099432,1616941196216495600,1.037287
1616941196225332583,1616941196226831389,1.24816
1616941196235548875,1616941196237136337,1.300165
1616941196245649813,1616941196247121756,1.12119
1616941196255868502,1616941196257465361,1.307485
1616941196266109600,1616941196267616616,1.22571
1616941196276214919,1616941196277758203,1.233356
1616941196286308333,1616941196287839744,1.253969
1616941196296453825,1616941196298046113,1.247777
1616941196306611802,1616941196308109541,1.160927
1616941196316650614,1616941196318331221,1.335919
1616941196326759953,1616941196328274543,1.23865
1616941196336893121,1616941196338419597,1.222011
1616941196346995287,1616941196348567180,1.225151
1616941196357174452,1616941196358806787,1.293954
1616941196367355183,1616941196368901460,1.161737
1616941196377460962,1616941196379061944,1.282221
1616941196387532654,1616941196389041027,1.215528
1616941196397688049,1616941196399309513,1.335848
1616941196407719544,1616941196409349150,1.346761
1616941196417880756,1616941196419516970,1.304143
1616941196428040093,1616941196429597796,1.220888
1616941196438232715,1616941196439688279,1.104577
1616941196448301964,1616941196450112409,1.471975
1616941196458401648,1616941196459904343,1.218817
1616941196468617689,1616941196470225495,1.28663
1616941196478796279,1616941196480321635,1.176081
1616941196488896956,1616941196490439665,1.30971
1616941196499032762,1616941196500422569,1.165355
1616941196509086916,1616941196510608456,1.206793
1616941196519145467,1616941196520681371,1.264815
1616941196529374150,1616941196530872713,1.15001
1616941196539466874,1616941196541057139,1.281033
1616941196549484675,1616941196550995080,1.175354
1616941196559585971,1616941196561202645,1.675808
1616941196569610096,1616941196571140917,1.148267
1616941196579702109,1616941196581154306,1.065835
1616941196589857808,1616941196591348486,1.065588
1616941196599951036,1616941196601360518,0.990403
1616941196610112795,1616941196611497699,0.983404
1616941196620334286,1616941196621742856,1.054297
1616941196630518875,1616941196631893562,1.016609
1616941196640676948,1616941196642038003,0.993255
1616941196650900653,1616941196652322739,1.08323
1616941196661088683,1616941196662685694,1.273169
1616941196671341366,1616941196672836577,1.163479
1616941196681572653,1616941196682960850,1.044348
1616941196691793875,1616941196693142600,1.048262
1616941196702039444,1616941196703488110,1.110649
1616941196712257750,1616941196713645576,1.100221
1616941196722429305,1616941196723850116,1.14862
1616941196732648519,1616941196734105399,1.164793
1616941196742818397,1616941196744202415,1.094333
1616941196753056809,1616941196754413058,1.093033
1616941196763278717,1616941196764679881,1.105131
1616941196773508023,1616941196775052002,1.395524
1616941196783728171,1616941196785081160,1.018365
1616941196793976579,1616941196795440273,1.192391
1616941196804208039,1616941196805737918,1.232476
1616941196814378325,1616941196815738636,1.089368
1616941196824601399,1616941196825960723,1.066094
1616941196834775184,1616941196836216884,1.155584
1616941196844996201,1616941196846430446,1.169384
1616941196855169795,1616941196856553354,1.1136
1616941196865393563,1616941196866754801,1.003433
1616941196875620802,1616941196876996785,1.100982
1616941196885850859,1616941196887203252,1.037696
1616941196896026644,1616941196897384404,1.072021
1616941196906181666,1616941196907551880,1.078896
1616941196916402722,1616941196917718217,1.016703
1616941196926572311,1616941196927876619,0.986079
1616941196936792283,1616941196938089147,0.990377
1616941196947009022,1616941196948395674,1.01277
1616941196957192353,1616941196958566191,1.026014
1616941196967374826,1616941196968761473,1.053144
1616941196977552482,1616941196978895257,1.031032
1616941196987776383,1616941196989163258,1.111739
1616941196998017032,1616941196999505657,1.138313
1616941197008244847,1616941197009685753,1.124162
1616941197018415290,1616941197019818586,1.056762
1616941197028666661,1616941197030093872,1.085802
1616941197038835545,1616941197040243436,1.055896
1616941197049068388,1616941197050505894,1.126395
1616941197059313336,1616941197060689753,1.063873
1616941197069541219,1616941197070992708,1.15664
1616941197079762924,1616941197081155155,1.055574
1616941197089983218,1616941197091462517,1.15954
1616941197100216221,1616941197101632483,1.064209
1616941197110385875,1616941197111769752,1.097633
1616941197120612586,1616941197122076140,1.124013
1616941197130777294,1616941197132253289,1.143815
1616941197141000720,1616941197142519464,1.187419
1616941197151235236,1616941197152713507,1.176783
1616941197161460959,1616941197163000307,1.201024
1616941197171679435,1616941197173156558,1.148428
1616941197181911532,1616941197183343994,1.070888
1616941197192148855,1616941197193640985,1.166168
1616941197202318232,1616941197203885059,1.230654
1616941197212540615,1616941197214009859,1.137049
1616941197222710661,1616941197224198394,1.150763
1616941197232932288,1616941197234434819,1.236643
1616941197243153680,1616941197244659588,1.213261
1616941197253375620,1616941197254836524,1.169343
1616941197263600563,1616941197265082613,1.216686
1616941197273817643,1616941197275308622,1.230877
1616941197283991579,1616941197285534574,1.261718
1616941197294230585,1616941197295691680,1.181532
1616941197304450356,1616941197305990855,1.2541
1616941197314572778,1616941197315960002,1.055118
1616941197324826223,1616941197326392469,1.28081
1616941197335049793,1616941197336572007,1.205245
1616941197345272058,1616941197346789309,1.178813
1616941197355494602,1616941197356889982,1.029085
1616941197365718964,1616941197367689596,1.895492
1616941197375931736,1616941197377419437,1.138843
1616941197386166398,1616941197387602139,1.093586
1616941197396383810,1616941197397780380,1.056337
1616941197406555867,1616941197408056008,1.138916
1616941197416776547,1616941197418316396,1.210416
1616941197426937559,1616941197428437883,1.222383
1616941197437113237,1616941197438560307,1.183603
1616941197447283116,1616941197448722163,1.1516
1616941197457453231,1616941197458863072,1.133364
1616941197467627903,1616941197469060945,1.142027
1616941197477797550,1616941197479378945,1.312967
1616941197488015681,1616941197489463829,1.183697
1616941197498223904,1616941197499735856,1.24647
1616941197508394079,1616941197509875268,1.186109
1616941197518565011,1616941197519997406,1.147121
1616941197528784056,1616941197530300971,1.233763
1616941197539027244,1616941197540454509,1.13949
1616941197549260357,1616941197550743524,1.189398
1616941197559492245,1616941197560980199,1.214081
1616941197569660138,1616941197571144308,1.134498
1616941197579903961,1616941197581354509,1.173867
1616941197590123584,1616941197591596277,1.184616
1616941197600342873,1616941197601798747,1.18151
1616941197610511453,1616941197611935339,1.145871
1616941197620738715,1616941197622143584,1.154241
1616941197630845767,1616941197636656260,5.533597
1616941197641067571,1616941197642437344,1.064448
1616941197651298104,1616941197652763967,1.19644
1616941197661476334,1616941197662923262,1.087925
1616941197671718010,1616941197673159953,1.164047
1616941197681940596,1616941197683432345,1.213675
1616941197692180459,1616941197693626705,1.161464
1616941197702351713,1616941197703955808,1.326365
1616941197712574410,1616941197714060298,1.217342
1616941197722743730,1616941197724236050,1.217027
1616941197732962103,1616941197734353039,1.124141
1616941197743184392,1616941197744588774,1.121106
1616941197753405670,1616941197754814997,1.143276
1616941197763624486,1616941197764985671,1.070909
1616941197773803625,1616941197775278005,1.197762
1616941197783936499,1616941197785452778,1.172495
1616941197794139323,1616941197795544945,1.129594
1616941197804364716,1616941197805822667,1.179554
1616941197814534266,1616941197816080881,1.71485
1616941197824621500,1616941197826259951,1.352271
1616941197834772924,1616941197836342086,1.286156
1616941197844989816,1616941197846548100,1.238797
1616941197855090404,1616941197856681697,1.305048
1616941197865327428,1616941197866883238,1.218863
1616941197875404760,1616941197876987407,1.297591
1616941197885585978,1616941197887103947,1.18492
1616941197895687992,1616941197897264285,1.256493
1616941197905834874,1616941197907443825,1.252591
1616941197916115365,1616941197917591831,1.176961
1616941197926243525,1616941197927748037,1.252134
1616941197936286960,1616941197937826825,1.215255
1616941197946331663,1616941197947909474,1.278488
1616941197956382248,1616941197957896485,1.202466
1616941197966487158,1616941197968007651,1.187153
1616941197976580469,1616941197978140506,1.221268
1616941197986755635,1616941197988183916,1.089831
1616941197996859257,1616941197998385674,1.255115
1616941198006956523,1616941198008438673,1.217063
1616941198017131759,1616941198018608860,1.152388
1616941198027192352,1616941198028659397,1.107912
1616941198037372413,1616941198038827855,1.11213
1616941198047595556,1616941198049072064,1.121266
1616941198057752218,1616941198059225088,1.18136
1616941198067881894,1616941198069342054,1.173093
1616941198077984758,1616941198079428597,1.162919
1616941198088139506,1616941198089550769,1.119363
1616941198098246335,1616941198099657649,1.065219
1616941198108400985,1616941198109857969,1.11852
1616941198118515024,1616941198119859385,0.999419
1616941198128738627,1616941198130046694,0.975987
1616941198138832247,1616941198140174978,0.999622
1616941198148987976,1616941198150346622,0.999933
1616941198159229763,1616941198161014064,1.521823
1616941198169476116,1616941198170814527,1.003934
1616941198179570128,1616941198180963230,1.133602
1616941198189686394,1616941198191044839,1.066117
1616941198199907628,1616941198201317169,1.055864
1616941198210088854,1616941198211514301,1.128231
1616941198220132530,1616941198221664761,1.225196
1616941198230235850,1616941198231705144,1.198422
1616941198240497618,1616941198241916701,1.40431
1616941198250621493,1616941198252006338,1.071103
1616941198260781325,1616941198262178494,1.057217
1616941198271019879,1616941198272412830,1.089241
1616941198281262457,1616941198282740772,1.185703
1616941198291492902,1616941198292935748,1.138565
1616941198301679124,1616941198303110960,1.093607
1616941198311793932,1616941198313184049,1.069184
1616941198322022934,1616941198323418946,1.099465
1616941198332241963,1616941198333616959,1.082999
1616941198342412501,1616941198343793543,1.076591
1616941198352642265,1616941198353997759,1.096824
1616941198362813053,1616941198364147025,1.050808
1616941198373007170,1616941198374377228,1.112689
1616941198383231338,1616941198384533374,0.973422
1616941198393449386,1616941198394847580,1.02026
1616941198403665829,1616941198405034705,1.066894
1616941198413832074,1616941198415210016,1.079851
1616941198424007838,1616941198425403175,1.105741
1616941198434163414,1616941198435546571,1.099589
1616941198444319935,1616941198445766579,1.189099
1616941198454539313,1616941198456002404,1.175722
1616941198464756056,1616941198466098878,1.022579
1616941198474924178,1616941198476395913,1.185992
1616941198485145978,1616941198486637405,1.150333
1616941198495307618,1616941198496735270,1.068216
1616941198505419405,1616941198506885244,1.119771
1616941198515522200,1616941198516972910,1.095306
1616941198525630982,1616941198527077796,1.113832
1616941198535847559,1616941198537282241,1.084916
1616941198546016261,1616941198547422151,1.065663
1616941198556234857,1616941198557732273,1.151687
1616941198566340968,1616941198567810958,1.123507
1616941198576502646,1616941198577980166,1.125047
1616941198586618323,1616941198588136972,1.24188
1616941198596744564,1616941198598237495,1.191535
1616941198606861173,1616941198608406394,1.237368
1616941198616981531,1616941198618431742,1.136368
1616941198627160168,1616941198628681314,1.164943
1616941198637281207,1616941198638772899,1.141237
1616941198647456657,1616941198648931664,1.180603
1616941198657632060,1616941198659072570,1.139173
1616941198667810422,1616941198669242288,1.137407
1616941198677982365,1616941198679404867,1.116748
1616941198688201477,1616941198689661421,1.179654
1616941198698370212,1616941198699920970,1.260181
1616941198708550008,1616941198709978620,1.08404
1616941198718721249,1616941198720165868,1.1563
1616941198728979988,1616941198730554621,1.276958
1616941198739139295,1616941198740717119,1.301736
1616941198749296448,1616941198750766181,1.138635
1616941198759452398,1616941198760862796,1.117033
1616941198769683759,1616941198771129522,1.177798
1616941198779850564,1616941198781306551,1.170277
1616941198790091915,1616941198791482331,1.109197
1616941198800313044,1616941198801758198,1.162098
1616941198810482024,1616941198811975387,1.205392
1616941198820726007,1616941198822186315,1.175331
1616941198830894693,1616941198832290355,1.118672
1616941198841113907,1616941198842578856,1.14913
1616941198851341198,1616941198852794951,1.169305
1616941198861568605,1616941198862973767,1.115014
1616941198871787567,1616941198873223267,1.15164
1616941198882006271,1616941198883434518,1.126459
1616941198892224096,1616941198893665536,1.107673
1616941198902392840,1616941198903817693,1.131469
1616941198912640144,1616941198914073429,1.164806
1616941198922815134,1616941198924275009,1.181598
1616941198933032768,1616941198934530999,1.259483
1616941198943161608,1616941198944643869,1.181377
1616941198953387566,1616941198955291811,1.626804
1616941198963605622,1616941198965067608,1.111309
1616941198973832926,1616941198975228369,1.123403
1616941198984067192,1616941198985423270,1.062463
1616941198994300387,1616941198995688268,1.119859
1616941199004520911,1616941199005938357,1.120061
1616941199014646571,1616941199016072746,1.13781
1616941199024864706,1616941199026400711,1.278556
1616941199035090616,1616941199036458786,1.031437
1616941199045309127,1616941199046743868,1.149391
1616941199055523874,1616941199056940498,1.127028
1616941199065746528,1616941199067185680,1.140762
1616941199075971483,1616941199077470670,1.219331
1616941199086162757,1616941199087567769,1.115966
1616941199096385716,1616941199097741259,1.09048
1616941199106505423,1616941199107928105,1.128112
1616941199116728831,1616941199118206942,1.190551
1616941199126895782,1616941199128409550,1.203192
1616941199137108624,1616941199138567500,1.170279
1616941199147321816,1616941199148792468,1.183661
1616941199157536181,1616941199158939465,1.114594
1616941199167755651,1616941199169182900,1.139078
1616941199177975201,1616941199179433971,1.179396
1616941199188146993,1616941199189528123,1.026287
1616941199198315668,1616941199199699779,1.099946
1616941199208538618,1616941199209935116,1.110134
1616941199218711022,1616941199220080640,1.079453
1616941199228928912,1616941199230312796,1.109715
1616941199239151069,1616941199240547045,1.090223
1616941199249317787,1616941199250768775,1.168099
1616941199259546163,1616941199261045481,1.213773
1616941199269759987,1616941199271251615,1.33106
1616941199279974409,1616941199281382364,1.117678
1616941199290214520,1616941199291627334,1.126866
1616941199300438621,1616941199301856072,1.134238
1616941199310609219,1616941199312071391,1.132406
1616941199320852659,1616941199322278186,1.058484
1616941199331069154,1616941199332522906,1.127
1616941199341288661,1616941199342766057,1.144815
1616941199351508524,1616941199352947941,1.08857
1616941199361726734,1616941199363164330,1.121331
1616941199371939903,1616941199373448950,1.178046
1616941199382185900,1616941199383660723,1.137517
1616941199392405474,1616941199393858755,1.121575
1616941199402527184,1616941199404075930,1.203981
1616941199412766620,1616941199414336126,1.258565
1616941199423010972,1616941199424602903,1.262828
1616941199433230711,1616941199434847910,1.287675
1616941199443452394,1616941199445030465,1.249534
1616941199453680141,1616941199455096661,1.062977
1616941199463895948,1616941199465352894,1.118747
1616941199474077380,1616941199475478184,1.134627
1616941199484293979,1616941199485761702,1.16407
1616941199494459759,1616941199495965277,1.242127
1616941199504693428,1616941199506170289,1.181056
1616941199514814656,1616941199516263619,1.191409
1616941199525049229,1616941199526423194,1.111945
1616941199535276572,1616941199536736439,1.198819
1616941199545461494,1616941199546984190,1.192491
1616941199555681028,1616941199557178656,1.211312
1616941199565918574,1616941199567436688,1.224097
1616941199576151866,1616941199577566130,1.076455
1616941199586278342,1616941199587748321,1.117491
1616941199596464829,1616941199597849843,1.118849
1616941199606636475,1616941199608064801,1.127037
1616941199616876631,1616941199618261462,1.089859
1616941199626976058,1616941199628355790,1.014996
1616941199637017397,1616941199638506767,1.120729
1616941199647120288,1616941199648606416,1.163642
1616941199657205713,1616941199658633268,1.074871
1616941199667374896,1616941199668850764,1.177209
1616941199677439854,1616941199678996378,1.242087
1616941199687598390,1616941199689015615,1.114468
1616941199697655068,1616941199699108046,1.161371
1616941199707816324,1616941199709203731,1.028221
1616941199717994811,1616941199719381492,1.029841
1616941199728213253,1616941199729627937,1.063578
1616941199738255772,1616941199740047634,1.431868
1616941199748408631,1616941199749772822,1.056335
1616941199758516171,1616941199759881765,1.016689
1616941199768554678,1616941199770041666,1.15221
1616941199778656259,1616941199780031168,1.046012
1616941199788875416,1616941199790308485,1.073989
1616941199798956948,1616941199800387842,1.110649
1616941199809052814,1616941199810433533,1.13891
1616941199819220073,1616941199820588816,1.085333
1616941199829253676,1616941199830685827,1.098702
1616941199839344569,1616941199840714016,1.060916
1616941199849445755,1616941199850777558,1.026565
1616941199859475694,1616941199860805234,0.98091
1616941199869713782,1616941199871068058,1.05181
1616941199879814106,1616941199881272497,1.199554
1616941199889920992,1616941199891276327,1.07736
1616941199900074430,1616941199901424968,0.99901
1616941199910228028,1616941199911615363,1.044332
1616941199920307751,1616941199921665552,1.090128
1616941199930327714,1616941199931691854,1.086941
1616941199940552132,1616941199941874770,0.981556
1616941199950703605,1616941199952121032,1.101535
1616941199960873734,1616941199962310423,1.107968
1616941199971032290,1616941199972434592,1.027407
1616941199981178553,1616941199982551267,0.978029
1616941199991397891,1616941199992878897,1.196087
1616941200001615827,1616941200002954801,0.977736
1616941200011835294,1616941200013117286,0.920608
1616941200022077689,1616941200023440886,1.011246
1616941200032295852,1616941200033663900,1.039378
1616941200042465997,1616941200043759229,0.977458
1616941200052694216,1616941200054047352,1.046233
1616941200062864441,1616941200064188037,1.034454
1616941200073093581,1616941200074560658,1.19645
1616941200083320652,1616941200084740363,1.065905
1616941200093537952,1616941200094992902,1.116585
1616941200103758142,1616941200105181198,1.162683
1616941200113976041,1616941200115356848,1.092657
1616941200124217708,1616941200125741767,1.180473
1616941200134393108,1616941200135949208,1.270821
1616941200144610324,1616941200146142620,1.250483
1616941200154789164,1616941200156324162,1.236476
1616941200165012680,1616941200166606940,1.340538
1616941200175232647,1616941200176721252,1.226735
1616941200185457935,1616941200186866986,1.118998
1616941200195676006,1616941200197132355,1.124896
1616941200205903742,1616941200207466182,1.271762
1616941200216144920,1616941200217584826,1.180417
1616941200226272696,1616941200227705927,1.137349
1616941200236451375,1616941200237958967,1.147382
1616941200246570194,1616941200248047541,1.104761
1616941200256739549,1616941200258309051,1.283283
1616941200266908161,1616941200268419369,1.222639
1616941200277151621,1616941200278634019,1.156548
1616941200287262371,1616941200288784615,1.168492
1616941200297398300,1616941200298825576,1.089769
1616941200307561844,1616941200308941299,0.995875
1616941200317719883,1616941200320128411,2.060445
1616941200327884464,1616941200329193139,0.91363
1616941200338070897,1616941200339461377,1.01029
1616941200348294221,1616941200349602715,0.957955
1616941200358418129,1616941200359836165,1.072126
1616941200368635861,1616941200370006924,1.02418
1616941200378759354,1616941200380144393,1.033061
1616941200388987714,1616941200390391505,1.0906
1616941200399107010,1616941200400495824,1.035406
1616941200409287241,1616941200410691743,1.044757
1616941200419508128,1616941200421010830,1.182874
1616941200429734918,1616941200431190960,1.093796
1616941200439949798,1616941200441356350,1.034253
1616941200450157663,1616941200452342177,1.903885
1616941200460338732,1616941200461855901,1.231715
1616941200470457099,1616941200471839126,1.019827
1616941200480672382,1616941200482137632,1.169887
1616941200490895613,1616941200492450028,1.26058
1616941200501113419,1616941200502714475,1.324572
1616941200511273003,1616941200512865161,1.30807
1616941200521432585,1616941200523033145,1.328833
1616941200531648456,1616941200533254643,1.740313
1616941200541868354,1616941200543226929,0.997449
1616941200552087575,1616941200553455004,1.067817
1616941200562225936,1616941200563639773,1.17104
1616941200572445005,1616941200573888325,1.179881
1616941200582560839,1616941200583914173,1.015223
1616941200592782621,1616941200594119803,1.068674
1616941200603030679,1616941200604450049,1.131784
1616941200613262155,1616941200614615610,1.108663
1616941200623483373,1616941200624879241,1.111547
1616941200633715397,1616941200635115080,1.103857
1616941200643944187,1616941200645389951,1.160689
1616941200654179403,1616941200655666399,1.209584
1616941200664405609,1616941200665866270,1.176791
1616941200674574794,1616941200676021567,1.168464
1616941200684795089,1616941200686222830,1.155667
1616941200695026702,1616941200696571036,1.262556
1616941200705257672,1616941200706799133,1.266757
1616941200715422776,1616941200716877766,1.169128
1616941200725663218,1616941200727070156,1.138188
1616941200735904434,1616941200737355798,1.192433
1616941200746095686,1616941200747473189,1.089471
1616941200756374642,1616941200757842034,1.182253
1616941200766546243,1616941200767995714,1.190222
1616941200776772379,1616941200778240533,1.200586
1616941200786926113,1616941200788432831,1.282589
1616941200797102515,1616941200798571422,1.189173
1616941200807324148,1616941200808682378,1.108458
1616941200817454195,1616941200818978099,1.252393
1616941200827626447,1616941200829047908,1.133044
1616941200837797748,1616941200839272741,1.188342
1616941200847976901,1616941200849404075,1.13771
1616941200858117788,1616941200859589869,1.197075
1616941200868285810,1616941200869743278,1.171264
1616941200878451290,1616941200879906422,1.097404
1616941200888620291,1616941200890106748,1.236343
1616941200898777331,1616941200900209064,1.171974
1616941200908947566,1616941200910402846,1.187736
1616941200919167265,1616941200920733908,1.275709
1616941200929403897,1616941200930816292,1.147333
1616941200939622313,1616941200941048826,1.152662
1616941200949841370,1616941200951358031,1.186063
1616941200959958271,1616941200961383733,1.132766
1616941200970201335,1616941200971591460,1.108491
1616941200980420631,1616941200981778780,1.08269
1616941200990590001,1616941200991994328,1.120962
1616941201000821853,1616941201002329736,1.162058
1616941201011044523,1616941201012550173,1.230063
1616941201021264696,1616941201022781537,1.231429
1616941201031483708,1616941201032911122,1.133352
1616941201041716388,1616941201043253108,1.253353
1616941201051946655,1616941201053461604,1.229787
1616941201062177812,1616941201063584632,1.126331
1616941201072413503,1616941201073927515,1.225571
1616941201082583293,1616941201083983041,1.157508
1616941201092796311,1616941201094298780,1.219536
1616941201103010616,1616941201104525191,1.188939
1616941201113173798,1616941201114706971,1.196316
1616941201123408859,1616941201124948033,1.211751
1616941201133628862,1616941201135065446,1.171672
1616941201143859591,1616941201145247078,1.124419
1616941201154102101,1616941201155428530,1.060138
1616941201164332978,1616941201165809207,1.207068
1616941201174502247,1616941201175891645,1.092717
1616941201184668665,1616941201186106604,1.160866
1616941201194842765,1616941201196247726,1.056762
1616941201204969679,1616941201206360166,1.137392
1616941201215133751,1616941201216493698,1.01335
1616941201225298937,1616941201226725878,1.056568
1616941201235401993,1616941201236713348,0.887034
1616941201245480891,1616941201246879839,1.032327
1616941201255648663,1616941201257028889,1.009051
1616941201265870375,1616941201267304863,1.167089
1616941201275990716,1616941201277415890,1.140119
1616941201286184769,1616941201287597088,1.072072
1616941201296301987,1616941201297711159,1.062026
1616941201306410607,1616941201307774884,1.016398
1616941201316528920,1616941201317912649,0.999031
1616941201326649532,1616941201328078100,1.2704
1616941201336875893,1616941201338358356,1.137668
1616941201347033908,1616941201348447251,1.08707
1616941201357250984,1616941201358694717,1.092686
1616941201367464753,1616941201368804379,1.005081
1616941201377634710,1616941201379569114,1.590824
1616941201387685606,1616941201389174118,1.153266
1616941201397775564,1616941201399193322,1.06001
1616941201407930578,1616941201409370022,1.081395
1616941201418069661,1616941201419500420,1.088419
1616941201428280362,1616941201429727524,1.095826
1616941201438379156,1616941201439812551,1.094835
1616941201448591934,1616941201449918216,0.965726
1616941201458740825,1616941201460146000,1.099506
1616941201468906214,1616941201470246196,0.988972
1616941201479141524,1616941201480619546,1.14249
1616941201489359755,1616941201490732488,1.020033
1616941201499519078,1616941201500939052,1.137989
1616941201509564575,1616941201511040687,1.141377
1616941201519743468,1616941201521145188,1.035928
1616941201529768346,1616941201531201861,1.075885
1616941201539990034,1616941201541534625,1.227647
1616941201550104108,1616941201551541891,1.091278
1616941201560323077,1616941201561730162,1.06143
1616941201570428948,1616941201571864622,1.08305
1616941201580583321,1616941201581923531,1.026161
1616941201590771503,1616941201592129873,1.036561
1616941201601005911,1616941201602362514,1.007464
1616941201611139643,1616941201612581153,1.087089
1616941201621297605,1616941201622723859,1.091847
1616941201631356457,1616941201632749590,1.055231
1616941201641527502,1616941201642990671,1.133176
1616941201651622406,1616941201653046471,1.140401
1616941201661779422,1616941201663122433,0.992257
1616941201671952435,1616941201673295687,0.990938
1616941201682149342,1616941201683514624,1.012838
1616941201692372529,1616941201693706159,0.989102
1616941201702480040,1616941201703848166,1.008016
1616941201712652391,1616941201714060148,1.055543
1616941201722806576,1616941201724223397,1.059224
1616941201732927262,1616941201734321962,1.058432
1616941201743027712,1616941201744369649,1.002616
1616941201753224907,1616941201754664574,1.103524
1616941201763393502,1616941201764816621,1.069658
1616941201773494594,1616941201774921431,1.082992
1616941201783644399,1616941201785092705,1.103789
1616941201793862264,1616941201795294442,1.076042
1616941201803909277,1616941201805344973,1.083864
1616941201814095459,1616941201815599527,1.156207
1616941201824319464,1616941201825853422,1.198702
1616941201834420697,1616941201835983476,1.216356
1616941201844571086,1616941201846119851,1.272049
1616941201854688461,1616941201856226890,1.206863
1616941201864800980,1616941201866320801,1.173375
1616941201875018393,1616941201876543875,1.17515
1616941201885195139,1616941201886713184,1.172151
1616941201895369805,1616941201896867309,1.137713
1616941201905543845,1616941201907195132,1.358558
1616941201915718338,1616941201917252660,1.256614
1616941201925872738,1616941201927332570,1.187897
1616941201936096824,1616941201937628285,1.239717
1616941201946218942,1616941201947707315,1.201245
1616941201956338723,1616941201957868237,1.172182
1616941201966453162,1616941201968058095,1.243361
1616941201976631841,1616941201978172318,1.191024
1616941201986759637,1616941201988281772,1.192917
1616941201996923869,1616941201998593417,1.335677
1616941202007016708,1616941202008444187,1.084741
1616941202017130690,1616941202018585095,1.097405
1616941202027244709,1616941202028768360,1.190935
1616941202037414109,1616941202038962564,1.192335
1616941202047537219,1616941202049032138,1.139642
1616941202057704835,1616941202059219221,1.183506
1616941202067915283,1616941202069489039,1.32031
1616941202078106930,1616941202079526407,1.088426
1616941202088322070,1616941202089918452,1.268487
1616941202098442098,1616941202099884579,1.091239
1616941202108613994,1616941202110216141,1.259601
1616941202118789100,1616941202120279334,1.147153
1616941202129007796,1616941202130593720,1.328331
1616941202139234828,1616941202141139167,1.686966
1616941202149408524,1616941202150880025,1.140964
1616941202159531601,1616941202161014289,1.126607
1616941202169763850,1616941202171111157,1.00144
1616941202179994780,1616941202181416314,1.121942
1616941202190224746,1616941202191614905,1.111092
1616941202200442308,1616941202201858749,1.144025
1616941202210611036,1616941202212076975,1.17899
1616941202220838831,1616941202222290848,1.171143
1616941202230997882,1616941202232455131,1.128366
1616941202241172833,1616941202242854151,1.339467
1616941202251343267,1616941202252772901,1.055616
1616941202261563078,1616941202262961422,1.110072
1616941202271794338,1616941202273205590,1.107427
1616941202281973449,1616941202283412326,1.156605
1616941202292142100,1616941202293518721,1.033328
1616941202302307890,1616941202303726056,1.069832
1616941202312439490,1616941202313906810,1.149073
1616941202322563248,1616941202323943926,1.014796
1616941202332689857,1616941202334106630,1.082344
1616941202342798952,1616941202344243878,1.096218
1616941202352925183,1616941202354274660,0.989459
1616941202363148944,1616941202364588810,1.115432
1616941202373321641,1616941202374711435,1.045125
1616941202383483811,1616941202384857685,1.016353
1616941202393708562,1616941202395077917,1.082585
1616941202403946012,1616941202405318543,1.099346
1616941202414145096,1616941202415501145,1.056948
1616941202424368998,1616941202425745584,1.094967
1616941202434539044,1616941202436012694,1.148417
1616941202444717327,1616941202446136459,1.065459
1616941202454884309,1616941202456270249,1.040595
1616941202465105923,1616941202466447191,1.051375
1616941202475221150,1616941202476624156,1.068256
1616941202485406963,1616941202486893249,1.156452
1616941202495646311,1616941202497109092,1.143967
1616941202505819663,1616941202507245462,1.077822
1616941202516042172,1616941202517404935,1.018313
1616941202526254273,1616941202527680047,1.130473
1616941202536422571,1616941202537829555,1.064918
1616941202546586082,1616941202548081901,1.163862
1616941202556809310,1616941202558417542,1.304047
1616941202567033796,1616941202568566423,1.197243
1616941202577252642,1616941202578753349,1.149653
1616941202587416536,1616941202588978349,1.215663
1616941202597637093,1616941202599002719,1.077699
1616941202607889947,1616941202609310730,1.127472
1616941202618093603,1616941202619520734,1.180779
1616941202628274601,1616941202629743206,1.241978
1616941202638446840,1616941202639944640,1.239725
1616941202648664265,1616941202650137597,1.200881
1616941202658821481,1616941202663757144,4.698744
1616941202668978463,1616941202670323323,1.014255
1616941202679040720,1616941202680473152,1.140389
1616941202689211159,1616941202690706911,1.228744
1616941202699447298,1616941202700947798,1.228423
1616941202709565470,1616941202711055667,1.234181
1616941202719684344,1616941202721037290,0.995005
1616941202729854844,1616941202731296140,1.193564
1616941202740082943,1616941202741510521,1.135371
1616941202750186223,1616941202751585323,1.127109
1616941202760412866,1616941202761830514,1.135402
1616941202770582452,1616941202772037454,1.197203
1616941202780802801,1616941202782287356,1.194833
1616941202791022148,1616941202792550601,1.27353
1616941202801241486,1616941202802654275,1.044766
1616941202811410797,1616941202812786019,1.075805
1616941202821642833,1616941202823071212,1.136184
1616941202831768112,1616941202833151471,1.034909
1616941202841954561,1616941202843385445,1.149993
1616941202852186622,1616941202853710958,1.250275
1616941202862321760,1616941202863818080,1.214152
1616941202872478815,1616941202873861687,1.051623
1616941202882598386,1616941202883975449,1.087065
1616941202892823598,1616941202894234899,1.137443
1616941202902938193,1616941202904418934,1.191844
1616941202913060916,1616941202914682441,1.342389
1616941202923278490,1616941202924776947,1.218504
1616941202933400891,1616941202934967633,1.314928
1616941202943537337,1616941202945589346,1.882765
1616941202953637473,1616941202955036381,1.110844
1616941202963789874,1616941202965183595,1.101518
1616941202973945391,1616941202975354114,1.128681
1616941202984173165,1616941202985506914,1.047456
1616941202994342742,1616941202995693464,1.071117
1616941203004559834,1616941203005956081,1.112177
1616941203014729050,1616941203016165634,1.096555
1616941203024961420,1616941203026562452,1.35667
1616941203035179906,1616941203036639818,1.151234
1616941203045410381,1616941203046939936,1.236217
1616941203055627914,1616941203057103749,1.196297
1616941203065849708,1616941203067379892,1.226442
1616941203076077427,1616941203077551229,1.14062
1616941203086229181,1616941203087781653,1.244787
1616941203096467758,1616941203098114953,1.38892
1616941203106636209,1616941203108175155,1.273516
1616941203116867785,1616941203118285286,1.14743
1616941203127085811,1616941203128623953,1.250657
1616941203137305550,1616941203138685076,1.054152
1616941203147525568,1616941203148939666,1.707061
1616941203157697317,1616941203159185326,1.192154
1616941203167711661,1616941203169118661,1.126273
1616941203177879205,1616941203179407756,1.207356
1616941203187979358,1616941203189443423,1.135589
1616941203198100542,1616941203199577920,1.157771
1616941203208327180,1616941203209773519,1.091648
1616941203218431854,1616941203219937290,1.155168
1616941203228591201,1616941203230028491,1.107586
1616941203238761865,1616941203240222524,1.179556
1616941203248935527,1616941203250502304,1.226038
1616941203259149221,1616941203260589349,1.097483
1616941203269350579,1616941203270817155,1.122213
1616941203279508424,1616941203280980529,1.12501
1616941203289726851,1616941203291206143,1.176212
1616941203299875454,1616941203301281269,1.080175
1616941203310037686,1616941203311527209,1.173095
1616941203320200542,1616941203321756909,1.21888
1616941203330320699,1616941203331839782,1.188638
1616941203340533701,1616941203341905896,1.083604
1616941203350638016,1616941203352091528,1.139853
1616941203360871629,1616941203362416256,1.245037
1616941203371036695,1616941203372494275,1.192656
1616941203381234780,1616941203382703118,1.136028
1616941203391404103,1616941203392742410,0.975445
1616941203401506857,1616941203402853144,0.993328
1616941203411688123,1616941203413065479,1.014641
1616941203421842062,1616941203423219265,1.018891
1616941203432000192,1616941203433477909,1.162105
1616941203442194428,1616941203443671633,1.137197
1616941203452357550,1616941203453857222,1.130834
1616941203462461260,1616941203463928309,1.174171
1616941203472580302,1616941203473989146,1.077348
1616941203482609373,1616941203484125504,1.176935
1616941203492768471,1616941203494263229,1.156796
1616941203502929150,1616941203504361156,1.093375
1616941203513021404,1616941203514648096,1.282696
1616941203523187036,1616941203524763694,1.290922
1616941203533405400,1616941203534934601,1.205308
1616941203543560954,1616941203545116223,1.255858
1616941203553709132,1616941203555251386,1.229424
1616941203563844949,1616941203565281467,1.129517
1616941203573949709,1616941203575478772,1.206916
1616941203584105856,1616941203585465980,1.046818
1616941203594214217,1616941203595654435,1.098531
1616941203604243866,1616941203605817708,1.6491
1616941203614331011,1616941203615844398,1.254478
1616941203624504718,1616941203626107933,1.323374
1616941203634668943,1616941203636212077,1.295054
1616941203644886148,1616941203646395641,1.204533
1616941203655116907,1616941203656584520,1.157968
1616941203665340971,1616941203666872894,1.195125
1616941203675560665,1616941203677099912,1.20416
1616941203685781342,1616941203687301948,1.172283
1616941203695955419,1616941203697500099,1.293761
1616941203706176155,1616941203707720386,1.278974
1616941203716397502,1616941203718398227,1.851918
1616941203726519404,1616941203728055277,1.249135
1616941203736733094,1616941203738284284,1.269065
1616941203746952759,1616941203748383596,1.084606
1616941203757172426,1616941203758682659,1.225635
1616941203767351100,1616941203768725492,1.022858
1616941203777573830,1616941203778998275,1.090412
1616941203787791329,1616941203789319083,1.206846
1616941203798011809,1616941203799441020,1.070684
1616941203808236716,1616941203809658706,1.079505
1616941203818406061,1616941203819933488,1.194227
1616941203828635490,1616941203830101428,1.123204
1616941203838805166,1616941203840294636,1.151911
1616941203848978779,1616941203850418622,1.099298
1616941203859199556,1616941203860705773,1.175354
1616941203869417620,1616941203870804406,1.053818
1616941203879634920,1616941203880942210,0.928295
1616941203889862381,1616941203891195534,0.968579
1616941203900079503,1616941203901446974,1.008416
1616941203910234514,1616941203911604120,1.013949
1616941203920463661,1616941203921863725,1.074821
1616941203930632084,1616941203931984179,0.994407
1616941203940850059,1616941203942188332,0.991956
1616941203951066658,1616941203952424007,1.002876
1616941203961306228,1616941203962752827,1.098288
1616941203971439935,1616941203972837620,1.037659
1616941203981576043,1616941203982865650,0.953953
1616941203991794250,1616941203993246090,1.115938
1616941204002013854,1616941204003427486,1.081886
1616941204012248364,1616941204013645603,1.046944
1616941204022418858,1616941204023862892,1.093203
1616941204032589057,1616941204034063265,1.143142
1616941204042758101,1616941204044150958,1.035526
1616941204052995474,1616941204054436727,1.133529
1616941204063213354,1616941204064525034,0.942777
1616941204073433268,1616941204074827966,1.049353
1616941204083607084,1616941204085047843,1.060603
1616941204093807343,1616941204095164015,0.973428
1616941204103942850,1616941204105370834,1.099803
1616941204114148966,1616941204115576113,1.097607
1616941204124320506,1616941204125657639,0.972505
1616941204134490037,1616941204135801496,0.931919
1616941204144617201,1616941204146110544,1.147137
1616941204154787263,1616941204156152044,0.992426
1616941204165024853,1616941204166382807,1.01428
1616941204175244480,1616941204176616818,1.046229
1616941204185481398,1616941204187005832,1.215967
1616941204195654431,1616941204197044451,1.036371
1616941204205827925,1616941204207183674,1.018356
1616941204216050929,1616941204217488581,1.088379
1616941204226230826,1616941204227756802,1.210148
1616941204236469911,1616941204237924122,1.104707
1616941204246641285,1616941204248086282,1.131788
1616941204256860603,1616941204258330932,1.136227
1616941204267081857,1616941204268481672,1.068242
1616941204277267381,1616941204278751007,1.161095
1616941204287487946,1616941204288998869,1.211275
1616941204297709066,1616941204299130738,1.072641
1616941204307880225,1616941204309356576,1.144651
1616941204318103616,1616941204319654672,1.224566
1616941204328338041,1616941204329845776,1.17455
1616941204338507985,1616941204339955141,1.107766
1616941204348725386,1616941204350187623,1.145745
1616941204358895284,1616941204360290846,1.034294
1616941204369115585,1616941204370488088,1.041405
1616941204379334014,1616941204380750730,1.072743
1616941204389561694,1616941204390908525,1.045756
1616941204399815127,1616941204401157273,1.068711
1616941204410037973,1616941204411428177,1.095657
1616941204420259276,1616941204421679359,1.128965
1616941204430380788,1616941204431840836,1.178802
1616941204440603214,1616941204442009095,1.086891
1616941204450860287,1616941204452276650,1.114587
1616941204461090812,1616941204462510731,1.158444
1616941204471320270,1616941204472725455,1.133733
1616941204481555374,1616941204482997145,1.166215
1616941204491776107,1616941204493167061,1.117157
1616941204501993862,1616941204503281090,1.044196
1616941204512222943,1616941204513637086,1.44435
1616941204522392404,1616941204523740514,1.015141
1616941204532612760,1616941204534054732,1.171019
1616941204542785954,1616941204544202663,1.141688
1616941204553030109,1616941204554433941,1.122894
1616941204563250228,1616941204564614848,1.087466
1616941204573466869,1616941204574850176,1.108047
1616941204583698431,1616941204585136486,1.171887
1616941204593926521,1616941204595419693,1.221963
1616941204604100193,1616941204605466132,1.09721
1616941204614269390,1616941204615606623,1.052
1616941204624499764,1616941204625825405,1.03886
1616941204634675915,1616941204636133819,1.170512
1616941204644807407,1616941204646279982,1.158505
1616941204654977879,1616941204656403313,1.113448
1616941204665111778,1616941204666610184,1.160165
1616941204675328764,1616941204676777815,1.185907
1616941204685499365,1616941204686984806,1.14717
1616941204695664431,1616941204697036122,1.081322
1616941204705893180,1616941204707380476,1.159452
1616941204716116568,1616941204717531550,1.062404
1616941204726288634,1616941204727809435,1.219867
1616941204736461544,1616941204737962797,1.131604
1616941204746569416,1616941204747971013,1.100657
1616941204756786753,1616941204758280787,1.154776
1616941204767007856,1616941204768495246,1.174934
1616941204777230205,1616941204778609861,1.09285
1616941204787451539,1616941204788928029,1.123588
1616941204797675325,1616941204798973385,1.067731
1616941204807895888,1616941204809217594,1.06068
1616941204818132057,1616941204819524899,1.096091
1616941204828354064,1616941204829755982,1.119454
1616941204838528243,1616941204839934454,1.114692
1616941204848753043,1616941204850176072,1.147734
1616941204858938606,1616941204860430557,1.220944
1616941204869167939,1616941204870635386,1.590073
1616941204879353929,1616941204880951564,1.272531
1616941204889453385,1616941204890965966,1.209761
1616941204899621832,1616941204901222885,1.290276
1616941204909829000,1616941204911415942,1.28017
1616941204919975868,1616941204921496842,1.185296
1616941204930138137,1616941204931596090,1.132979
1616941204940194248,1616941204941728533,1.201966
1616941204950234868,1616941204951718989,1.216024
1616941204960389517,1616941204961843520,1.179746
1616941204970491843,1616941204985679635,14.855186
1616941204980653746,1616941204985798108,4.818498
1616941204990684723,1616941204992621177,1.614182
1616941205000853552,1616941205002307604,1.145131
1616941205010958800,1616941205012374765,1.136856
1616941205021121524,1616941205022691517,1.232115
1616941205031194562,1616941205032635535,1.172229
1616941205041426977,1616941205042862266,1.09321
1616941205051666696,1616941205053197934,1.223214
1616941205061724873,1616941205063107261,1.085718
1616941205071829601,1616941205073287051,1.122656
1616941205082060539,1616941205083542724,1.148362
1616941205092212583,1616941205093696722,1.214072
1616941205102333756,1616941205103740951,1.123712
1616941205112436671,1616941205113932277,1.160425
1616941205122469324,1616941205124019797,1.274595
1616941205132617598,1616941205134136759,1.211326
1616941205142684898,1616941205144081530,1.112461
1616941205152836401,1616941205154258279,1.172177
1616941205163056703,1616941205164512429,1.168801
1616941205173161255,1616941205174715516,1.214299
1616941205183380994,1616941205184844615,1.178033
1616941205193483970,1616941205195024988,1.264412
1616941205203549431,1616941205205019619,1.173846
1616941205213648557,1616941205215203532,1.283503
1616941205223785977,1616941205225215599,1.139057
1616941205233933365,1616941205235426664,1.209171
1616941205244110495,1616941205245576294,1.20471
1616941205254230288,1616941205255627791,1.058134
1616941205264333338,1616941205265773863,1.10201
1616941205274458468,1616941205275911875,1.1377
1616941205284667719,1616941205286196003,1.26376
1616941205294779949,1616941205296311241,1.284725
1616941205305009752,1616941205306612113,1.277963
1616941205315229619,1616941205316683342,1.187997
1616941205325401667,1616941205327311122,1.682202
1616941205335623066,1616941205337071849,1.133215
1616941205345841416,1616941205347233255,1.054036
1616941205356063473,1616941205357536280,1.133838
1616941205366226558,1616941205367686656,1.095091
1616941205376448888,1616941205377958931,1.161896
1616941205386570256,1616941205388002663,1.087212
1616941205396732322,1616941205398116142,1.048367
1616941205406850396,1616941205408190671,1.011134
1616941205417006067,1616941205418276843,0.89955
1616941205427091416,1616941205428441673,0.99146
1616941205437263334,1616941205438634177,1.066812
1616941205447377426,1616941205448760788,1.026235
1616941205457489795,1616941205458965874,1.125518
1616941205467724567,1616941205469113933,1.101831
1616941205477941338,1616941205479337818,1.127538
1616941205488113274,1616941205489552728,1.1593
1616941205498238719,1616941205499691218,1.17553
1616941205508408686,1616941205509838513,1.147493
1616941205518577994,1616941205519993875,1.151666
1616941205528809145,1616941205530189042,1.141563
1616941205538961456,1616941205540404702,1.158705
1616941205549178753,1616941205550616587,1.152878
1616941205559405761,1616941205560789977,1.078313
1616941205569638929,1616941205571026155,1.102248
1616941205579867115,1616941205581295114,1.136131
1616941205590086834,1616941205591487698,1.138221
1616941205600312063,1616941205601744131,1.160712
1616941205610483950,1616941205611949854,1.185919
1616941205620658332,1616941205622029624,1.128944
1616941205630828177,1616941205632224271,1.101334
1616941205641060157,1616941205642420577,1.124495
1616941205651287082,1616941205652778642,1.221341
1616941205661515761,1616941205662923209,1.064293
1616941205671735235,1616941205673309163,1.264904
1616941205681971948,1616941205683429778,1.180699
1616941205692192845,1616941205693619540,1.15865
1616941205702316820,1616941205703724721,1.123885
1616941205712433461,1616941205713852293,1.131774
1616941205722603130,1616941205724027042,1.157105
1616941205732842862,1616941205734311429,1.198931
1616941205742965666,1616941205744415300,1.192446
1616941205753140206,1616941205754626028,1.206445
1616941205763373050,1616941205764776157,1.122248
1616941205773606770,1616941205775054463,1.141576
1616941205783826671,1616941205785242478,1.169074
1616941205793988596,1616941205795449374,1.193915
1616941205804181169,1616941205805616403,1.156136
1616941205814351283,1616941205815774457,1.142274
1616941205824579952,1616941205826041761,1.181521
1616941205834764830,1616941205836170204,1.137726
1616941205844987572,1616941205846489696,1.246835
1616941205855239264,1616941205856676109,1.151452
1616941205865468963,1616941205866848594,1.104157
1616941205875718980,1616941205877077478,1.07657
1616941205885942880,1616941205887298428,1.049118
1616941205896162014,1616941205897589692,1.098038
1616941205906291867,1616941205907730615,1.091265
1616941205916467053,1616941205917942278,1.201062
1616941205926597997,1616941205928167649,1.325763
1616941205936818734,1616941205938261617,1.178009
1616941205946993932,1616941205948496921,1.262269
1616941205957168195,1616941205958593365,1.1333
1616941205967282917,1616941205968792171,1.184749
1616941205977409928,1616941205978893548,1.147393
1616941205987578326,1616941205989058237,1.162623
1616941205997793658,1616941205999274239,1.219709
1616941206008016328,1616941206009415533,1.125849
1616941206018222715,1616941206019686129,1.110071
1616941206028445044,1616941206029874124,1.08564
1616941206038613779,1616941206040063193,1.193193
1616941206048839448,1616941206050305645,1.192415
1616941206059058633,1616941206060606740,1.278099
1616941206069277959,1616941206070742261,1.140094
1616941206079495236,1616941206080924586,1.157073
1616941206089743877,1616941206091262726,1.253583
1616941206099961771,1616941206101315350,1.077454
1616941206110190732,1616941206111617454,1.156476
1616941206120415556,1616941206121870924,1.174772
1616941206130587025,1616941206132389507,1.691375
1616941206140808268,1616941206142294581,1.148685
1616941206151024698,1616941206152414294,1.137145
1616941206161243690,1616941206162657578,1.142002
1616941206171473653,1616941206172887097,1.137752
1616941206181704561,1616941206183087317,1.09722
1616941206191938859,1616941206193342930,1.138007
1616941206202137735,1616941206203477710,1.069702
1616941206212258855,1616941206213731084,1.185559
1616941206222380123,1616941206223799538,1.130619
1616941206232599866,1616941206234017062,1.14507
1616941206242771139,1616941206244207476,1.143945
1616941206253007354,1616941206254392659,1.111531
1616941206263227088,1616941206264687694,1.192668
1616941206273460812,1616941206274778954,1.077906
1616941206283689159,1616941206285189804,1.158368
1616941206293910975,1616941206295423468,1.222812
1616941206304129730,1616941206305637121,1.234974
1616941206314299046,1616941206315738337,1.155171
1616941206324517249,1616941206325995918,1.198553
1616941206334682798,1616941206335981122,0.947103
1616941206344902824,1616941206346346464,1.194672
1616941206355121847,1616941206356654670,1.243958
1616941206365361031,1616941206366783675,1.077761
1616941206375582702,1616941206376998117,1.052527
1616941206385810994,1616941206387238402,1.116431
1616941206396030708,1616941206397501807,1.17954
1616941206406224328,1616941206407615024,1.069209
1616941206416447908,1616941206417892567,1.117867
1616941206426625180,1616941206428080948,1.108676
1616941206436853709,1616941206438333059,1.120179
1616941206447072986,1616941206448487196,1.066309
1616941206457290383,1616941206458823863,1.247126
1616941206467457684,1616941206468975147,1.242078
1616941206477622798,1616941206479144902,1.243322
1616941206487795636,1616941206489351261,1.28841
1616941206497962180,1616941206499457026,1.204739
1616941206508190179,1616941206509739292,1.230576
1616941206518310568,1616941206519806657,1.227677
1616941206528530093,1616941206530087279,1.233601
1616941206538695274,1616941206540325658,1.358033
1616941206548870701,1616941206550405445,1.279486
1616941206559100043,1616941206560664813,1.284105
1616941206569313635,1616941206570888390,1.329339
1616941206579542967,1616941206581107966,1.295471
1616941206589757885,1616941206591321742,1.851974
1616941206599854374,1616941206601352554,1.248813
1616941206610011411,1616941206611494475,1.231221
1616941206620186983,1616941206621670540,1.159014
1616941206630312942,1616941206631782085,1.190935
1616941206640540817,1616941206642030003,1.164884
1616941206650692062,1616941206652211119,1.207803
1616941206660793137,1616941206662350510,1.2395
1616941206670893012,1616941206672315844,1.077385
1616941206680996097,1616941206682603852,1.279577
1616941206691213586,1616941206692654266,1.17226
1616941206701424251,1616941206702867290,1.113249
1616941206711606335,1616941206713108723,1.161239
1616941206721831097,1616941206723283670,1.126375
1616941206731933854,1616941206733368129,1.101281
1616941206741979031,1616941206743500877,1.255549
1616941206752166631,1616941206753530875,1.085987
1616941206762272074,1616941206763854534,1.247177
1616941206772427280,1616941206773879566,1.112404
1616941206782523701,1616941206783984598,1.120931
1616941206792742966,1616941206794269800,1.204958
1616941206802917692,1616941206804371510,1.175462
1616941206812987369,1616941206814565008,1.275234
1616941206823204099,1616941206824576977,1.077288
1616941206833432260,1616941206834931440,1.169826
1616941206843483977,1616941206844912672,1.158631
1616941206853532340,1616941206854996946,1.127097
1616941206863746189,1616941206865171091,1.084961
1616941206873900700,1616941206875304102,1.137351
1616941206884123388,1616941206885421925,0.965881
1616941206894148967,1616941206895594332,1.104082
1616941206904364522,1616941206905831055,1.146338
1616941206914424995,1616941206915746932,1.010925
1616941206924592221,1616941206925973688,1.158909
1616941206934688869,1616941206936000724,1.054849
1616941206944910644,1616941206946351802,1.206213
1616941206955013519,1616941206956409499,1.116487
1616941206965256481,1616941206966725533,1.140413
1616941206975319438,1616941206976669080,1.086409
1616941206985550647,1616941206986942354,1.052433
1616941206995769432,1616941206997136368,1.086102
1616941207005866317,1616941207007270779,1.055736
1616941207015964778,1616941207017350844,1.122089
1616941207025992216,1616941207027478571,1.13623
1616941207036104305,1616941207037554323,1.156604
1616941207046213083,1616941207047587750,1.081366
1616941207056367549,1616941207057732438,1.06838
1616941207066487596,1616941207067860125,1.020153
1616941207076740175,1616941207078085331,1.067939
1616941207086919067,1616941207088245475,1.090095
1616941207097104218,1616941207098640148,1.19146
1616941207107278328,1616941207108747902,1.227203
1616941207117502078,1616941207118943472,1.153302
1616941207127722765,1616941207129151947,1.17031
1616941207137944095,1616941207139361436,1.124379
1616941207148167823,1616941207149563949,1.10384
1616941207158337139,1616941207159803847,1.191404
1616941207168565472,1616941207170068568,1.241208
1616941207178735673,1616941207180180181,1.169854
1616941207188974535,1616941207190331868,1.113315
1616941207199194326,1616941207200653516,1.165996
1616941207209364776,1616941207210777313,1.158297
1616941207219594074,1616941207221017523,1.136937
1616941207229845679,1616941207231198817,1.070627
1616941207240085382,1616941207241454948,1.086835
1616941207250233387,1616941207251589612,1.100203
1616941207260457749,1616941207261994652,1.258632
1616941207270627346,1616941207272025034,1.058833
1616941207280847594,1616941207282320198,1.247284
1616941207291068171,1616941207292460746,1.140629
1616941207301302600,1616941207302746432,1.155349
1616941207311528964,1616941207312928842,1.072982
1616941207321644915,1616941207323045089,1.127349
1616941207331867841,1616941207333333995,1.20009
1616941207342098300,1616941207343534864,1.152857
1616941207352335664,1616941207353807587,1.195116
1616941207362506076,1616941207363905745,1.122708
1616941207372738369,1616941207374095091,1.084301
1616941207382907131,1616941207384317123,1.189692
1616941207393125804,1616941207394493280,1.104798
1616941207403357973,1616941207404763611,1.116339
1616941207413580752,1616941207414994428,1.145357
1616941207423817730,1616941207425302488,1.219818
1616941207433984478,1616941207435517362,1.250755
1616941207444223865,1616941207445683380,1.173024
1616941207454314895,1616941207455819496,1.220375
1616941207464495352,1616941207465963335,1.144165
1616941207474607445,1616941207476146472,1.26487
1616941207484847224,1616941207486306809,1.169387
1616941207495020474,1616941207496458583,1.165073
1616941207505271485,1616941207506766403,1.203374
1616941207515500289,1616941207516950784,1.161012
1616941207525749909,1616941207527201260,1.166577
1616941207535978944,1616941207537457715,1.143558
1616941207546218597,1616941207547678393,1.111576
1616941207556450386,1616941207557914942,1.18172
1616941207566619586,1616941207568077536,1.17154
1616941207576842976,1616941207578297926,1.174507
1616941207587057046,1616941207588510761,1.171248
1616941207597277527,1616941207598786229,1.233214
1616941207607494874,1616941207608994553,1.214811
1616941207617712867,1616941207619253757,1.266815
1616941207627930570,1616941207629383213,1.164639
1616941207638170990,1616941207639821173,1.377183
1616941207648389741,1616941207649975956,1.304419
1616941207658565327,1616941207660131734,1.291938
1616941207668785802,1616941207670366788,1.328822
1616941207679002545,1616941207680537603,1.256282
1616941207689221134,1616941207690789917,1.284166
1616941207699437794,1616941207700958811,1.248662
1616941207709662458,1616941207711237641,1.292949
1616941207719881144,1616941207721358182,1.208951
1616941207730035588,1616941207731553234,1.237386
1616941207740195202,1616941207742335796,1.968533
1616941207750347637,1616941207751754464,1.126499
1616941207760581775,1616941207761974222,1.111061
1616941207770747643,1616941207772092800,1.055386
1616941207780923322,1616941207782423261,1.261138
1616941207791147492,1616941207792603475,1.169202
1616941207801336844,1616941207802801502,1.181988
1616941207811496131,1616941207812962956,1.175034
1616941207821576050,1616941207823080072,1.178163
1616941207831792440,1616941207833278522,1.200206
1616941207842014180,1616941207843554759,1.264225
1616941207852245503,1616941207853690939,1.153364
1616941207862368476,1616941207863837503,1.194575
1616941207872591802,1616941207874169340,1.311028
1616941207882746873,1616941207884246797,1.229741
1616941207892921823,1616941207894390421,1.177186
1616941207903157727,1616941207904653225,1.216612
1616941207913396803,1616941207914859770,1.153814
1616941207923614251,1616941207925044337,1.175525
1616941207933866851,1616941207935381421,1.249082
1616941207944033339,1616941207945522865,1.224762
1616941207954214245,1616941207955714912,1.152683
1616941207964440885,1616941207965983279,1.200975
1616941207974609615,1616941207976059411,1.087774
1616941207984777688,1616941207986291940,1.167443
1616941207994950099,1616941207996493033,1.205922
1616941208005083977,1616941208006611404,1.288114
1616941208015203524,1616941208016716983,1.251344
1616941208025331275,1616941208026824607,1.222124
1616941208035493763,1616941208036920795,1.156576
1616941208045717014,1616941208047191392,1.236643
1616941208055883797,1616941208057414144,1.207375
1616941208066112378,1616941208067614621,1.182557
1616941208076339959,1616941208077860484,1.23894
1616941208086518726,1616941208088084038,1.30156
1616941208096757440,1616941208098283684,1.251385
1616941208106927588,1616941208108462686,1.360974
1616941208117151551,1616941208118719465,1.290737
1616941208127377518,1616941208128813918,1.173829
1616941208137614473,1616941208138947459,1.044786
1616941208147834042,1616941208149123787,1.048195
1616941208158093864,1616941208159597234,1.219409
1616941208168262748,1616941208169586206,1.053518
1616941208178432605,1616941208179832551,1.09933
1616941208188656655,1616941208190041442,1.115319
1616941208198778324,1616941208200338537,1.28794
1616941208208904572,1616941208210521483,1.311888
1616941208219007563,1616941208220495276,1.217885
1616941208229233491,1616941208230753082,1.265162
1616941208239461536,1616941208241020536,1.282886
1616941208249589834,1616941208250954070,1.031609
1616941208259745844,1616941208261074422,1.040109
1616941208269971406,1616941208271409610,1.165243
1616941208280188482,1616941208281623177,1.152751
1616941208290311207,1616941208291715709,1.127417
1616941208300466742,1616941208301863512,1.143941
1616941208310631150,1616941208312013762,1.063916
1616941208320807106,1616941208322253852,1.166789
1616941208330926314,1616941208332719048,1.497968
1616941208341101264,1616941208342615694,1.18144
1616941208351208071,1616941208352625666,1.155093
1616941208361428754,1616941208362752446,1.029119
1616941208371531545,1616941208372869566,1.060706
1616941208381753517,1616941208383070430,1.01869
1616941208391854761,1616941208393246642,1.044215
1616941208401953020,1616941208403537144,1.245762
1616941208412171115,1616941208413645588,1.200793
1616941208422301797,1616941208423668611,1.030466
1616941208432458116,1616941208433867036,1.053348
1616941208442573510,1616941208444250277,1.337962
1616941208452670876,1616941208453990968,0.984094
1616941208462772653,1616941208464113538,0.990169
1616941208472830026,1616941208474232880,1.038433
1616941208483058414,1616941208484468106,1.055503
1616941208493229808,1616941208494631328,1.074937
1616941208503389016,1616941208504828938,1.094709
1616941208513538084,1616941208514985102,1.130687
1616941208523761759,1616941208525188265,1.142418
1616941208533912369,1616941208535357188,1.159103
1616941208543985317,1616941208545796059,1.458364
1616941208554187682,1616941208555573330,1.050603
1616941208564238459,1616941208565634647,1.070011
1616941208574314502,1616941208575771980,1.167723
1616941208584369124,1616941208585745834,1.047724
1616941208594494422,1616941208595902088,1.076377
1616941208604671072,1616941208606074191,1.009856
1616941208614895655,1616941208616255392,1.000473
1616941208625115508,1616941208626439233,1.033259
1616941208635344700,1616941208636654198,1.035766
1616941208645563187,1616941208646938000,1.046562
1616941208655787796,1616941208657060508,0.914487
1616941208666009954,1616941208667354272,1.041967
1616941208676228791,1616941208677591553,1.001434
1616941208686345043,1616941208687735737,1.039803
1616941208696461628,1616941208697863781,1.050134
1616941208706572074,1616941208707957938,1.079485
1616941208716683871,1616941208718152758,1.126595
1616941208726831647,1616941208728218737,1.123849
1616941208736995144,1616941208738291480,1.095175
1616941208747223842,1616941208748541301,1.066461
1616941208757389826,1616941208758708246,0.958934
1616941208767611316,1616941208768971343,1.098818
1616941208777779443,1616941208779130607,1.076245
1616941208787949056,1616941208789289325,1.077351
1616941208798116759,1616941208799504995,1.068158
1616941208808298038,1616941208809667259,1.083007
1616941208818427463,1616941208819784592,1.08495
1616941208828614985,1616941208829939537,1.059916
1616941208838737177,1616941208840173930,1.101274
1616941208848938131,1616941208850280982,0.995277
1616941208859155383,1616941208860578658,1.130541
1616941208869380450,1616941208870788068,1.064979
1616941208879599015,1616941208880975242,1.092758
1616941208889817505,1616941208891212777,1.110153
1616941208899936862,1616941208901389706,1.194828
1616941208910086977,1616941208911488360,1.098615
1616941208920257512,1616941208921660353,1.12081
1616941208930386621,1616941208931843031,1.194229
1616941208940555803,1616941208941973800,1.143935
1616941208950686019,1616941208952170305,1.148057
1616941208960904313,1616941208962305348,1.170434
1616941208971125535,1616941208972516541,1.108784
1616941208981283576,1616941208982770545,1.222768
1616941208991513499,1616941208992895730,1.100067
1616941209001754730,1616941209003251902,1.229822
1616941209011975825,1616941209013357966,1.096374
1616941209022166631,1616941209023610677,1.171804
1616941209032395843,1616941209033815578,1.149647
1616941209042565881,1616941209044059156,1.218619
1616941209052806218,1616941209054195766,1.098367
1616941209063027180,1616941209064467065,1.198538
1616941209073256734,1616941209074767859,1.229171
1616941209083480340,1616941209084930358,1.185669
1616941209093712059,1616941209095113617,1.109178
1616941209103886550,1616941209105323053,1.170471
1616941209113997815,1616941209115481508,1.196951
1616941209124179733,1616941209125649781,1.25678
1616941209134351275,1616941209135922457,1.303037
1616941209144571112,1616941209146086925,1.244721
1616941209154741615,1616941209156252649,1.219921
1616941209164987785,1616941209166511663,1.21721
1616941209175209233,1616941209176650691,1.164178
1616941209185429058,1616941209186929368,1.228131
1616941209195603613,1616941209197015985,1.11526
1616941209205823796,1616941209207302455,1.198034
1616941209216044016,1616941209217404822,1.080985
1616941209226270081,1616941209227698830,1.195834
1616941209236489620,1616941209237964634,1.183523
1616941209246617937,1616941209247997091,1.032853
1616941209256843499,1616941209258227455,1.11027
1616941209267011151,1616941209268532994,1.245524
1616941209277184867,1616941209278639330,1.148314
1616941209287413287,1616941209288881719,1.201052
1616941209297641342,1616941209298990546,1.084815
1616941209307921366,1616941209309355223,1.16505
1616941209318111089,1616941209319538391,1.153436
1616941209328346724,1616941209329711416,1.085623
1616941209338537070,1616941209340480755,1.748411
1616941209348701282,1616941209350300309,1.287
1616941209358865775,1616941209360244528,1.041545
1616941209369036252,1616941209370366069,1.098243
1616941209379262284,1616941209380726975,1.196201
1616941209389480795,1616941209390848017,1.038214
1616941209399701083,1616941209401083324,1.102382
1616941209409828164,1616941209411348734,1.188835
1616941209420001853,1616941209421444237,1.087108
1616941209430236949,1616941209431671558,1.164928
1616941209440465006,1616941209441821482,1.082811
1616941209450635448,1616941209452021706,1.116275
1616941209460855325,1616941209462218126,1.096309
1616941209471084096,1616941209472556310,1.196071
1616941209481327682,1616941209482715694,1.107416
1616941209491493530,1616941209492876621,1.115224
1616941209501727664,1616941209503224552,1.154559
1616941209511846861,1616941209513425443,1.332523
1616941209522031314,1616941209523456361,1.079875
1616941209532260087,1616941209533759952,1.174499
1616941209542484309,1616941209543838915,0.997089
1616941209552721985,1616941209554178516,1.153795
1616941209562939529,1616941209564351856,1.081883
1616941209573182641,1616941209574635753,1.146786
1616941209583402159,1616941209584855976,1.135869
1616941209593632920,1616941209594999876,1.028734
1616941209603858713,1616941209605304811,1.100251
1616941209613972405,1616941209615367055,1.051403
1616941209624194204,1616941209625612352,1.14127
1616941209634426125,1616941209635783831,1.074868
1616941209644645489,1616941209646033429,1.060255
1616941209654888159,1616941209656388442,1.2374
1616941209665109418,1616941209666444732,1.064865
1616941209675345974,1616941209676682140,1.067215
1616941209685568164,1616941209686976668,1.137669
1616941209695789333,1616941209697127770,1.070208
1616941209705957366,1616941209707334157,1.085568
1616941209716137890,1616941209717460147,1.029187
1616941209726311778,1616941209727670008,1.054983
1616941209736496197,1616941209737901759,1.059943
1616941209746667640,1616941209748157087,1.134068
1616941209756890755,1616941209758379126,1.185915
1616941209767123710,1616941209768600569,1.203579
1616941209777343986,1616941209778811705,1.197688
1616941209787499294,1616941209788936504,1.148592
1616941209797659654,1616941209799073915,1.14338
1616941209807822695,1616941209809362722,1.251072
1616941209817987218,1616941209819525325,1.204878
1616941209828148887,1616941209829650897,1.221888
1616941209838317302,1616941209839884049,1.292539
1616941209848491194,1616941209850005456,1.176232
1616941209858610724,1616941209860211143,1.328271
1616941209868832441,1616941209870528530,1.434659
1616941209879004160,1616941209880575846,1.297734
1616941209889190662,1616941209890713842,1.251278
1616941209899410457,1616941209900914977,1.227043
1616941209909633273,1616941209912768077,2.842599
1616941209919737498,1616941209921257706,1.249514
1616941209929977406,1616941209931380421,1.131256
1616941209940197601,1616941209941608025,1.142001
1616941209950377981,1616941209951804681,1.148212
1616941209960552578,1616941209962010237,1.131711
1616941209970679400,1616941209972050927,1.045539
1616941209980899492,1616941209982233840,1.026234
1616941209991119251,1616941209992507051,1.13038
1616941210001339434,1616941210002671273,1.052702
1616941210011559068,1616941210012904239,1.073143
1616941210021786872,1616941210023205779,1.159567
1616941210032006386,1616941210033395238,1.1055
1616941210042230368,1616941210043626988,1.6332
1616941210052476361,1616941210053813978,1.060767
1616941210062596053,1616941210064030815,1.08686
1616941210072693828,1616941210074171924,1.141119
1616941210082846404,1616941210084290628,1.106752
1616941210093008752,1616941210094700671,1.368939
1616941210103058113,1616941210104460297,1.144085
1616941210113226584,1616941210114580032,1.042756
1616941210123326906,1616941210124682092,1.000349
1616941210133399242,1616941210135154364,1.475073
1616941210143559353,1616941210144941401,1.050026
1616941210153782244,1616941210155180134,1.050427
1616941210163882288,1616941210165258495,1.030679
1616941210174042968,1616941210175429670,1.063915
1616941210184194522,1616941210185542931,1.00638
1616941210194291428,1616941210195628865,1.026455
1616941210204361905,1616941210205800697,1.115044
1616941210214471675,1616941210215913194,1.109039
1616941210224520720,1616941210225990763,1.138295
1616941210234648198,1616941210236119542,1.131202
1616941210244686284,1616941210246118334,1.093898
1616941210254785552,1616941210256160525,1.028947
1616941210264888039,1616941210266249218,1.020086
1616941210275058526,1616941210276445862,1.054766
1616941210285107048,1616941210286502477,1.039687
1616941210295343026,1616941210296752720,1.052753
1616941210305497617,1616941210306808188,0.914038
1616941210315727352,1616941210317118660,1.064345
1616941210325853925,1616941210327151342,0.952501
1616941210336024328,1616941210337350427,0.964439
1616941210346120516,1616941210347503559,1.04061
1616941210356278549,1616941210357597930,0.947225
1616941210366401850,1616941210367672315,0.922729
1616941210376501483,1616941210377830920,0.963569
1616941210386602716,1616941210387896867,0.935794
1616941210396763633,1616941210398081404,0.928592
1616941210406882798,1616941210408263096,0.985566
1616941210416980188,1616941210418352178,1.003352
1616941210427005365,1616941210428412560,1.032872
1616941210437093006,1616941210438376093,0.89118
1616941210447183128,1616941210448550481,0.961853
1616941210457337817,1616941210458755540,1.022996
1616941210467441130,1616941210468833244,1.02977
1616941210477534097,1616941210478833040,0.915283
1616941210487746851,1616941210489066049,0.975509
1616941210497829156,1616941210499199452,1.009476
1616941210508047841,1616941210509371290,0.973863
1616941210518083140,1616941210519366834,0.937682
1616941210528160809,1616941210529458743,0.915148
1616941210538264887,1616941210539681888,1.071071
1616941210548296075,1616941210549803956,1.187512
1616941210558453918,1616941210559927968,1.142816
1616941210568542127,1616941210570009861,1.119571
1616941210578617740,1616941210580117206,1.128686
1616941210588842668,1616941210590330582,1.137503
1616941210599078225,1616941210600558581,1.117779
1616941210609234566,1616941210610725407,1.160402
1616941210619314442,1616941210620854916,1.199897
1616941210629465573,1616941210630956395,1.155684
1616941210639568823,1616941210641067157,1.13767
1616941210649735620,1616941210651255843,1.181466
1616941210659835397,1616941210661263770,1.101053
1616941210669994894,1616941210671515416,1.169921
1616941210680180504,1616941210681604881,1.084171
1616941210690345657,1616941210691758300,1.152059
1616941210700511725,1616941210701924152,1.137198
1616941210710676136,1616941210712169091,1.161524
1616941210720849496,1616941210722345157,1.182262
1616941210731069921,1616941210732600495,1.267481
1616941210741297908,1616941210742865383,1.240303
1616941210751462729,1616941210752922661,1.184067
1616941210761630012,1616941210763219181,1.325829
1616941210771748560,1616941210773361952,1.2925
1616941210781856686,1616941210783358521,1.171016
1616941210791966964,1616941210793480946,1.210731
1616941210802170623,1616941210803676925,1.21882
1616941210812336656,1616941210813768019,1.080869
1616941210822456553,1616941210823873700,1.128456
1616941210832572326,1616941210834011279,1.142098
1616941210842689254,1616941210844271589,1.313315
1616941210852858270,1616941210854388568,1.228369
1616941210863075659,1616941210864558520,1.209452
1616941210873299994,1616941210874760910,1.115538
1616941210883472853,1616941210884915222,1.123945
1616941210893633918,1616941210895022110,1.062273
1616941210903799766,1616941210905273721,1.202833
1616941210914016882,1616941210915450645,1.149803
1616941210924138279,1616941210925521181,1.104782
1616941210934250809,1616941210936152766,1.726334
1616941210944275897,1616941210945686625,11.72726
1616941210954449885,1616941210956550681,1.699314
1616941210964670406,1616941210966194959,1.17988
1616941210974841472,1616941210976276547,1.10369
1616941210985072779,1616941210986428964,1.061612
1616941210995239985,1616941210996619017,1.021829
1616941211005485598,1616941211006878436,1.121413
1616941211015713390,1616941211017152898,1.166343
1616941211025948736,1616941211027382107,1.144325
1616941211036189364,1616941211037611849,1.151719
1616941211046366800,1616941211047768157,1.087768
1616941211056595146,1616941211058007819,1.078804
1616941211066769010,1616941211068217995,1.169925
1616941211076940475,1616941211078286508,1.090899
1616941211087111309,1616941211088430953,1.048068
1616941211097283102,1616941211098672645,1.115921
1616941211107454339,1616941211108868059,1.165853
1616941211117619061,1616941211118960412,1.067541
1616941211127877085,1616941211129227696,1.079805
1616941211138042664,1616941211139409673,1.107425
1616941211148268890,1616941211149698340,1.14529
1616941211158428932,1616941211159794314,1.067308
1616941211168617821,1616941211170036936,1.075327
1616941211178785589,1616941211180238881,1.20475
1616941211189005737,1616941211190400658,1.135752
1616941211199145916,1616941211200665917,1.259237
1616941211209328789,1616941211210785906,1.133459
1616941211219452070,1616941211220830345,1.053943
1616941211229619843,1616941211230993525,1.035214
1616941211239771878,1616941211240990841,0.859772
1616941211249919100,1616941211251281195,1.012849
1616941211260085930,1616941211261404637,1.014645
1616941211270182354,1616941211271624113,1.103026
1616941211280298201,1616941211281765872,1.130578
1616941211290417537,1616941211291966171,1.204229
1616941211300529175,1616941211301962939,1.102608
1616941211310651171,1616941211312030033,1.035657
1616941211320872754,1616941211322212830,1.003279
1616941211330981512,1616941211332359096,1.028766
1616941211341197048,1616941211342717166,1.201101
1616941211351352363,1616941211352690752,0.983292
1616941211361571639,1616941211362915489,0.985251
1616941211371749474,1616941211373046493,0.933471
1616941211381955467,1616941211383371533,1.075436
1616941211392119640,1616941211393541887,1.080524
1616941211402235688,1616941211403631383,1.081014
1616941211412394043,1616941211413734721,0.98422
1616941211422514860,1616941211423975437,1.16055
1616941211432741833,1616941211434190778,1.117242
1616941211442940977,1616941211444392560,1.135122
1616941211453150194,1616941211454670872,1.195018
1616941211463306265,1616941211464790362,1.149325
1616941211473518586,1616941211474897861,1.040897
1616941211483745287,1616941211485140620,1.073116
1616941211493960327,1616941211495367755,1.056912
1616941211504174464,1616941211505540815,1.046898
1616941211514342060,1616941211515677332,0.985209
1616941211524558536,1616941211525995345,1.11101
1616941211534740479,1616941211536336892,1.29024
1616941211544920746,1616941211546551792,1.298195
1616941211555044467,1616941211556573204,1.201121
1616941211565159292,1616941211566727876,1.236434
1616941211575258365,1616941211576624564,1.003595
1616941211585453712,1616941211586849776,1.050578
1616941211595622565,1616941211597026277,1.088259
1616941211605736395,1616941211607243353,1.212147
1616941211615896297,1616941211617301322,1.076831
1616941211626084316,1616941211627481391,1.079597
1616941211636300657,1616941211637715915,1.1085
1616941211646416393,1616941211647866592,1.144402
1616941211656588480,1616941211658062305,1.144983
1616941211666808603,1616941211668252140,1.125733
1616941211676987391,1616941211678447006,1.174544
1616941211687115419,1616941211688561495,1.126754
1616941211697292137,1616941211698776691,1.146236
1616941211707415828,1616941211708836055,1.102441
1616941211717648449,1616941211719116790,1.179881
1616941211727868545,1616941211729223057,1.039954
1616941211738095422,1616941211739743051,1.927092
1616941211748316531,1616941211749806868,1.209249
1616941211758499341,1616941211760010960,1.246731
1616941211768720443,1616941211770648906,1.662784
1616941211778890685,1616941211780192997,0.9539
1616941211789111313,1616941211790528490,1.147813
1616941211799284206,1616941211800645790,1.07885
1616941211809502419,1616941211810868936,1.024043
1616941211819723054,1616941211821112232,1.014037
1616941211829927048,1616941211831303179,1.035202
1616941211840025649,1616941211841395620,1.022297
1616941211850100437,1616941211851518587,1.080259
1616941211860324659,1616941211861770762,1.104554
1616941211870494034,1616941211871903343,1.127255
1616941211880605504,1616941211881978344,1.105966
1616941211890718147,1616941211892168498,1.094754
1616941211900764588,1616941211902230899,1.144256
1616941211910919728,1616941211912362055,1.130392
1616941211921085039,1616941211922637278,1.220908
1616941211931234888,1616941211932670916,1.154591
1616941211941283149,1616941211942721668,1.106095
1616941211951355959,1616941211952725517,1.072575
1616941211961462731,1616941211962899648,1.088058
1616941211971561371,1616941211973096034,1.1694
1616941211981780818,1616941211983359412,1.215739
1616941211991811719,1616941211993340169,1.163142
1616941212001907778,1616941212003358335,1.077272
1616941212012131341,1616941212013587643,1.063238
1616941212022234544,1616941212023686045,1.103313
1616941212032454638,1616941212033879445,1.055343
1616941212042485364,1616941212043886680,1.024298
1616941212052588029,1616941212054012781,1.057897
1616941212062752462,1616941212064125891,1.01648
1616941212072917849,1616941212074395183,1.121864
1616941212083096540,1616941212084549375,1.118761
1616941212093114454,1616941212094592351,1.147222
1616941212103214436,1616941212104599171,1.041788
1616941212113428267,1616941212114807909,1.046703
1616941212123650848,1616941212125061747,1.109466
1616941212133827563,1616941212135324320,1.23232
1616941212144048761,1616941212145512560,1.121784
1616941212154228911,1616941212155650961,1.076144
1616941212164448249,1616941212166005198,1.227148
1616941212174565780,1616941212175973895,1.12531
1616941212184667377,1616941212186168917,1.174989
1616941212194840405,1616941212196206489,1.009421
1616941212204992966,1616941212206527755,1.220554
1616941212215036129,1616941212216501106,1.188036
1616941212225132872,1616941212226679763,1.235144
1616941212235148604,1616941212236704585,1.242514
1616941212245242957,1616941212246845759,1.283348
1616941212255441392,1616941212256959331,1.237757
1616941212265654951,1616941212267196624,1.229582
1616941212275816093,1616941212277324131,1.187232
1616941212285941509,1616941212287365667,1.092948
1616941212296108910,1616941212297456094,0.999825
1616941212306229264,1616941212307785175,1.283159
1616941212316406328,1616941212317856035,1.175183
1616941212326582046,1616941212328070378,1.222325
1616941212336802576,1616941212338156303,1.088239
1616941212347036259,1616941212348535555,1.238792
1616941212357207976,1616941212358692913,1.206152
1616941212367426343,1616941212368855689,1.161598
1616941212377599096,1616941212379034741,1.179616
1616941212387779655,1616941212389295996,1.24624
1616941212398005072,1616941212399379870,1.056136
1616941212408227604,1616941212409652756,1.153791
1616941212418396445,1616941212419789426,1.053629
1616941212428623950,1616941212430037163,1.150719
1616941212438799102,1616941212440268415,1.204479
1616941212448954933,1616941212450443470,1.207601
1616941212459178021,1616941212460616962,1.170115
1616941212469400995,1616941212470869785,1.175603
1616941212479616328,1616941212481007968,1.10894
1616941212489834867,1616941212491190825,1.08736
1616941212500054281,1616941212501552373,1.22997
1616941212510180252,1616941212511542836,1.016249
1616941212520358178,1616941212521821042,1.198838
1616941212530485685,1616941212531949214,1.188951
1616941212540725734,1616941212542159098,1.186329
1616941212550894950,1616941212552824724,1.842599
1616941212561016456,1616941212562560960,1.271516
1616941212571238727,1616941212572689199,1.179427
1616941212581456971,1616941212582934528,1.15925
1616941212591619675,1616941212593003780,1.117333
1616941212601837433,1616941212603215849,1.117345
1616941212612058808,1616941212613425661,1.118427
1616941212622185388,1616941212623485165,1.033774
1616941212632356189,1616941212633681961,1.051205
1616941212642485514,1616941212643841019,1.106954
1616941212652724554,1616941212654126431,1.127391
1616941212662895298,1616941212664247500,1.083891
1616941212673070332,1616941212674436205,1.09153
1616941212683240700,1616941212684648370,1.121274
1616941212693493353,1616941212694857926,1.097438
1616941212703721890,1616941212705117114,1.124755
1616941212713967436,1616941212715354885,1.111306
1616941212724191284,1616941212725605789,1.150035
1616941212734366984,1616941212735830024,1.190873
1616941212744586611,1616941212745998975,1.129328
1616941212754786365,1616941212756181162,1.13159
1616941212765006746,1616941212766382352,1.143548
1616941212775179670,1616941212776538332,1.097261
1616941212785401927,1616941212786783879,1.105156
1616941212795634025,1616941212797015132,1.0941
1616941212805859557,1616941212807281001,1.165041
1616941212816108928,1616941212817541300,1.171199
1616941212826232788,1616941212827635080,1.16244
1616941212836452782,1616941212837914134,1.174467
1616941212846576484,1616941212848088173,1.244286
1616941212856811495,1616941212858272466,1.182223
1616941212867060734,1616941212868482498,1.149232
1616941212877228667,1616941212878597029,1.096657
1616941212887446206,1616941212888871588,1.187346
1616941212897688031,1616941212899058638,1.098872
1616941212907930708,1616941212909284069,1.100018
1616941212918152311,1616941212919613077,1.207796
1616941212928405597,1616941212929784593,1.109644
1616941212938525676,1616941212939988241,1.178116
1616941212948695431,1616941212950030663,1.04671
1616941212958818012,1616941212960235605,1.142813
1616941212969059513,1616941212970442071,1.154106
1616941212979293310,1616941212980684700,1.111518
1616941212989512414,1616941212990910134,1.128833
1616941212999752530,1616941213001161079,1.144976
1616941213009971928,1616941213011309890,1.064381
1616941213020202214,1616941213021500584,1.031589
1616941213030329416,1616941213031675180,1.083955
1616941213040571660,1616941213042159807,1.343526
1616941213050687416,1616941213052073084,1.046214
1616941213060906934,1616941213062241762,1.066256
1616941213071026349,1616941213072329179,1.003794
1616941213081251112,1616941213082650395,1.152669
1616941213091426211,1616941213092834244,1.109226
1616941213101597512,1616941213103087394,1.124725
1616941213111822371,1616941213113227259,1.085432
1616941213121987306,1616941213123417789,1.102196
1616941213132158061,1616941213133518060,1.015668
1616941213142324740,1616941213143715270,1.108263
1616941213152525364,1616941213153900738,1.106823
1616941213162649532,1616941213164041940,1.112653
1616941213172829640,1616941213174175600,1.089319
1616941213183007656,1616941213184319032,1.072243
1616941213193184290,1616941213194577095,1.054176
1616941213203363571,1616941213204731250,1.029338
1616941213213541785,1616941213214998011,1.119021
1616941213223776227,1616941213225141241,1.050058
1616941213234011527,1616941213235356144,1.031904
1616941213244239218,1616941213245650403,1.110048
1616941213254412747,1616941213255948370,1.205463
1616941213264593719,1616941213266068926,1.155769
1616941213274768389,1616941213276321258,1.244267
1616941213284946080,1616941213286427379,1.190787
1616941213295119171,1616941213296527685,1.072834
1616941213305338154,1616941213306779131,1.142316
1616941213315461568,1616941213316997774,1.254097
1616941213325644565,1616941213327125050,1.221
1616941213335831136,1616941213337357190,1.267284
1616941213346017947,1616941213347502674,1.222103
1616941213356194214,1616941213358078128,1.808407
1616941213366294609,1616941213367841054,1.229306
1616941213376463409,1616941213377854023,1.127057
1616941213386630276,1616941213387990349,1.10394
1616941213396798481,1616941213398249107,1.176216
1616941213406968948,1616941213408367799,1.123218
1616941213417135939,1616941213418617992,1.153072
1616941213427301748,1616941213428760950,1.199516
1616941213437522140,1616941213438892370,1.095906
1616941213447689949,1616941213449190783,1.240656
1616941213457813686,1616941213459249333,1.150165
1616941213467981239,1616941213469404888,1.126698
1616941213478136476,1616941213479472666,1.072662
1616941213488305048,1616941213489756876,1.184376
1616941213498435926,1616941213499934592,1.160202
1616941213508637621,1616941213510133436,1.223396
1616941213518801999,1616941213520223366,1.092825
1616941213529029413,1616941213530447680,1.149322
1616941213539254048,1616941213540664325,1.111189
1616941213549472940,1616941213550874412,1.501288
1616941213559576613,1616941213561020382,1.132153
1616941213569694026,1616941213571118066,1.093316
1616941213579792726,1616941213581219601,1.162983
1616941213589944932,1616941213591472774,1.200247
1616941213599994531,1616941213601407048,1.081747
1616941213610151510,1616941213611563271,1.090058
1616941213620175871,1616941213621593577,1.138251
1616941213630270861,1616941213631675304,1.119359
1616941213640423784,1616941213641849913,1.109871
1616941213650546193,1616941213652011052,1.136257
1616941213660630393,1616941213662163309,1.281531
1616941213670659345,1616941213672212252,1.237227
1616941213680908287,1616941213682323034,1.127282
1616941213691088590,1616941213692487497,1.122377
1616941213701326094,1616941213702767870,1.116416
1616941213711424960,1616941213712869690,1.16517
1616941213721544796,1616941213723019291,1.211545
1616941213731775443,1616941213733170652,1.127129
1616941213741796853,1616941213743241526,1.073418
1616941213751901882,1616941213753245026,1.009579
1616941213762000323,1616941213763417604,1.092946
1616941213772150296,1616941213773652257,1.188466
1616941213782252554,1616941213783800531,1.249273
1616941213792354254,1616941213793878359,1.22048
1616941213802519610,1616941213803987292,1.140016
1616941213812627333,1616941213814077311,1.153092
1616941213822780843,1616941213824232572,1.120487
1616941213832920508,1616941213834362908,1.204244
1616941213843142865,1616941213844560281,1.108821
1616941213853241607,1616941213854681369,1.11224
1616941213863342112,1616941213864715615,1.114498
1616941213873538250,1616941213874882757,1.008028
1616941213883769600,1616941213885181214,1.100109
1616941213893928005,1616941213895327249,1.070555
1616941213904082096,1616941213905610497,1.192465
1616941213914158167,1616941213915689101,1.201854
1616941213924364122,1616941213925905453,1.228898
1616941213934403103,1616941213935783566,1.05396
1616941213944622144,1616941213946004906,1.050956
1616941213954793685,1616941213956157511,1.008299
1616941213964975448,1616941213966436268,1.121764
1616941213975207541,1616941213976659006,1.116133
1616941213985346416,1616941213986792472,1.119196
1616941213995445486,1616941213996879155,1.091424
1616941214005546506,1616941214006954974,1.066818
1616941214015624135,1616941214017117588,1.239033
1616941214025845811,1616941214027313735,1.258119
1616941214036079741,1616941214037525785,1.221966
1616941214046302162,1616941214047721685,1.140797
1616941214056519812,1616941214057952722,1.159511
1616941214066689528,1616941214068148691,1.188891
1616941214076873060,1616941214078253799,1.103415
1616941214087046280,1616941214088439889,1.113738
1616941214097221493,1616941214098650458,1.159459
1616941214107394394,1616941214108807646,1.182479
1616941214117569508,1616941214119009735,1.157495
1616941214127791376,1616941214129226452,1.169909
1616941214138009798,1616941214139428707,1.168262
1616941214148244255,1616941214149672704,1.150738
1616941214158431306,1616941214159840713,1.137699
1616941214168604352,1616941214170540079,1.849211
1616941214178720185,1616941214180051410,1.022619
1616941214188939922,1616941214190347486,1.139747
1616941214199166206,1616941214200693099,1.2164
1616941214209403894,1616941214210738968,0.990924
1616941214219603179,1616941214220932356,1.074566
1616941214229839323,1616941214231280036,1.157612
1616941214240059562,1616941214241440563,1.103969
1616941214250228652,1616941214251693818,1.175063
1616941214260462859,1616941214261931721,1.199722
1616941214270633909,1616941214272152063,1.232793
1616941214280799689,1616941214282252115,1.17911
1616941214290899663,1616941214292303054,1.124873
1616941214301031997,1616941214302534412,1.241629
1616941214311141556,1616941214312633540,1.161528
1616941214321265060,1616941214322716457,1.177212
1616941214331432521,1616941214332869385,1.148804
1616941214341672866,1616941214343133332,1.178665
1616941214351901654,1616941214353299629,1.10768
1616941214362145617,1616941214363607511,1.191272
1616941214372370510,1616941214373880506,1.179119
1616941214382540213,1616941214384023969,1.177531
1616941214392770125,1616941214394138158,1.09065
1616941214402938525,1616941214404321959,1.110575
1616941214413159160,1616941214414583851,1.150305
1616941214423350851,1616941214424796860,1.171219
1616941214433588870,1616941214435031113,1.16328
1616941214443816833,1616941214445244460,1.152941
1616941214454038913,1616941214455545846,1.239275
1616941214464273015,1616941214465689664,1.134703
1616941214474443145,1616941214475864900,1.143978
1616941214484677239,1616941214486121182,1.162322
1616941214494846439,1616941214496219560,1.087952
1616941214504980907,1616941214506362512,1.117874
1616941214515217202,1616941214516602447,1.144631
1616941214525390151,1616941214526840130,1.121242
1616941214535555536,1616941214536892974,0.995973
1616941214545788715,1616941214547156438,1.079356
1616941214555967755,1616941214557356809,1.056533
1616941214566207768,1616941214567543428,0.996422
1616941214576426404,1616941214577734146,1.022569
1616941214586596067,1616941214587902858,1.012844
1616941214596775177,1616941214598059813,0.975252
1616941214606887723,1616941214608186447,0.929778
1616941214617078993,1616941214618347813,0.911743
1616941214627187702,1616941214628524353,0.979633
1616941214637317659,1616941214638748539,1.098836
1616941214647442376,1616941214648718515,0.886298
1616941214657541622,1616941214658914320,1.018438
1616941214667706248,1616941214669049362,1.042756
1616941214677932330,1616941214679408473,1.178088
1616941214688116306,1616941214689448310,0.985914
1616941214698296577,1616941214699591515,0.954977
1616941214708468969,1616941214709929772,1.220099
1616941214718590381,1616941214720000252,1.131436
1616941214728766394,1616941214730155934,1.055928
1616941214738931242,1616941214740364690,1.256709
1616941214749064858,1616941214750524699,1.14919
1616941214759185946,1616941214760609495,1.181757
1616941214769338555,1616941214770618032,0.955463
1616941214779455467,1616941214780750128,1.004456
1616941214789571406,1616941214790932549,1.001572
1616941214799752214,1616941214801210636,1.172102
1616941214809970385,1616941214811380035,1.140197
1616941214820208257,1616941214821596647,1.104553
1616941214830376651,1616941214831737764,1.073467
1616941214840605388,1616941214842025925,1.086546
1616941214850776476,1616941214852277588,1.200924
1616941214861014146,1616941214862522031,1.18759
1616941214871232273,1616941214872679493,1.12982
1616941214881465573,1616941214882872337,1.072751
1616941214891693981,1616941214893114776,1.103888
1616941214901919458,1616941214903345689,1.109646
1616941214912034594,1616941214913455652,1.090649
1616941214922256563,1616941214923630817,1.092649
1616941214932487571,1616941214933919622,1.178416
1616941214942687644,1616941214944094692,1.13294
1616941214952906092,1616941214954379919,1.22841
1616941214963127968,1616941214964502138,1.110153
1616941214973349310,1616941214975102900,1.516297
1616941214983575064,1616941214985063359,1.15946
1616941214993804018,1616941214995296134,1.255792
1616941215004022397,1616941215005452891,1.16501
1616941215014193128,1616941215015597864,1.140833
1616941215024362606,1616941215025780159,1.084127
1616941215034504294,1616941215035957706,1.186943
1616941215044677061,1616941215046106602,1.191252
1616941215054824492,1616941215056288336,1.185257
1616941215064983581,1616941215066351316,1.018203
1616941215075096531,1616941215076512686,1.135112
1616941215085279613,1616941215086782352,1.231451
1616941215095455999,1616941215096838422,1.056301
1616941215105699363,1616941215107081968,1.020899
1616941215115863625,1616941215117308417,1.105153
1616941215126107408,1616941215127521741,1.081466
1616941215136364907,1616941215137793759,1.160686
1616941215146536208,1616941215147982043,1.182426
1616941215156758894,1616941215158098618,1.10149
1616941215166929001,1616941215168359473,1.144232
1616941215177149098,1616941215178543492,1.107185
1616941215187369874,1616941215188741191,1.038183
1616941215197590891,1616941215198960787,1.00798
1616941215207819214,1616941215209213687,1.056197
1616941215218037114,1616941215219442086,1.076642
1616941215228260862,1616941215229622906,1.040611
1616941215238431032,1616941215239772594,1.076314
1616941215248606107,1616941215249958821,1.082278
1616941215258777833,1616941215260163740,1.028113
1616941215269005724,1616941215270442769,1.21485
1616941215279184051,1616941215281151423,1.641924
1616941215289347208,1616941215290745649,1.062355
1616941215299399850,1616941215300761075,1.033365
1616941215309560565,1616941215311005233,1.1152
1616941215319780195,1616941215321315228,1.227576
1616941215329923971,1616941215331319979,1.052391
1616941215340014532,1616941215341508096,1.185224
1616941215350167838,1616941215351515538,0.986412
1616941215360326115,1616941215361732899,1.085087
1616941215370438045,1616941215371821184,1.033335
1616941215380619864,1616941215382035960,1.057312
1616941215390704090,1616941215392084794,1.01088
1616941215400950012,1616941215402533223,1.279056
1616941215411073722,1616941215412520341,1.148436
1616941215421178767,1616941215422663985,1.146772
1616941215431274732,1616941215432662371,1.029584
1616941215441375701,1616941215442821786,1.10063
1616941215451475485,1616941215452950632,1.15913
1616941215461577584,1616941215462981748,1.089768
1616941215471645925,1616941215473156239,1.197977
1616941215481801332,1616941215483275537,1.136672
1616941215491962403,1616941215493430306,1.114974
1616941215502060553,1616941215503393779,1.044266
1616941215512181380,1616941215513617190,1.151432
1616941215522250778,1616941215523790489,1.212869
1616941215532292478,1616941215533833662,1.223281
1616941215542466293,1616941215544015966,1.231578
1616941215552685972,1616941215554342703,1.334207
1616941215562735250,1616941215564324921,1.276294
1616941215572776672,1616941215574429725,1.377395
1616941215582940551,1616941215584577378,1.371629
1616941215592994002,1616941215594694625,1.367981
1616941215603020026,1616941215604596622,1.274953
1616941215613180596,1616941215614811686,1.315898
1616941215623353204,1616941215625000906,1.375671
1616941215633536671,1616941215635103717,1.252858
1616941215643765135,1616941215645390058,1.374456
1616941215653929430,1616941215655504174,1.313084
1616941215664085712,1616941215665643563,1.218033
1616941215674196831,1616941215675688556,1.162772
1616941215684430881,1616941215685959905,1.248924
1616941215694553713,1616941215696004343,1.192851
1616941215704800048,1616941215706226323,1.170229
1616941215714970469,1616941215716417861,1.228961
1616941215725093235,1616941215726609679,1.249081
1616941215735320572,1616941215736679489,1.125517
1616941215745485634,1616941215746970633,1.210419
1616941215755659330,1616941215757150969,1.225466
1616941215765840386,1616941215767432520,1.701107
1616941215776011897,1616941215777521150,1.188821
1616941215786184409,1616941215787668417,1.14678
1616941215796342691,1616941215797773801,1.174443
1616941215806456914,1616941215807860260,1.157325
1616941215816640693,1616941215818142208,1.176677
1616941215826809805,1616941215828234062,1.109702
1616941215836988897,1616941215838349413,1.012571
1616941215847163475,1616941215848584090,1.144229
1616941215857386618,1616941215858831084,1.173092
1616941215867611397,1616941215868978348,1.094291
1616941215877831208,1616941215879243787,1.147714
1616941215888050545,1616941215889444294,1.148451
1616941215898226272,1616941215899612940,1.157869
1616941215908455273,1616941215909904933,1.187705
1616941215918631865,1616941215920103384,1.148745
1616941215928853196,1616941215930306736,1.185333
1616941215938962338,1616941215940484562,1.26937
1616941215949181645,1616941215950702963,1.272212
1616941215959350801,1616941215960824646,1.196966
1616941215969516514,1616941215970897987,1.044041
1616941215979685359,1616941215981145435,1.193986
1616941215989899188,1616941215991270998,1.164238
1616941216000114544,1616941216001603906,1.218373
1616941216010228886,1616941216011573523,0.994103
1616941216020393318,1616941216021749844,1.06722
1616941216030563094,1616941216031877637,1.042035
1616941216040746278,1616941216042068920,0.998354
1616941216050918656,1616941216052251125,1.052551
1616941216061151032,1616941216062498684,1.023549
1616941216071371205,1616941216072723727,1.098123
1616941216081555584,1616941216082943524,1.104292
1616941216091772937,1616941216093186324,1.142617
1616941216101992416,1616941216103397474,1.109143
1616941216112207950,1616941216113628605,1.099219
1616941216122328933,1616941216123759561,1.1528
1616941216132551885,1616941216133945746,1.132024
1616941216142731566,1616941216144060814,1.057135
1616941216152892302,1616941216154278935,1.116667
1616941216163111219,1616941216164458120,1.043441
1616941216173331760,1616941216174660337,1.05835
1616941216183507179,1616941216184903906,1.117774
1616941216193686872,1616941216195175114,1.221686
1616941216203924382,1616941216205310603,1.114581
1616941216214180414,1616941216215636699,1.234191
1616941216224405404,1616941216225920166,1.225079
1616941216234575114,1616941216236053690,1.139695
1616941216244794173,1616941216246296152,1.230618
1616941216255014339,1616941216256467863,1.171148
1616941216265254475,1616941216266725706,1.185206
1616941216275474776,1616941216276960256,1.217916
1616941216285646659,1616941216287098280,1.186027
1616941216295824496,1616941216297273527,1.181525
1616941216306073745,1616941216307583171,1.181962
1616941216316235833,1616941216317726500,1.18542
1616941216326408060,1616941216327945153,1.258861
1616941216336585551,1616941216338047012,1.198954
1616941216346742796,1616941216348214514,1.233599
1616941216356968229,1616941216358455627,1.221337
1616941216367186920,1616941216368563142,1.094288
1616941216377407365,1616941216378701348,1.02203
1616941216387635807,1616941216388973845,1.055538
1616941216397749709,1616941216399104130,1.016414
1616941216407931785,1616941216409464436,1.230959
1616941216418142548,1616941216419672479,1.261005
1616941216428265832,1616941216429678110,1.087719
1616941216438382576,1616941216439825656,1.167377
1616941216448551533,1616941216449899493,1.09194
1616941216458742482,1616941216460181702,1.175454
1616941216468967133,1616941216470631308,1.39477
1616941216479198733,1616941216480758507,1.270801
1616941216489422500,1616941216490824275,1.13869
1616941216499643937,1616941216501070062,1.138213
1616941216509868001,1616941216511333036,1.136905
1616941216520049323,1616941216521471575,1.144933
1616941216530234105,1616941216531684834,1.189881
1616941216540452914,1616941216541854610,1.13579
1616941216550625887,1616941216552086495,1.134968
1616941216560863261,1616941216562318273,1.210799
1616941216571088041,1616941216572566267,1.198972
1616941216581322944,1616941216583238578,1.827048
1616941216591430117,1616941216592832115,1.142027
1616941216601664845,1616941216602990355,1.059596
1616941216611831587,1616941216613230162,1.140734
1616941216622073956,1616941216623492857,1.14925
1616941216632239668,1616941216633690666,1.20159
1616941216642409538,1616941216643780297,1.05175
1616941216652572182,1616941216653910007,1.044352
1616941216662726041,1616941216664090729,1.048787
1616941216672945424,1616941216674295299,1.063939
1616941216683100217,1616941216684507498,1.083696
1616941216693319790,1616941216694735303,1.134388
1616941216703493174,1616941216704840069,1.106627
1616941216713602500,1616941216715014238,1.140201
1616941216723761440,1616941216725124832,1.086693
1616941216733915456,1616941216735258228,1.071048
1616941216744072775,1616941216745393156,1.062208
1616941216754228679,1616941216755683201,1.177343
1616941216764465985,1616941216765798072,1.082879
1616941216774579377,1616941216775909990,1.063803
1616941216784822212,1616941216786265043,1.204116
1616941216795000445,1616941216796485546,1.206354
1616941216805158151,1616941216806544898,1.151133
1616941216815374666,1616941216816823642,1.158535
1616941216825541881,1616941216826979400,1.163959
1616941216835762369,1616941216837116504,1.075524
1616941216845981262,1616941216847362878,1.156036
1616941216856200511,1616941216857636798,1.171883
1616941216866368765,1616941216867730399,1.093697
1616941216876588124,1616941216877998498,1.195931
1616941216886746879,1616941216888144704,1.155569
1616941216896972993,1616941216898378232,1.131696
1616941216907196638,1616941216912859079,5.40792
1616941216917415495,1616941216918805602,1.057812
1616941216927582188,1616941216928907474,0.983474
1616941216937753524,1616941216939167799,1.151586
1616941216947930850,1616941216949322981,1.067172
1616941216958116077,1616941216959582104,1.125717
1616941216968278116,1616941216969650714,1.101571
1616941216978398833,1616941216979878687,1.235966
1616941216988623509,1616941216990127491,1.852789
1616941216998783686,1616941217000257314,1.15009
1616941217009020131,1616941217010527433,1.203225
1616941217019118251,1616941217020671769,1.272365
1616941217029222498,1616941217030700067,1.15051
1616941217039438640,1616941217040865366,1.114647
1616941217049450599,1616941217050931271,1.157646
1616941217059532078,1616941217061073118,1.276419
1616941217069756882,1616941217071211799,1.198959
1616941217079891165,1616941217081359953,1.149287
1616941217090111927,1616941217091488533,1.104493
1616941217100252775,1616941217101759516,1.244144
1616941217110354507,1616941217111929288,1.253695
1616941217120454563,1616941217121955738,1.231825
1616941217130555037,1616941217132036799,1.156757
1616941217140592189,1616941217142112607,1.189625
1616941217150615656,1616941217152151221,1.210544
1616941217160721863,1616941217162143100,1.078415
1616941217170896609,1616941217172286153,1.057953
1616941217180998434,1616941217182455629,1.172507
1616941217191021356,1616941217192408135,1.112589
1616941217201095879,1616941217202554529,1.146243
1616941217211162647,1616941217212692339,1.28058
1616941217221188106,1616941217222655387,1.134453
1616941217231415632,1616941217232828761,1.090392
1616941217241604147,1616941217243002456,1.07151
1616941217251774154,1616941217253215728,1.107063
1616941217261991093,1616941217263418341,1.171898
1616941217272218478,1616941217273798098,1.266119
1616941217282268028,1616941217283736300,1.135137
1616941217292298741,1616941217293732719,1.186661
1616941217302404921,1616941217303859057,1.118953
1616941217312556731,1616941217314023460,1.140774
1616941217322693156,1616941217324228642,1.216562
1616941217332845748,1616941217334355923,1.270216
1616941217343047286,1616941217344480100,1.17871
1616941217353219003,1616941217354680095,1.124807
1616941217363309923,1616941217364770186,1.123867
1616941217373486694,1616941217374991968,1.180819
1616941217383586642,1616941217385637222,1.853113
1616941217393711074,1616941217395207486,1.22235
1616941217403947966,1616941217405343159,1.143288
1616941217414141093,1616941217415548363,1.151447
1616941217424320235,1616941217425803926,1.273341
1616941217434497384,1616941217435984164,1.230259
1616941217444714385,1616941217446088326,1.103654
1616941217454888449,1616941217456317569,1.160281
1616941217465124583,1616941217466544052,1.143326
1616941217475345220,1616941217476789259,1.197736
1616941217485508181,1616941217486826387,0.965091
1616941217495695670,1616941217497085327,1.121355
1616941217505822380,1616941217507327658,1.238923
1616941217515996824,1616941217517454170,1.206089
1616941217526247670,1616941217527663892,1.147514
1616941217536426702,1616941217537798163,1.103652
1616941217546603323,1616941217548045836,1.186302
1616941217556824503,1616941217558270409,1.250755
1616941217566939997,1616941217568345579,1.136916
1616941217577111535,1616941217578498347,1.343016
1616941217587290138,1616941217588718475,1.081245
1616941217597447293,1616941217598883475,1.09136
1616941217607684330,1616941217609087560,1.137253
1616941217617906212,1616941217619348508,1.180422
1616941217628070735,1616941217629410394,1.069469
1616941217638236114,1616941217639628156,1.12581
1616941217648396845,1616941217649814709,1.127278
1616941217658567650,1616941217659877597,1.068803
1616941217668803880,1616941217670184820,1.099735
1616941217679026750,1616941217680377587,1.083616
1616941217689248442,1616941217690748540,1.225957
1616941217699469056,1616941217700835676,1.077612
1616941217709692535,1616941217711060075,1.111484
1616941217719912496,1616941217721319776,1.147477
1616941217730157122,1616941217731663755,1.236438
1616941217740378799,1616941217741775954,1.41432
1616941217750549504,1616941217751962004,1.072987
1616941217760770916,1616941217762279985,1.252645
1616941217771012240,1616941217772541444,1.281378
1616941217781244123,1616941217782815588,1.302177
1616941217791463987,1616941217792984142,1.253158
1616941217801686638,1616941217803099865,1.073689
1616941217811908275,1616941217813394617,1.181902
1616941217822140096,1616941217823697309,1.275809
1616941217832422659,1616941217833994026,1.295289
1616941217842541072,1616941217844184234,1.416643
1616941217852654044,1616941217854253055,1.353097
1616941217862766347,1616941217864367369,1.332263
1616941217872944737,1616941217874541493,1.343201
1616941217883118184,1616941217884754792,1.377207
1616941217893295860,1616941217894807890,1.219894
1616941217903467162,1616941217904982721,1.258491
1616941217913640331,1616941217915230705,1.332374
1616941217923815037,1616941217925339856,1.266625
1616941217933988917,1616941217935478460,1.237397
1616941217944163230,1616941217945758983,1.325847
1616941217954286582,1616941217955768082,1.164877
1616941217964457736,1616941217966018282,1.212392
1616941217974581279,1616941217976061526,1.228649
1616941217984754445,1616941217986258683,1.19785
1616941217994877175,1616941217996303721,1.106587
1616941218005056002,1616941218006509068,1.225792
1616941218015227851,1616941218016567618,1.034182
1616941218025403569,1616941218026799124,1.111563
1616941218035578346,1616941218036950460,1.07615
1616941218045756673,1616941218047255903,1.213515
1616941218055929731,1616941218057430185,1.235989
1616941218066117007,1616941218067589583,1.183979
1616941218076334999,1616941218077882678,1.272187
1616941218086509085,1616941218088046911,1.268631
1616941218096634063,1616941218098151047,1.248606
1616941218106803395,1616941218108362079,1.271303
1616941218117066464,1616941218118630622,1.289758
1616941218127280408,1616941218128620980,1.015202
1616941218137457637,1616941218138918085,1.158936
1616941218147672735,1616941218149018853,1.07586
1616941218157893038,1616941218159367965,1.212875
1616941218168113336,1616941218169554587,1.160373
1616941218178282002,1616941218179695782,1.138336
1616941218188500106,1616941218190016196,1.182662
1616941218198684460,1616941218200590054,1.696519
1616941218208905973,1616941218210460670,1.276732
1616941218219128880,1616941218220572682,1.20915
1616941218229358847,1616941218230836572,1.211603
1616941218239587075,1616941218240942665,1.010758
1616941218249805829,1616941218251256049,1.175961
1616941218260038545,1616941218261520547,1.185429
1616941218270234025,1616941218271601410,1.092959
1616941218280453225,1616941218281912816,1.195316
1616941218290624336,1616941218292129251,1.166846
1616941218300843726,1616941218302233676,1.021365
1616941218311070401,1616941218312420520,1.058275
1616941218321288264,1616941218322645542,1.067933
1616941218331509729,1616941218332878727,1.085301
1616941218341634275,1616941218343044721,1.141263
1616941218351874379,1616941218353292300,1.146997
1616941218362093236,1616941218363441080,1.087873
1616941218372315561,1616941218373736603,1.150721
1616941218382447627,1616941218383889128,1.169135
1616941218392666370,1616941218394129117,1.167184
1616941218402834216,1616941218404201062,1.114122
1616941218413063083,1616941218414504089,1.203287
1616941218423279815,1616941218424645740,1.099078
1616941218433499989,1616941218434948584,1.160365
1616941218443755099,1616941218445190281,1.164642
1616941218453994909,1616941218455389463,1.15994
1616941218464240554,1616941218465665528,1.157218
1616941218474409546,1616941218475841227,1.171506
1616941218484636575,1616941218486026980,1.131463
1616941218494808493,1616941218496231465,1.162108
1616941218505066168,1616941218506419299,1.073828
1616941218515295952,1616941218516742968,1.19302
1616941218525512596,1616941218526898875,1.050974
1616941218535732802,1616941218537075505,1.096062
1616941218545955369,1616941218547408831,1.184326
1616941218556175352,1616941218557629048,1.2086
1616941218566345458,1616941218567818090,1.199481
1616941218576573225,1616941218578053961,1.244766
1616941218586740167,1616941218588115423,1.05665
1616941218596911104,1616941218598423901,1.289893
1616941218607076436,1616941218608574972,1.232639
1616941218617295220,1616941218618849374,1.289706
1616941218627465639,1616941218628955072,1.215666
1616941218637635757,1616941218639214904,1.319799
1616941218647806693,1616941218649270340,1.161737
1616941218658030578,1616941218659532631,1.241514
1616941218668248480,1616941218669795249,1.270701
1616941218678415131,1616941218679975436,1.295936
1616941218688633587,1616941218690183032,1.274124
1616941218698791595,1616941218700369072,1.316577
1616941218708958105,1616941218710540564,1.320346
1616941218719197395,1616941218720665052,1.286476
1616941218729384195,1616941218730781738,1.078639
1616941218739486370,1616941218740983206,1.189623
1616941218749589093,1616941218751063684,1.218869
1616941218759693392,1616941218761197396,1.23893
1616941218769730458,1616941218771143283,1.142426
1616941218779834372,1616941218781276624,1.180245
1616941218790081912,1616941218791616036,1.278988
1616941218800183296,1616941218801758830,1.26225
1616941218810299353,1616941218811653274,1.092332
1616941218820330130,1616941218821807555,1.154052
1616941218830389201,1616941218831818545,1.152713
1616941218840497823,1616941218841855915,1.0807
1616941218850600291,1616941218851981495,1.075522
1616941218860661353,1616941218862038939,1.045214
1616941218870698621,1616941218872137086,1.15061
1616941218880801465,1616941218882156806,1.000143
1616941218890913976,1616941218892377595,1.113393
1616941218901070843,1616941218902546926,1.123307
1616941218911220692,1616941218912614485,1.054323
1616941218921438951,1616941218922843810,1.039799
1616941218931537933,1616941218932925950,1.060136
1616941218941640215,1616941218943164898,1.195113
1616941218951821688,1616941218953309366,1.144896
1616941218961920658,1616941218963444395,1.165814
1616941218972019071,1616941218973440491,1.079205
1616941218982162689,1616941218983611320,1.129984
1616941218992269254,1616941218993730010,1.151977
1616941219002370168,1616941219003789501,1.105356
1616941219012468538,1616941219014349293,1.710105
1616941219022575983,1616941219024057344,1.15782
1616941219032695466,1616941219034152643,1.134691
1616941219042854778,1616941219044160790,1.04765
1616941219053026907,1616941219054445233,1.175238
1616941219063137869,1616941219064475191,1.032821
1616941219073303458,1616941219074713578,1.063959
1616941219083484449,1616941219084756575,1.03975
1616941219093702311,1616941219095076374,1.106264
1616941219103920319,1616941219105272595,1.08199
1616941219114149700,1616941219115474552,1.020231
1616941219124368289,1616941219125746562,1.109435
1616941219134595032,1616941219136006649,1.129927
1616941219144821781,1616941219146226811,1.085095
1616941219155059724,1616941219156494091,1.174374
1616941219165237128,1616941219166740369,1.222652
1616941219175454601,1616941219176821690,1.121445
1616941219185685876,1616941219187125325,1.194996
1616941219195922025,1616941219197343538,1.164357
1616941219206161189,1616941219207556002,1.111495
1616941219216387761,1616941219217755559,1.086301
1616941219226557036,1616941219227936762,1.108673
1616941219236805821,1616941219238313472,1.30398
1616941219247085711,1616941219248524277,1.1861
1616941219257305846,1616941219258750591,1.14798
1616941219267525918,1616941219268894438,1.052235
1616941219277746238,1616941219279172159,1.16045
1616941219287926747,1616941219289303742,1.085723
1616941219298166252,1616941219299579227,1.151906
1616941219308384347,1616941219309760744,1.108851
1616941219318608725,1616941219320028563,1.147458
1616941219328828981,1616941219330308266,1.202665
1616941219338984857,1616941219340459051,1.200543
1616941219349203534,1616941219350693537,1.205548
1616941219359361234,1616941219360846938,1.147791
1616941219369580004,1616941219371049782,1.192291
1616941219379750675,1616941219381185980,1.175982
1616941219389967803,1616941219391363188,1.108383
1616941219400186666,1616941219401551778,1.047742
1616941219410357178,1616941219411750501,1.062686
1616941219420595688,1616941219421925495,1.089022
1616941219430772554,1616941219432165029,1.120104
1616941219441012181,1616941219442370964,1.107716
1616941219451258201,1616941219452582244,1.088341
1616941219461486406,1616941219462877793,1.120001
1616941219471704093,1616941219473121967,1.15424
1616941219481923485,1616941219483402915,1.210914
1616941219492144184,1616941219493537948,1.133418
1616941219502313942,1616941219503763437,1.19043
1616941219512537349,1616941219514005045,1.139294
1616941219522652630,1616941219524021826,1.038294
1616941219532884447,1616941219534325923,1.220728
1616941219543103176,1616941219544526275,1.137562
1616941219553320033,1616941219554727469,1.142909
1616941219563562292,1616941219564982140,1.147338
1616941219573782186,1616941219575180600,1.077731
1616941219584016573,1616941219585542710,1.263148
1616941219594176917,1616941219595619831,1.188229
1616941219604409372,1616941219605810362,1.12091
1616941219614581337,1616941219616131605,1.280515
1616941219624744250,1616941219626157649,1.095857
1616941219634918924,1616941219636428056,1.240294
1616941219645144196,1616941219646644213,1.225688
1616941219655363917,1616941219656756673,1.122664
1616941219665595947,1616941219667008484,1.134602
1616941219675834983,1616941219677289210,1.197798
1616941219686079532,1616941219687434435,1.093932
1616941219696303473,1616941219697699082,1.120394
1616941219706473349,1616941219707920095,1.188179
1616941219716708274,1616941219718054997,1.013643
1616941219726945127,1616941219728384823,1.169702
1616941219737164509,1616941219738617619,1.214236
1616941219747385312,1616941219748837787,1.181158
1616941219757607218,1616941219759063156,1.182738
1616941219767859095,1616941219769351866,1.235624
1616941219778098180,1616941219779562579,1.209144
1616941219788315402,1616941219789878333,1.281897
1616941219798485528,1616941219800002162,1.253342
1616941219808710322,1616941219810187988,1.28324
1616941219818932444,1616941219820428779,1.23228
1616941219829145659,1616941219830588043,1.103539
1616941219839375854,1616941219840913368,1.301757
1616941219849590429,1616941219851033575,1.109735
1616941219859825585,1616941219861152998,1.090105
1616941219870075617,1616941219871358763,1.052682
1616941219880300110,1616941219881719185,1.162136
1616941219890470247,1616941219891894943,1.171861
1616941219900689685,1616941219902092394,1.120797
1616941219910858556,1616941219912226090,1.183182
1616941219921078048,1616941219922550864,1.213252
1616941219931304093,1616941219932692961,1.103406
1616941219941521929,1616941219942931352,1.128016
1616941219951741545,1616941219953196664,1.235738
1616941219961960513,1616941219963452218,1.185042
1616941219972181865,1616941219973648649,1.217231
1616941219982304016,1616941219983810761,1.209539
1616941219992525191,1616941219994141782,1.321478
1616941220002691041,1616941220004244444,1.233138
1616941220012806740,1616941220014359263,1.224172
1616941220023027040,1616941220024532189,1.193921
1616941220033185696,1616941220034658126,1.140801
1616941220043412290,1616941220044767677,1.00976
1616941220053639203,1616941220055114750,1.142718
1616941220063865944,1616941220065286894,1.087551
1616941220074038747,1616941220075545159,1.20356
1616941220084257956,1616941220085718401,1.144335
1616941220094380367,1616941220095822632,1.118095
1616941220104510641,1616941220106107353,1.278091
1616941220114680792,1616941220116070843,1.053432
1616941220124898048,1616941220126332352,1.201067
1616941220135057102,1616941220136493151,1.182369
1616941220145224420,1616941220146626660,1.13625
1616941220155382830,1616941220156853397,1.132733
1616941220165550899,1616941220167057200,1.258368
1616941220175778661,1616941220177130685,1.006606
1616941220185997097,1616941220187381605,1.112812
1616941220196163863,1616941220197597324,1.123228
1616941220206328381,1616941220207805898,1.210411
1616941220216497032,1616941220218042915,1.316704
1616941220226664419,1616941220228113171,1.223062
1616941220236867518,1616941220238335584,1.266331
1616941220247096150,1616941220248535630,1.148994
1616941220257317625,1616941220258710527,1.047664
1616941220267534769,1616941220268943610,1.127935
1616941220277710081,1616941220279128824,1.134551
1616941220287848448,1616941220289219868,0.985155
1616941220297962946,1616941220299430090,1.077973
1616941220308111035,1616941220309424726,0.943634
1616941220318253847,1616941220319635067,1.099783
1616941220328367072,1616941220329788619,1.167952
1616941220338480778,1616941220339821354,0.993474
1616941220348702915,1616941220350073321,1.036894
1616941220358825445,1616941220360296765,1.181132
1616941220369002178,1616941220370459725,1.181587
1616941220379119181,1616941220380448196,1.030515
1616941220389291650,1616941220390736044,1.099822
1616941220399453841,1616941220400817435,1.064397
1616941220409626470,1616941220411145113,1.197885
1616941220419846344,1616941220421362111,1.20402
1616941220430036192,1616941220431377947,1.00269
1616941220440167415,1616941220441619981,1.130553
1616941220450268838,1616941220451676142,1.066908
1616941220460394698,1616941220461746928,1.022785
1616941220470523617,1616941220471922188,1.428295
1616941220480622631,1616941220482153241,1.19521
1616941220490677392,1616941220492366306,1.358728
1616941220500766047,1616941220502310534,1.213161
1616941220510930949,1616941220512352777,1.096288
1616941220520970955,1616941220522537104,1.24687
1616941220531074344,1616941220532529401,1.127638
1616941220541114375,1616941220542725656,1.299151
1616941220551283397,1616941220552794157,1.196964
1616941220561501146,1616941220563009739,1.168774
1616941220571654912,1616941220573157916,1.190751
1616941220581872326,1616941220583327197,1.122412
1616941220591906791,1616941220593423967,1.195842
1616941220602013259,1616941220604022999,1.828521
1616941220612105675,1616941220613654559,1.225485
1616941220622207942,1616941220623574673,1.043231
1616941220632300520,1616941220633780063,1.133754
1616941220642400855,1616941220643870542,1.115156
1616941220652504107,1616941220653894768,1.022873
1616941220662634249,1616941220664095407,1.125761
1616941220672727200,1616941220674189645,1.147787
1616941220682885747,1616941220684391757,1.166521
1616941220693106921,1616941220694607826,1.171773
1616941220703344419,1616941220704872558,1.210002
1616941220713385238,1616941220714894308,1.188115
1616941220723508697,1616941220724946542,1.124804
1616941220733674939,1616941220735122007,1.121172
1616941220743852395,1616941220745246403,1.120082
1616941220754101626,1616941220755620954,1.189495
1616941220764260095,1616941220765786312,1.181036
1616941220774389501,1616941220775806495,1.082364
1616941220784621463,1616941220787977267,3.061845
1616941220794781778,1616941220797166047,2.113737
1616941220804944986,1616941220806386951,1.143074
1616941220815114148,1616941220816532103,1.06714
1616941220825238344,1616941220826689839,1.137156
1616941220835410547,1616941220836841184,1.165891
1616941220845574960,1616941220846939298,1.019022
1616941220855744127,1616941220857277782,1.284095
1616941220865912049,1616941220867394169,1.245452
1616941220876081070,1616941220877453183,1.11485
1616941220886188162,1616941220887626654,1.121227
1616941220896406191,1616941220897829760,1.145652
1616941220906577254,1616941220907977588,1.146937
1616941220916748238,1616941220918116745,1.041317
1616941220926928220,1616941220928296628,1.106516
1616941220937105069,1616941220938531836,1.119281
1616941220947273739,1616941220948631745,1.036733
1616941220957450994,1616941220958886026,1.111652
1616941220967620957,1616941220969063335,1.176565
1616941220977807779,1616941220979275940,1.15858
1616941220987923867,1616941220989458026,1.213141
1616941220998164897,1616941220999652405,1.189444
1616941221008344090,1616941221009790783,1.099734
1616941221018466581,1616941221019974018,1.181497
1616941221028606174,1616941221030082153,1.225854
1616941221038786357,1616941221040233080,1.185243
1616941221049003549,1616941221050563729,1.235784
1616941221059219018,1616941221060714566,1.224055
1616941221069442970,1616941221070908786,1.135439
1616941221079674173,1616941221081252006,1.31506
1616941221089912192,1616941221091457968,1.298234
1616941221100100574,1616941221101617352,1.254996
1616941221110236003,1616941221111695225,1.20093
1616941221120456041,1616941221121925615,1.200871
1616941221130577088,1616941221132033855,1.201088
1616941221140792569,1616941221142279564,1.225271
1616941221151009397,1616941221152456799,1.186208
1616941221161228787,1616941221162757065,1.232146
1616941221171476702,1616941221172925937,1.175061
1616941221181652726,1616941221183109836,1.178945
1616941221191901504,1616941221193321446,1.160774
1616941221202146115,1616941221203673528,1.294574
1616941221212269095,1616941221213773618,1.189684
1616941221222397011,1616941221223838506,1.139242
1616941221232531235,1616941221233968756,1.168919
1616941221242658697,1616941221244072227,1.08354
1616941221252876776,1616941221254183760,1.079364
1616941221263047140,1616941221264371368,1.040518
1616941221273157545,1616941221274710816,1.228547
1616941221283324449,1616941221284729887,1.069771
1616941221293489354,1616941221294889104,1.072892
1616941221303602793,1616941221305083037,1.173566
1616941221313820982,1616941221315266355,1.124948
1616941221324046220,1616941221325520684,1.142845
1616941221334167254,1616941221335664408,1.18134
1616941221344336594,1616941221345793716,1.127726
1616941221354443243,1616941221355936042,1.184114
1616941221364611765,1616941221366083324,1.13221
1616941221374719678,1616941221376143337,1.09258
1616941221384834786,1616941221386294041,1.124531
1616941221394962442,1616941221396432403,1.15281
1616941221405173079,1616941221407685626,2.900392
1616941221415280862,1616941221416784990,1.17954
1616941221425456449,1616941221426982896,1.217693
1616941221435667367,1616941221437112102,1.158834
1616941221445879285,1616941221447410209,1.163291
1616941221456073572,1616941221457509233,1.040152
1616941221466289272,1616941221467693665,1.083123
1616941221476516834,1616941221478002789,1.161666
1616941221486692721,1616941221488195393,1.200343
1616941221496864369,1616941221498375097,1.233531
1616941221507036761,1616941221508547539,1.194389
1616941221517210737,1616941221518611022,1.060892
1616941221527383766,1616941221528751648,1.053599
1616941221537612607,1616941221538979414,1.075568
1616941221547829708,1616941221549263270,1.120906
1616941221558087826,1616941221559547682,1.207779
1616941221568313526,1616941221569775071,1.207262
1616941221578499342,1616941221579992733,1.245599
1616941221588729286,1616941221590200279,1.197009
1616941221598899926,1616941221600337583,1.180056
1616941221609122330,1616941221610656076,1.230017
1616941221619342134,1616941221620809906,1.175991
1616941221629579038,1616941221631020529,1.123323
1616941221639825177,1616941221641157874,1.079807
1616941221650069331,1616941221651449596,1.087822
1616941221660302842,1616941221661657332,1.103089
1616941221670475572,1616941221671810477,1.005498
1616941221680695471,1616941221682031414,1.051814
1616941221690871026,1616941221692214127,1.066947
1616941221701090144,1616941221702456130,1.144001
1616941221711309012,1616941221712698036,1.131127
1616941221721537308,1616941221722899465,1.108035
1616941221731755687,1616941221733071827,1.004796
1616941221741975362,1616941221743419635,1.182676
1616941221752209945,1616941221753555701,1.067729
1616941221762380043,1616941221763819256,1.172961
1616941221772611250,1616941221774067216,1.190057
1616941221782726392,1616941221784072918,1.051154
1616941221792906173,1616941221794184117,0.92633
1616941221803139225,1616941221804461566,1.093827
1616941221813373444,1616941221814781468,1.146341
1616941221823598514,1616941221824947250,1.108508
1616941221833837660,1616941221835298013,1.19875
1616941221844062360,1616941221845427623,1.105672
1616941221854224044,1616941221855609277,1.10764
1616941221864445704,1616941221865793365,1.044402
1616941221874622354,1616941221875928844,1.055215
1616941221884841328,1616941221886273768,1.157526
1616941221895062200,1616941221896473832,1.139337
1616941221905280837,1616941221906728235,1.179453
1616941221915501049,1616941221916846869,1.098331
1616941221925719934,1616941221927067826,1.087771
1616941221935954597,1616941221937312770,1.094694
1616941221946135593,1616941221947577677,1.140346
1616941221956315023,1616941221957720961,1.042256
1616941221966445356,1616941221967818588,1.00065
1616941221976654616,1616941221978047024,1.051624
1616941221986820179,1616941221988179973,1.039053
1616941221996925365,1616941221998251377,0.986698
1616941222007029192,1616941222008366292,0.999253
1616941222017132518,1616941222018546092,1.08357
1616941222027236620,1616941222028595363,1.022996
1616941222037337369,1616941222038661336,0.969547
1616941222047531182,1616941222048851700,0.963066
1616941222057695141,1616941222058963661,0.960876
1616941222067915273,1616941222069280083,1.099053
1616941222078140529,1616941222079463495,1.023982
1616941222088315329,1616941222089682570,1.03372
1616941222098487274,1616941222099798374,0.926249
1616941222108708724,1616941222110085968,1.030483
1616941222118876646,1616941222120233691,1.0737
1616941222129095615,1616941222130415973,1.050311
1616941222139314154,1616941222140679219,1.098939
1616941222149534323,1616941222150926432,1.097528
1616941222159756691,1616941222161175531,1.179011
1616941222169975805,1616941222171449184,1.206823
1616941222180194514,1616941222181619052,1.554034
1616941222190345698,1616941222191791674,1.12642
1616941222200565080,1616941222201918707,1.066923
1616941222210595377,1616941222212000492,1.085743
1616941222220693501,1616941222222113235,1.107315
1616941222230867810,1616941222232278650,1.068477
1616941222241052390,1616941222242709366,1.341137
1616941222251214132,1616941222252670405,1.152526
1616941222261374423,1616941222262828264,1.125167
1616941222271557978,1616941222272997569,1.123126
1616941222281661999,1616941222284174536,2.253264
1616941222291766572,1616941222293187364,1.170121
1616941222301871959,1616941222303223025,1.06057
1616941222311946816,1616941222313278499,1.000189
1616941222322069965,1616941222323461174,1.061079
1616941222332171537,1616941222333496964,1.099405
1616941222342196966,1616941222343515389,0.987272
1616941222352351560,1616941222353752133,1.11869
1616941222362451390,1616941222363910694,1.147093
1616941222372548190,1616941222374075751,1.264218
1616941222382594132,1616941222384153139,1.315084
1616941222392753420,1616941222394156766,1.137606
1616941222402821190,1616941222404157881,1.07208
1616941222412992221,1616941222414437330,1.145688
1616941222423163731,1616941222424622936,1.120146
1616941222433347938,1616941222434835458,1.162827
1616941222443507527,1616941222445036875,1.206361
1616941222453602959,1616941222455001174,1.077899
1616941222463640898,1616941222465019632,1.113073
1616941222473724743,1616941222475080444,1.031191
1616941222483827110,1616941222485252311,1.173341
1616941222493850669,1616941222495297518,1.193538
1616941222503947239,1616941222505325819,1.097914
1616941222514041504,1616941222515362418,0.997971
1616941222524139258,1616941222525513112,1.124576
1616941222534158255,1616941222535674561,1.191468
1616941222544340944,1616941222545770529,1.162498
1616941222554480841,1616941222555917563,1.127887
1616941222564531237,1616941222565968834,1.208571
1616941222574689134,1616941222576083956,1.158333
1616941222584790506,1616941222586208467,1.138392
1616941222594948092,1616941222596453654,1.174935
1616941222605162700,1616941222606726942,1.243251
1616941222615314647,1616941222616727311,1.104403
1616941222625367917,1616941222626806956,1.094964
1616941222635433118,1616941222636784040,1.095926
1616941222645535689,1616941222646926819,1.046874
1616941222655593988,1616941222657006024,1.141115
1616941222665827164,1616941222667293551,1.184383
1616941222676080816,1616941222677580779,1.254831
1616941222686239024,1616941222687846937,1.331065
1616941222696461803,1616941222697954820,1.239178
1616941222706632705,1616941222708046271,1.158547
1616941222716774571,1616941222718205177,1.176047
1616941222727001542,1616941222728400740,1.08417
1616941222737182022,1616941222738640860,1.124357
1616941222747405370,1616941222748949715,1.287731
1616941222757632195,1616941222759011223,1.068277
1616941222767855377,1616941222769320507,1.217865
1616941222778094635,1616941222779542401,1.119978
1616941222788332943,1616941222789834904,1.2374
1616941222798507408,1616941222799899496,1.073984
1616941222808683155,1616941222810161319,1.20538
1616941222818853135,1616941222820307263,1.196045
1616941222829026619,1616941222830458586,1.142192
1616941222839209029,1616941222840696223,1.151553
1616941222849383134,1616941222850790652,1.090043
1616941222859554643,1616941222860943183,1.088793
1616941222869780951,1616941222871124337,1.020644
1616941222880002536,1616941222881334795,1.00044
1616941222890230112,1616941222891644055,1.166889
1616941222900474269,1616941222901876982,1.076959
1616941222910643349,1616941222912097163,1.149503
1616941222920865106,1616941222922223257,1.031408
1616941222931108387,1616941222932525819,1.162632
1616941222941327466,1616941222942772183,1.203514
1616941222951555724,1616941222952994216,1.196927
1616941222961797939,1616941222963145307,1.084121
1616941222972019181,1616941222973345863,1.040895
1616941222982225620,1616941222983605424,1.099627
1616941222992457897,1616941222994002477,1.281832
1616941223002624267,1616941223004023950,1.081429
1616941223012847514,1616941223014299894,1.17883
1616941223023075318,1616941223024950933,1.917635
1616941223033295064,1616941223034762171,1.207158
1616941223043513370,1616941223044915193,1.07469
1616941223053742789,1616941223055219050,1.179051
1616941223063967620,1616941223065375846,1.151317
1616941223074199078,1616941223075635230,1.109201
1616941223084433040,1616941223085856856,1.182099
1616941223094603358,1616941223095963980,1.121499
1616941223104823806,1616941223106186981,1.118105
1616941223115050856,1616941223116409039,1.096725
1616941223125272392,1616941223126643088,1.059633
1616941223135436279,1616941223136840119,1.134238
1616941223145669197,1616941223146992490,1.036141
1616941223155843535,1616941223157168436,1.044099
1616941223166019634,1616941223167452716,1.110762
1616941223176242389,1616941223177649763,1.153269
1616941223186411891,1616941223187931057,1.248632
1616941223196632282,1616941223198113001,1.227772
1616941223206788656,1616941223208167923,1.046216
1616941223216970223,1616941223218333652,1.046011
1616941223227132257,1616941223228496111,1.10121
1616941223237313061,1616941223238699184,1.132422
1616941223247493563,1616941223248845258,1.09482
1616941223257720592,1616941223259052708,1.065104
1616941223267889722,1616941223269332699,1.174624
1616941223278109657,1616941223279523421,1.140417
1616941223288329508,1616941223289727375,1.12887
1616941223298501258,1616941223299884419,1.124064
1616941223308663425,1616941223309991565,1.002764
1616941223318915100,1616941223320260040,1.108325
1616941223329135379,1616941223330523585,1.063231
1616941223339363431,1616941223340772683,1.140798
1616941223349611425,1616941223351018856,1.15182
1616941223359838810,1616941223361310835,1.234373
1616941223369960442,1616941223371376128,1.156095
1616941223380123945,1616941223381501217,1.051097
1616941223390292488,1616941223391639344,0.993321
1616941223400510900,1616941223401841593,1.052066
1616941223410680942,1616941223412095361,1.156279
1616941223420899197,1616941223422240254,1.078553
1616941223431120527,1616941223432498495,1.115256
1616941223441340639,1616941223442732982,1.082793
1616941223451560442,1616941223452957114,1.144302
1616941223461791990,1616941223463175949,1.128512
1616941223471962256,1616941223473316629,1.092016
1616941223482161752,1616941223483499523,1.01459
1616941223492375474,1616941223493733998,1.097622
1616941223502537095,1616941223503943838,1.152287
1616941223512750380,1616941223514183339,1.21167
1616941223522966742,1616941223524343038,1.111042
1616941223533199440,1616941223534628489,1.16699
1616941223543439319,1616941223544822200,1.124455
1616941223553666156,1616941223554992131,1.062242
1616941223563902022,1616941223565244168,1.035447
1616941223574122891,1616941223575537580,1.161326
1616941223584367940,1616941223585720453,1.088547
1616941223594532545,1616941223595937382,1.142762
1616941223604750984,1616941223606118821,1.114521
1616941223614977420,1616941223616316072,1.054568
1616941223625198473,1616941223626590545,1.124575
1616941223635438896,1616941223636881216,1.179947
1616941223645610556,1616941223647008038,1.140199
1616941223655844045,1616941223657281183,1.183525
1616941223666100091,1616941223667672867,1.326248
1616941223676324265,1616941223677837112,1.250528
1616941223686495300,1616941223688027844,1.273618
1616941223696719171,1616941223698166350,1.201332
1616941223706961923,1616941223708424340,1.239499
1616941223717077972,1616941223718524526,1.214842
1616941223727213680,1616941223728648637,1.187077
1616941223737389396,1616941223738692537,0.970214
1616941223747614913,1616941223748874605,1.074713
1616941223757841193,1616941223759186973,1.09114
1616941223768000992,1616941223769414066,1.151839
1616941223778163340,1616941223779626837,1.205609
1616941223788416051,1616941223789838420,1.163214
1616941223798536662,1616941223799942167,1.138276
1616941223808777127,1616941223810176036,1.137133
1616941223819015651,1616941223820776854,1.568531
1616941223829198732,1616941223830643183,1.129628
1616941223839422207,1616941223840814585,1.13849
1616941223849593662,1616941223851004979,1.133124
1616941223859833590,1616941223861220252,1.12601
1616941223870003488,1616941223871455157,1.203069
1616941223880232044,1616941223881560787,0.992691
1616941223890398045,1616941223891802279,1.158394
1616941223900618542,1616941223901944915,1.048905
1616941223910741668,1616941223912117068,1.110797
1616941223920962247,1616941223922384354,1.183319
1616941223931190855,1616941223932585644,1.124448
1616941223941425165,1616941223943669116,1.904735
1616941223951529244,1616941223952866614,1.030063
1616941223961758732,1616941223963235255,1.108779
1616941223971860046,1616941223973198289,1.012976
1616941223982014116,1616941223983433381,1.100061
1616941223992058619,1616941223993496539,1.118732
1616941224002187313,1616941224003639733,1.140245
1616941224012238704,1616941224013772602,1.286575
1616941224022335297,1616941224023678731,1.004567
1616941224032440718,1616941224033860994,1.10506
1616941224042622697,1616941224044013746,1.116579
1616941224052859249,1616941224054262611,1.154778
1616941224062886308,1616941224064296545,1.131055
1616941224073053070,1616941224074440575,1.122349
1616941224083211176,1616941224084637967,1.100218
1616941224093437078,1616941224094782693,1.014191
1616941224103632405,1616941224105017429,1.094761
1616941224113733501,1616941224115144572,1.131764
1616941224123953259,1616941224125337885,1.068992
1616941224134199593,1616941224135576817,1.038355
1616941224144325879,1616941224145674302,1.074349
1616941224154423422,1616941224155835392,1.110109
1616941224164574570,1616941224165979659,1.078926
1616941224174671515,1616941224176013698,1.015959
1616941224184779242,1616941224186236516,1.127662
1616941224194939689,1616941224196413710,1.208262
1616941224205058302,1616941224206411417,1.050259
1616941224215077890,1616941224216419656,1.034198
1616941224225180491,1616941224226446381,1.042532
1616941224235342009,1616941224236660532,0.990046
1616941224245566625,1616941224247029646,1.126024
1616941224255722367,1616941224257275203,1.224914
1616941224265939191,1616941224267398202,1.128661
1616941224275966551,1616941224277465258,1.20681
1616941224286176122,1616941224287638247,1.165907
1616941224296395563,1616941224297883677,1.17893
1616941224306566885,1616941224308099445,1.287041
1616941224316737035,1616941224322120335,5.057653
1616941224326909171,1616941224328241731,1.048069
1616941224337146199,1616941224338424574,1.105019
1616941224347321583,1616941224348704475,1.130561
1616941224357548082,1616941224358916847,1.103323
1616941224367769689,1616941224369156041,1.119018
1616941224377991864,1616941224379425770,1.094348
1616941224388159096,1616941224389606529,1.144813
1616941224398280069,1616941224399738266,1.141648
1616941224408455408,1616941224409891974,1.116204
1616941224418575356,1616941224421105717,2.141253
1616941224428749666,1616941224430160338,1.097216
1616941224438969500,1616941224440393352,1.151222
1616941224449137161,1616941224450673370,1.198401
1616941224459358319,1616941224460811926,1.229956
1616941224469584608,1616941224471059405,1.23174
1616941224479812125,1616941224481232293,1.155681
1616941224490040671,1616941224491531084,1.221095
1616941224500269761,1616941224501780890,1.267036
1616941224510438688,1616941224512020765,1.339008
1616941224520555911,1616941224522077969,1.221164
1616941224530730283,1616941224532221900,1.171958
1616941224540948378,1616941224542453174,1.281877
1616941224551167687,1616941224552691212,1.259419
1616941224561387976,1616941224562886271,1.247716
1616941224571627408,1616941224573055399,1.153796
1616941224581805681,1616941224583230496,1.187698
1616941224592046375,1616941224593594634,1.2806
1616941224602167835,1616941224603595377,1.172905
1616941224612332381,1616941224613810538,1.487593
1616941224622460245,1616941224623734171,0.976861
1616941224632632661,1616941224634053833,1.145372
1616941224642794746,1616941224644133596,0.996786
1616941224652974590,1616941224654391185,1.109089
1616941224663095481,1616941224664515164,1.098303
1616941224673202378,1616941224674529351,0.989239
1616941224683313402,1616941224684638382,0.986751
1616941224693426229,1616941224694769302,1.010822
1616941224703603188,1616941224704914339,1.024086
1616941224713778439,1616941224715125700,1.066119
1616941224723941420,1616941224725328400,1.071907
1616941224734156921,1616941224735549044,1.135774
1616941224744333539,1616941224745665547,1.066221
1616941224754452934,1616941224755818974,1.02849
1616941224764632594,1616941224765971699,1.130619
1616941224774749213,1616941224776092661,1.00726
1616941224784862919,1616941224786294770,1.057725
1616941224795050274,1616941224796378225,1.108012
1616941224805287432,1616941224806708675,1.148057
1616941224815508517,1616941224816913380,1.172712
1616941224825732570,1616941224827105501,1.062766
1616941224835952603,1616941224837366360,1.134182
1616941224846188633,1616941224847607622,1.154792
1616941224856366919,1616941224857813333,1.185396
1616941224866487601,1616941224867976115,1.241968
1616941224876719530,1616941224878172207,1.133384
1616941224886941474,1616941224888405603,1.225993
1616941224897111789,1616941224898613014,1.188611
1616941224907284087,1616941224908777353,1.2331
1616941224917452820,1616941224918847682,1.062841
1616941224927677743,1616941224929084956,1.13688
1616941224937899744,1616941224939390456,1.168713
1616941224948129070,1616941224949603455,1.209906
1616941224958298016,1616941224959740309,1.182585
1616941224968519136,1616941224969920127,1.079689
1616941224978687013,1616941224980093411,1.160565
1616941224988907481,1616941224990342115,1.211601
1616941224999121739,1616941225000501132,1.087795
1616941225009342258,1616941225010704844,1.047108
1616941225019564570,1616941225021007528,1.193035
1616941225029786015,1616941225031207917,1.161766
1616941225040006821,1616941225041424705,1.155998
1616941225050225764,1616941225051707593,1.208688
1616941225060446139,1616941225061911777,1.221978
1616941225070618538,1616941225072114818,1.247846
1616941225080841104,1616941225082233440,1.074437
1616941225091001266,1616941225092417593,1.153292
1616941225101221823,1616941225102804152,1.267348
1616941225111393952,1616941225112831124,1.121613
1616941225121611439,1616941225123033469,1.107212
1616941225131831580,1616941225133354826,2.490687
1616941225142001638,1616941225143473777,1.167856
1616941225152171475,1616941225153621663,1.10688
1616941225162336743,1616941225163818242,1.13866
1616941225172504093,1616941225174036721,1.182704
1616941225182666309,1616941225184087069,1.101822
1616941225192815858,1616941225194306501,7.854437
1616941225202932405,1616941225204466137,1.163953
1616941225213054643,1616941225214523611,1.073089
1616941225223224074,1616941225224603745,1.064553
1616941225233438992,1616941225234871801,1.130658
1616941225243656144,1616941225245060244,1.081735
1616941225253826488,1616941225255260632,1.098418
1616941225264045161,1616941225265549874,1.252605
1616941225274127081,1616941225275537732,1.154964
1616941225284317337,1616941225285684973,1.095409
1616941225294442703,1616941225295863387,1.167
1616941225304556621,1616941225306094366,1.217107
1616941225314751607,1616941225316221220,1.16373
1616941225324903647,1616941225326369286,1.190428
1616941225335023094,1616941225336574187,1.238046
1616941225345242743,1616941225346747276,1.173819
1616941225355451122,1616941225356921103,1.145363
1616941225365580033,1616941225367050730,1.197671
1616941225375765562,1616941225377111901,1.101485
1616941225385986002,1616941225387427767,1.136063
1616941225396152398,1616941225397575232,1.111575
1616941225406276644,1616941225407744713,1.098812
1616941225416494470,1616941225417911075,1.054658
1616941225426614811,1616941225428609257,1.80958
1616941225436673687,1616941225438121592,1.116424
1616941225446778781,1616941225448167420,1.084782
1616941225456992599,1616941225458436878,1.234054
1616941225467168670,1616941225468654466,1.185998
1616941225477400535,1616941225478837249,1.107405
1616941225487621207,1616941225488970928,1.045805
1616941225497845823,1616941225499219247,1.117058
1616941225507975303,1616941225509259959,0.959269
1616941225518147809,1616941225519535041,1.073652
1616941225528368259,1616941225529755889,1.127887
1616941225538492038,1616941225539806854,1.009118
1616941225548659393,1616941225550105026,1.189849
1616941225558774871,1616941225560102160,0.998052
1616941225569011721,1616941225570424295,1.167561
1616941225579233812,1616941225580543238,1.033321
1616941225589453003,1616941225590925135,1.246716
1616941225599677280,1616941225601177457,1.247388
1616941225609857221,1616941225611356835,1.250045
1616941225620078791,1616941225621617019,1.297223
1616941225630255934,1616941225631638619,1.077346
1616941225640479188,1616941225641917082,1.182992
1616941225650652494,1616941225652030754,1.108943
1616941225660873896,1616941225662276021,1.150917
1616941225671040792,1616941225672978422,1.604873
1616941225681097803,1616941225682443721,1.111142
1616941225691203433,1616941225692634937,1.126772
1616941225701425935,1616941225702854587,1.111445
1616941225711546001,1616941225712946576,1.090776
1616941225721571412,1616941225723073949,1.216155
1616941225731727624,1616941225733110554,1.065596
1616941225741950904,1616941225743362204,1.080719
1616941225752127695,1616941225753553272,1.099586
1616941225762232131,1616941225763609249,1.065376
1616941225772401852,1616941225773734489,1.023044
1616941225782521917,1616941225783941438,1.089293
1616941225792696814,1616941225794144835,1.105335
1616941225802806967,1616941225804231269,1.108252
1616941225812971572,1616941225814461097,1.250753
1616941225823047343,1616941225824531002,1.233858
1616941225833264540,1616941225834716315,1.149115
1616941225843485698,1616941225844874728,1.13113
1616941225853627241,1616941225855053309,1.109933
1616941225863846470,1616941225865227636,1.057694
1616941225873952326,1616941225875327374,1.086481
1616941225884020784,1616941225885379357,1.045859
1616941225894168469,1616941225895540858,1.026876
1616941225904387942,1616941225905789778,1.076133
1616941225914465383,1616941225915834111,1.050981
1616941225924637198,1616941225926024642,1.064186
1616941225934658717,1616941225936016343,1.028753
1616941225944825434,1616941225946138051,0.974223
1616941225955040974,1616941225956425049,1.132391
1616941225965264041,1616941225966798590,1.216957
1616941225975397116,1616941225976913002,1.204066
1616941225985632302,1616941225987067710,1.115196
1616941225995850542,1616941225997320127,1.205431
1616941226006037597,1616941226007481809,1.17327
1616941226016263667,1616941226017708240,1.129366
1616941226026433553,1616941226027938931,1.232481
1616941226036654600,1616941226038181292,1.266841
1616941226046824828,1616941226048276823,1.192116
1616941226057049245,1616941226058439757,1.167875
1616941226067270355,1616941226068545547,1.04141
1616941226077490126,1616941226078768816,0.994426
1616941226087709503,1616941226088993943,0.981306
1616941226097928561,1616941226099249847,1.020943
1616941226108113796,1616941226109436603,1.037323
1616941226118285313,1616941226119615665,0.997068
1616941226128503745,1616941226129979948,1.135453
1616941226138673065,1616941226140174826,1.277969
1616941226148891506,1616941226150335620,1.224724
1616941226159119284,1616941226160520959,1.129712
1616941226169364857,1616941226170917853,1.292702
1616941226179584439,1616941226181030378,1.182379
1616941226189802153,1616941226191260028,1.21108
1616941226200030970,1616941226201488896,1.203272
1616941226210227742,1616941226211685697,1.141418
1616941226220403117,1616941226221824810,1.156274
1616941226230571391,1616941226232473188,1.870299
1616941226240729156,1616941226242731234,1.750892
1616941226250949075,1616941226252366960,1.11212
1616941226261184102,1616941226262624406,1.186846
1616941226271410023,1616941226272843384,1.178138
1616941226281642333,1616941226283096130,1.198951
1616941226291859547,1616941226293233916,1.113258
1616941226302089217,1616941226303441792,1.083633
1616941226312324714,1616941226313735094,1.164684
1616941226322499969,1616941226329838969,7.10791
1616941226332723268,1616941226334063433,1.068767
1616941226342893639,1616941226344241571,1.049384
1616941226353126305,1616941226354613086,1.212539
1616941226363299444,1616941226364692479,1.10501
1616941226373525128,1616941226374983403,1.218126
1616941226383757796,1616941226385178616,1.161643
1616941226393931093,1616941226395314847,1.127437
1616941226404153120,1616941226405577716,1.158414
1616941226414286347,1616941226415743087,1.229175
1616941226424509361,1616941226425952840,1.13093
1616941226434690980,1616941226436154322,1.171468
1616941226444896736,1616941226446385893,1.250271
1616941226455121144,1616941226456494322,1.117339
1616941226465361595,1616941226466794032,1.182752
1616941226475583369,1616941226476988701,1.155524
1616941226485814764,1616941226487250800,1.17791
1616941226496034561,1616941226497414799,1.10627
1616941226506217443,1616941226507523836,1.063053
1616941226516438593,1616941226517783938,1.053277
1616941226526606799,1616941226527985357,1.108129
1616941226536824721,1616941226538238958,1.150333
1616941226546924789,1616941226548313698,1.099375
1616941226557091599,1616941226558422511,1.019921
1616941226567255351,1616941226568586970,1.03278
1616941226577457918,1616941226578744868,1.019811
1616941226587652766,1616941226588925221,0.96621
1616941226597873159,1616941226599301318,1.11999
1616941226608089143,1616941226609496375,1.131744
1616941226618254951,1616941226619557785,1.047553
1616941226628473240,1616941226629928952,1.196457
1616941226638643985,1616941226639985385,1.038629
1616941226648863531,1616941226650226468,1.096105
1616941226659080358,1616941226660495003,1.150233
1616941226669300490,1616941226670703326,1.138829
1616941226679521023,1616941226680872955,1.087438
1616941226689748637,1616941226691057215,1.078916
1616941226699915066,1616941226701316564,1.139856
1616941226710153602,1616941226711566367,1.131913
1616941226720331942,1616941226721708363,1.126471
1616941226730491393,1616941226732022340,1.270943
1616941226740721569,1616941226742595053,1.617471
1616941226750893875,1616941226752279598,1.085545
1616941226761132146,1616941226762694431,1.316511
1616941226771352541,1616941226772750446,1.078307
1616941226781580344,1616941226783047447,1.21653
1616941226791802605,1616941226793236772,1.186346
1616941226802032271,1616941226803399627,1.097871
1616941226812267938,1616941226813730045,1.193231
1616941226822436869,1616941226823834889,1.169631
1616941226832655361,1616941226834018071,1.109574
1616941226842821979,1616941226844142170,1.019985
1616941226853059497,1616941226854415308,1.084313
1616941226863279063,1616941226864546427,1.018245
1616941226873498324,1616941226874782333,1.042058
1616941226883725452,1616941226885040643,1.094439
1616941226893943185,1616941226895277247,1.051891
1616941226904164080,1616941226905447965,1.060604
1616941226914334215,1616941226915645048,1.088583
1616941226924567362,1616941226925836628,1.055295
1616941226934692292,1616941226936018388,1.086169
1616941226944915110,1616941226946224653,1.071582
1616941226955071377,1616941226956350452,1.046459
1616941226965292359,1616941226966614285,1.063566
1616941226975454567,1616941226976746325,1.035383
1616941226985673369,1616941226986989047,1.054797
1616941226995913051,1616941226997287090,1.133469
1616941227006156175,1616941227007550739,1.133223
1616941227016377433,1616941227017804943,1.167383
1616941227026548458,1616941227027997512,1.203701
1616941227036767832,1616941227038243131,1.790245
1616941227046936760,1616941227048393794,1.140144
1616941227057104921,1616941227058527606,1.175543
1616941227067267273,1616941227068642285,1.130275
1616941227077434548,1616941227078917705,1.241636
1616941227087607013,1616941227088922061,1.003441
1616941227097778214,1616941227099115024,1.083018
1616941227107948844,1616941227109294034,1.090707
1616941227118183846,1616941227119570504,1.127708
1616941227128373995,1616941227129804373,1.17732
1616941227138480623,1616941227139877944,1.089745
1616941227148714951,1616941227150177242,1.212287
1616941227158883566,1616941227160296231,1.174049
1616941227169121293,1616941227170608330,1.228322
1616941227179358011,1616941227180793054,1.181595
1616941227189588798,1616941227191045179,1.210675
1616941227199768585,1616941227201123588,1.030834
1616941227209983144,1616941227211432173,1.202618
1616941227220203250,1616941227221582645,1.116957
1616941227230328119,1616941227231756404,1.18921
1616941227240551595,1616941227242027652,1.20043
1616941227250738334,1616941227252115284,1.137113
1616941227260958566,1616941227262304699,1.082428
1616941227271179054,1616941227272634151,1.213841
1616941227281410914,1616941227282813490,1.154801
1616941227291646546,1616941227293103949,1.20419
1616941227301865774,1616941227303272460,1.125436
1616941227312027904,1616941227313410511,1.137875
1616941227322228881,1616941227323537461,1.028819
1616941227332449250,1616941227333901590,1.216249
1616941227342618292,1616941227344009824,1.076829
1616941227352839260,1616941227354323816,1.263235
1616941227363057751,1616941227364412033,1.034689
1616941227373289435,1616941227374738735,1.196388
1616941227383513874,1616941227384860542,1.09327
1616941227393733063,1616941227395081347,1.09566
1616941227403903723,1616941227405243404,1.085468
1616941227414157713,1616941227415526386,1.11206
1616941227424388081,1616941227425810175,1.1647
1616941227434504036,1616941227435999287,1.19657
1616941227444611712,1616941227445995830,1.046986
1616941227454776276,1616941227456195129,1.172251
1616941227464928773,1616941227466801380,1.572568
1616941227475087619,1616941227476499304,1.082216
1616941227485190515,1616941227486635529,1.129458
1616941227495359394,1616941227496754756,1.158982
1616941227505513380,1616941227506878275,1.048837
1616941227515618816,1616941227516964203,1.040691
1616941227525808121,1616941227527214560,1.072359
1616941227535897776,1616941227537263078,1.046954
1616941227546078933,1616941227547449441,1.084465
1616941227556176766,1616941227557528730,1.040377
1616941227566271480,1616941227567671146,1.07821
1616941227576369941,1616941227577725791,1.03266
1616941227586474881,1616941227587796255,1.012743
1616941227596591811,1616941227597940506,1.047857
1616941227606767470,1616941227608233509,1.211241
1616941227616925732,1616941227618371821,1.239678
1616941227627031302,1616941227628426920,1.068082
1616941227637048526,1616941227638447867,1.165514
1616941227647270126,1616941227648646383,1.099442
1616941227657489551,1616941227658896851,1.088648
1616941227667543055,1616941227668899972,1.089493
1616941227677640137,1616941227678958199,1.009537
1616941227687864306,1616941227689253059,1.06967
1616941227698015767,1616941227699302107,1.030679
1616941227708187003,1616941227709505790,1.001698
1616941227718306187,1616941227719642896,1.006331
1616941227728454818,1616941227729912095,1.142722
1616941227738558391,1616941227739965364,1.110591
1616941227748779469,1616941227750149193,1.035511
1616941227758930082,1616941227760370810,1.130523
1616941227768994266,1616941227770421327,1.191868
1616941227779091283,1616941227780614748,1.206265
1616941227789311776,1616941227790769029,1.170941
1616941227799455660,1616941227800843881,1.122121
1616941227809682984,1616941227811080948,1.055954
1616941227819783991,1616941227821300091,1.188372
1616941227829886381,1616941227831256260,1.105455
1616941227840060970,1616941227841423827,1.034773
1616941227850223739,1616941227851889320,1.448398
1616941227860444735,1616941227861906598,1.143274
1616941227870619918,1616941227871961150,1.071231
1616941227880792336,1616941227882198615,1.112819
1616941227891024946,1616941227892382478,1.097489
1616941227901254584,1616941227902616680,1.038126
1616941227911485105,1616941227912853882,1.037288
1616941227921704316,1616941227923075692,1.091917
1616941227931936777,1616941227933342486,1.150983
1616941227942098792,1616941227943486497,1.094822
1616941227952319493,1616941227953804868,1.232055
1616941227962488718,1616941227963923057,1.113323
1616941227972712632,1616941227974120404,1.118013
1616941227982940072,1616941227984414432,1.224857
1616941227993164345,1616941227994614034,1.137727
1616941228003396583,1616941228004827297,1.182446
1616941228013632031,1616941228015056812,1.160671
1616941228023865082,1616941228025314380,1.134114
1616941228034086682,1616941228035527448,1.174527
1616941228044311377,1616941228045910244,1.364224
1616941228054479518,1616941228055987893,1.264506
1616941228064709911,1616941228066199142,1.181581
1616941228074872178,1616941228076295105,1.182097
1616941228085110041,1616941228086614231,1.23821
1616941228095340450,1616941228096698502,1.079693
1616941228105559178,1616941228107030845,1.228238
1616941228115785400,1616941228117187415,1.132573
1616941228126031451,1616941228127366066,1.088375
1616941228136145405,1616941228137505566,1.103536
1616941228146278995,1616941228147668304,1.121447
1616941228156503819,1616941228157971137,1.220796
1616941228166620770,1616941228168087919,1.192156
1616941228176788661,1616941228178173557,1.072417
1616941228186965844,1616941228188368647,1.141394
1616941228197188926,1616941228198603023,1.148382
1616941228207420050,1616941228208833480,1.101174
1616941228217639075,1616941228219044039,1.156509
1616941228227882123,1616941228229274096,1.141181
1616941228238069507,1616941228239480673,1.144347
1616941228248241655,1616941228249659052,1.153196
1616941228258364835,1616941228259820574,1.220719
1616941228268604020,1616941228270023378,1.162984
1616941228278715978,1616941228280123686,1.157977
1616941228288933568,1616941228290435937,1.294976
1616941228299164566,1616941228300591806,1.173149
1616941228309383924,1616941228310828002,1.188433
1616941228319539399,1616941228320926344,1.141392
1616941228329702684,1616941228331013011,0.962579
1616941228339920207,1616941228341399221,1.209039
1616941228350139163,1616941228351847965,1.463467
1616941228360362182,1616941228361633571,0.989086
1616941228370537541,1616941228371895701,1.08386
1616941228380770007,1616941228382264608,1.26388
1616941228390987530,1616941228392360433,1.056905
1616941228401220206,1616941228402639038,1.17179
1616941228411456838,1616941228412919894,1.198949
1616941228421676966,1616941228423123908,1.195164
1616941228431907712,1616941228433200733,1.079062
1616941228442135970,1616941228443394882,1.037632
1616941228452361239,1616941228453740903,1.156488
1616941228462718066,1616941228464157285,1.101475
1616941228472960648,1616941228474527687,1.304423
1616941228483127772,1616941228484677981,1.306307
1616941228493357294,1616941228494815419,1.213182
1616941228503575730,1616941228505001276,1.105221
1616941228513741153,1616941228515223867,1.234325
1616941228523916211,1616941228525451764,1.233724
1616941228534030006,1616941228535390304,1.137463
1616941228544199887,1616941228545632805,1.167014
1616941228554372007,1616941228555863682,1.240433
1616941228564607383,1616941228566137528,1.271972
1616941228574772895,1616941228576296404,1.285639
1616941228584944834,1616941228586583481,1.381754
1616941228595111236,1616941228596612793,1.187439
1616941228605265483,1616941228606765929,1.221227
1616941228615497484,1616941228617007869,1.241658
1616941228625728361,1616941228627145232,1.13717
1616941228635969441,1616941228637398780,1.178585
1616941228646200234,1616941228647700097,1.25234
1616941228656426452,1616941228658335949,1.772842
1616941228666464926,1616941228667909860,1.240903
1616941228676690652,1616941228678129130,1.250479
1616941228686851449,1616941228688314875,1.207419
1616941228697016266,1616941228698404914,1.135566
1616941228707182832,1616941228708536884,1.067988
1616941228717347148,1616941228718737654,1.060693
1616941228727570039,1616941228728956959,1.135297
1616941228737793924,1616941228739214156,1.184311
1616941228748013751,1616941228749405124,1.127434
1616941228758179523,1616941228759470030,1.086001
1616941228768394975,1616941228769774528,1.144375
1616941228778513541,1616941228779801786,1.030053
1616941228788694502,1616941228790092383,1.157016
1616941228798859102,1616941228800231824,1.127349
1616941228809076260,1616941228810533614,1.188196
1616941228819288612,1616941228820639759,1.128319
1616941228829516074,1616941228830940015,1.158096
1616941228839730130,1616941228841059451,1.09858
1616941228849958069,1616941228851330224,1.127882
1616941228860186798,1616941228861556260,1.108123
1616941228870306839,1616941228871700510,1.138015
1616941228880543066,1616941228881847589,1.056545
1616941228890709303,1616941228892151867,1.206597
1616941228900946500,1616941228902255421,1.076741
1616941228911111053,1616941228912576734,1.236513
1616941228921338166,1616941228922760118,1.158805
1616941228931557087,1616941228932893175,1.071758
1616941228941774901,1616941228943188786,1.1749
1616941228952007198,1616941228953459801,1.191016
1616941228962182115,1616941228963531150,1.089919
1616941228972397877,1616941228973845927,1.178942
1616941228982567735,1616941228983990549,1.180851
1616941228992790537,1616941228994158450,1.109711
1616941229003023324,1616941229004387920,1.098926
1616941229013243114,1616941229014647533,1.140115
1616941229023462356,1616941229024860283,1.149333
1616941229033634063,1616941229035018541,1.120805
1616941229043850662,1616941229045226821,1.123832
1616941229054095971,1616941229055485011,1.123483
1616941229064316876,1616941229065852859,1.289683
1616941229074480315,1616941229075936553,1.138087
1616941229084590335,1616941229086047965,1.195422
1616941229094713303,1616941229096198517,1.166175
1616941229104840843,1616941229106313018,1.175362
1616941229114994289,1616941229116552801,1.286742
1616941229125152795,1616941229126651334,1.233871
1616941229135260430,1616941229136800405,1.200238
1616941229145366934,1616941229146812866,1.135806
1616941229155546536,1616941229157044142,1.181232
1616941229165717765,1616941229167198733,1.139001
1616941229175833046,1616941229177373868,1.234743
1616941229185942024,1616941229187537175,1.28988
1616941229196057719,1616941229197520988,1.231342
1616941229206166086,1616941229207606683,1.171923
1616941229216332930,1616941229217924455,1.323398
1616941229226441620,1616941229227908615,1.227893
1616941229236561826,1616941229238019483,1.146166
1616941229246635443,1616941229248113167,1.219396
1616941229256733995,1616941229258229838,1.169203
1616941229266907766,1616941229268330059,1.145991
1616941229276999247,1616941229278333855,0.982502
1616941229287076006,1616941229288539544,1.167407
1616941229297175842,1616941229298647114,1.163903
1616941229307408914,1616941229308935693,1.223733
1616941229317513673,1616941229318988356,1.155611
1616941229327523058,1616941229328904189,1.10682
1616941229337578637,1616941229339132885,1.236368
1616941229347750507,1616941229349168260,1.096278
1616941229357807879,1616941229359360262,1.269935
1616941229367958182,1616941229369362672,1.087721
1616941229378197303,1616941229379742785,1.256946
1616941229388366389,1616941229389894448,1.285264
1616941229398396623,1616941229399902646,1.250327
1616941229408549624,1616941229409989756,1.179046
1616941229418650959,1616941229420164390,1.233006
1616941229428780961,1616941229430206498,1.117878
1616941229439010255,1616941229440498426,1.162011
1616941229449163969,1616941229450662768,1.198975
1616941229459320533,1616941229460862710,1.635427
1616941229469359659,1616941229470791512,1.133184
1616941229479501414,1616941229480987831,1.217073
1616941229489582612,1616941229490974502,1.08655
1616941229499630249,1616941229501042156,1.111849
1616941229509730870,1616941229511118767,1.054518
1616941229519761055,1616941229521173645,1.105898
1616941229529913434,1616941229531393009,1.159074
1616941229540015737,1616941229541426954,1.090025
1616941229550155261,1616941229551571468,1.157117
1616941229560213568,1616941229561729394,1.196481
1616941229570246021,1616941229571753185,1.199437
1616941229580484690,1616941229581996702,1.251386
1616941229590535094,1616941229592069402,1.221113
1616941229600588437,1616941229602020825,1.174532
1616941229610743881,1616941229612233780,1.17767
1616941229620835187,1616941229622257575,1.11773
1616941229630957105,1616941229632348068,2.660988
1616941229641183083,1616941229642664258,1.17126
1616941229651297994,1616941229652706496,1.105007
1616941229661516616,1616941229662921489,1.094728
1616941229671678146,1616941229673029206,1.080952
1616941229681778936,1616941229683198000,1.10228
1616941229691814318,1616941229693163301,1.07875
1616941229701904675,1616941229703318255,1.173399
1616941229712036827,1616941229713492003,1.152976
1616941229722111157,1616941229723606727,1.287666
1616941229732264954,1616941229733722006,1.192101
1616941229742424718,1616941229743961675,1.30257
1616941229752509271,1616941229753972419,1.2421
1616941229762684492,1616941229764084479,1.147378
1616941229772918042,1616941229774317981,1.179951
1616941229783146107,1616941229784622574,1.217179
1616941229793369089,1616941229794744979,1.119976
1616941229803542259,1616941229804977561,1.127442
1616941229813769228,1616941229815220924,1.191456
1616941229823996766,1616941229825494447,1.265043
1616941229834232933,1616941229835704011,1.211826
1616941229844454215,1616941229845820428,1.127269
1616941229854624588,1616941229855996840,1.134683
1616941229864843074,1616941229866202946,1.111677
1616941229875004207,1616941229876370097,1.097416
1616941229885163904,1616941229886541603,1.116723
1616941229895335430,1616941229896753720,1.17212
1616941229905490247,1616941229906876483,1.14103
1616941229915728855,1616941229917142096,1.124707
1616941229925961670,1616941229927331649,1.122064
1616941229936194670,1616941229937634382,1.20722
1616941229946366884,1616941229947651514,0.958754
1616941229956537278,1616941229957929517,1.072322
1616941229966667758,1616941229968144608,1.154536
1616941229976834500,1616941229978180752,0.996849
1616941229987017931,1616941229988314815,1.046468
1616941229997240706,1616941229998704080,1.194205
1616941230007466596,1616941230008808049,1.018464
1616941230017706562,1616941230019950569,1.998346
1616941230027925103,1616941230029233143,1.071159
1616941230038162180,1616941230039459617,1.062936
1616941230048381839,1616941230049661504,1.008296
1616941230058498519,1616941230059829305,1.074101
1616941230068718606,1616941230070092541,1.118589
1616941230078887486,1616941230080294465,1.167278
1616941230089105148,1616941230090537097,1.180402
1616941230099291620,1616941230100831505,1.221061
1616941230109511292,1616941230110948472,1.189894
1616941230119744525,1616941230121118771,1.108969
1616941230129978362,1616941230131432034,1.200045
1616941230140207419,1616941230141623869,1.185874
1616941230150377618,1616941230151776025,1.139587
1616941230160591642,1616941230162018859,1.177387
1616941230170761067,1616941230172236936,1.225091
1616941230180983469,1616941230182455911,1.247288
1616941230191219090,1616941230192683078,1.25088
1616941230201443211,1616941230202853641,1.140124
1616941230211668780,1616941230212978735,1.037992
1616941230221842928,1616941230223150281,1.045385
1616941230232074486,1616941230233349012,1.008459
1616941230242229468,1616941230243553738,0.986999
1616941230252457561,1616941230253757765,1.013631
1616941230262621953,1616941230264045372,1.513241
1616941230272840314,1616941230274321740,1.177477
1616941230283064178,1616941230284645312,1.32897
1616941230293244565,1616941230294570556,1.034628
1616941230303427717,1616941230304797175,1.034267
1616941230313595431,1616941230315018338,1.097165
1616941230323762246,1616941230325208601,1.178241
1616941230333884958,1616941230335260359,1.048923
1616941230344102768,1616941230345377386,1.037656
1616941230354214352,1616941230355479894,0.945361
1616941230364374327,1616941230365755134,1.071998
1616941230374537909,1616941230375840178,1.004599
1616941230384695777,1616941230386032273,0.990606
1616941230394850947,1616941230396176606,1.039686
1616941230405012268,1616941230406226183,0.854253
1616941230415110207,1616941230416320556,0.897209
1616941230425281168,1616941230429130709,3.561376
1616941230435438184,1616941230436606892,0.860479
1616941230445530281,1616941230446809558,0.909361
1616941230455689749,1616941230456915953,0.903515
1616941230465900483,1616941230467242028,1.066925
1616941230476156676,1616941230477536573,1.096611
1616941230486273191,1616941230487629659,1.08242
1616941230496501470,1616941230497837477,1.080712
1616941230506753623,1616941230508180040,1.216394
1616941230516982488,1616941230518348810,1.107572
1616941230527088292,1616941230528502039,1.088803
1616941230537302456,1616941230538730755,1.165414
1616941230547515514,1616941230548904404,1.124226
1616941230557741649,1616941230559094844,1.028473
1616941230567970365,1616941230569360414,1.119178
1616941230578149242,1616941230579522064,1.096791
1616941230588392514,1616941230589821098,1.176107
1616941230598520100,1616941230599922548,1.146092
1616941230608692649,1616941230610107522,1.161035
1616941230618845926,1616941230620364621,1.251134
1616941230629074759,1616941230630538249,1.160446
1616941230639301844,1616941230640709945,1.134291
1616941230649465956,1616941230650939710,1.1598
1616941230659617067,1616941230661031331,1.163234
1616941230669781485,1616941230671254800,1.225183
1616941230680011404,1616941230681493623,1.21728
1616941230690230440,1616941230691735320,1.274998
1616941230700456220,1616941230701926706,1.19818
1616941230710573249,1616941230712008889,1.179524
1616941230720793533,1616941230722263754,1.131056
1616941230731016395,1616941230732461530,1.187845
1616941230741236343,1616941230742622157,1.091452
1616941230751452553,1616941230752835258,1.073098
1616941230761674224,1616941230763009543,1.02062
1616941230771892103,1616941230773318378,1.192215
1616941230782121630,1616941230783597069,1.214712
1616941230792341764,1616941230793793715,1.144179
1616941230802456966,1616941230803960811,1.241515
1616941230812628625,1616941230814130021,1.198715
1616941230822811598,1616941230824261166,1.188301
1616941230832924045,1616941230834412875,1.22185
1616941230843079348,1616941230844542156,1.199288
1616941230853241769,1616941230854778150,1.233251
1616941230863396480,1616941230864836287,1.186502
1616941230873563993,1616941230877753660,3.95551
1616941230883788347,1616941230885047105,1.072095
1616941230893959046,1616941230895256102,0.988511
1616941230904172912,1616941230905539303,1.110099
1616941230914336934,1616941230915681243,1.105821
1616941230924499113,1616941230925891636,1.115399
1616941230934668807,1616941230936039642,1.095733
1616941230944893346,1616941230946362733,1.256623
1616941230955111952,1616941230957107929,1.806321
1616941230965132369,1616941230966626934,1.201899
1616941230975164938,1616941230976543102,1.13654
1616941230985209107,1616941230986646322,1.198322
1616941230995235020,1616941230996697490,1.217147
1616941231005345033,1616941231006742677,1.096511
1616941231015408738,1616941231016866597,1.241953
1616941231025445884,1616941231026877836,1.118025
1616941231035608289,1616941231037070695,1.137783
1616941231045739979,1616941231047254308,1.186168
1616941231055868176,1616941231057352697,1.816701
1616941231066107787,1616941231067420137,1.006139
1616941231076336190,1616941231077769665,1.123818
1616941231086451500,1616941231087839840,1.064399
1616941231096538641,1616941231097904634,1.017809
1616941231106712834,1616941231108082068,1.053835
1616941231116806928,1616941231118328336,1.211658
1616941231126971762,1616941231128384539,1.095271
1616941231137053402,1616941231138556355,1.210486
1616941231147092273,1616941231148533072,1.144435
1616941231157199299,1616941231158668253,1.163814
1616941231167361724,1616941231168825672,1.149186
1616941231177462309,1616941231178824210,1.042933
1616941231187622623,1616941231189037456,1.153133
1616941231197817009,1616941231199289338,1.167503
1616941231207978618,1616941231209401468,1.150246
1616941231218155365,1616941231219629198,1.163477
1616941231228335392,1616941231229749192,1.097993
1616941231238439443,1616941231239847530,1.072572
1616941231248678897,1616941231250059165,1.054341
1616941231258832127,1616941231260158700,1.016508
1616941231268851818,1616941231270184177,1.066756
1616941231278950858,1616941231280250275,1.009803
1616941231289100115,1616941231290440679,1.038183
1616941231299260094,1616941231300604673,1.015308
1616941231309383772,1616941231310864977,1.172405
1616941231319551305,1616941231320971573,1.092578
1616941231329721403,1616941231331099756,1.04865
1616941231339884358,1616941231341223869,0.992533
1616941231350037757,1616941231351353907,0.984699
1616941231360260729,1616941231361602563,1.034142
1616941231370422597,1616941231371877629,1.138409
1616941231380645026,1616941231382029037,1.05732
1616941231390811456,1616941231392217133,1.082777
1616941231401030292,1616941231402535128,1.184461
1616941231411196742,1616941231412711897,1.197476
1616941231421416429,1616941231422856372,1.107886
1616941231431631735,1616941231432989560,1.084523
1616941231441789373,1616941231443221825,1.165141
1616941231451948036,1616941231453246400,0.922449
1616941231462171003,1616941231463444811,0.972766
1616941231472340778,1616941231473655209,1.037636
1616941231482512459,1616941231483961612,1.191957
1616941231492722738,1616941231494084163,1.095035
1616941231502889516,1616941231504245079,1.096134
1616941231513019375,1616941231514308283,1.003888
1616941231523250761,1616941231524542750,1.015506
1616941231533473013,1616941231534824414,1.029071
1616941231543696076,1616941231545068002,1.110657
1616941231553916374,1616941231555310003,1.078776
1616941231564093556,1616941231565494520,1.152454
1616941231574263610,1616941231575592908,1.069544
1616941231584487559,1616941231585883442,1.14954
1616941231594656672,1616941231596004498,1.088085
1616941231604880327,1616941231606191454,1.075163
1616941231614995898,1616941231616348641,1.091547
1616941231625123744,1616941231626516580,1.089744
1616941231635342352,1616941231636666669,1.05165
1616941231645577306,1616941231646908729,1.071911
1616941231655797562,1616941231657124207,1.061019
1616941231666018831,1616941231667368152,1.040284
1616941231676242144,1616941231677562684,1.004315
1616941231686411901,1616941231687772165,1.070043
1616941231696635546,1616941231698081955,1.185823
1616941231706806518,1616941231708249236,1.197813
1616941231716978180,1616941231718316546,1.059188
1616941231727160845,1616941231728591956,1.112738
1616941231737333901,1616941231738748908,1.145788
1616941231747508380,1616941231748887634,1.053634
1616941231757706250,1616941231759078061,1.069058
1616941231767880964,1616941231769287235,1.096474
1616941231778086672,1616941231779525295,1.117714
1616941231788304665,1616941231789727587,1.113593
1616941231798474691,1616941231799863306,1.059804
1616941231808599767,1616941231810033344,1.19002
1616941231818730133,1616941231820127691,1.148827
1616941231828848225,1616941231830298361,1.22272
1616941231839069351,1616941231840388814,1.021695
1616941231849239041,1616941231850639189,1.137914
1616941231859410330,1616941231860773117,1.084316
1616941231869569369,1616941231871216455,1.405556
1616941231879787288,1616941231881144796,1.047519
1616941231889956965,1616941231891391641,1.196154
1616941231900197647,1616941231901470387,0.933736
1616941231910319873,1616941231911662801,1.044789
1616941231920543466,1616941231921822494,1.029363
1616941231930715875,1616941231931996641,1.070376
1616941231940946423,1616941231942354379,1.179605
1616941231951164862,1616941231952450672,1.077454
1616941231961391413,1616941231962729688,1.016042
1616941231971569203,1616941231972920355,1.031248
1616941231981790397,1616941231983114897,0.987955
1616941231992004937,1616941231993384410,1.044879
1616941232002179228,1616941232003569843,1.058282
1616941232012399656,1616941232013761873,1.043458
1616941232022525716,1616941232023942561,1.091634
1616941232032699026,1616941232034051053,1.032644
1616941232042871301,1616941232044225706,1.010515
1616941232053050723,1616941232054439433,1.115637
1616941232063266416,1616941232064627483,1.029047
1616941232073480769,1616941232074856823,1.053777
1616941232083696653,1616941232085095146,1.082304
1616941232093916654,1616941232095236082,1.068247
1616941232104170988,1616941232105495986,1.085252
1616941232114338890,1616941232115649982,1.045301
1616941232124584530,1616941232125948244,1.04441
1616941232134817681,1616941232136065011,0.914363
1616941232145061067,1616941232146381292,1.069734
1616941232155280976,1616941232156622564,1.088573
1616941232165510381,1616941232166878697,1.085519
1616941232175729426,1616941232177605265,1.621379
1616941232185964578,1616941232187317247,1.048925
1616941232196197932,1616941232197673327,1.170083
1616941232206428559,1616941232207779784,1.036265
1616941232216652678,1616941232218050060,1.138005
1616941232226877509,1616941232228234677,1.115498
1616941232237023157,1616941232238405265,1.132319
1616941232247242108,1616941232248626876,1.119171
1616941232257414765,1616941232258838775,1.150705
1616941232267594999,1616941232269011600,1.15808
1616941232277817240,1616941232279159529,1.076155
1616941232288040715,1616941232289451295,1.149819
1616941232298251393,1616941232299685185,1.177423
1616941232308481206,1616941232309911458,1.192832
1616941232318651655,1616941232320067270,1.158454
1616941232328875261,1616941232330320375,1.205409
1616941232339091614,1616941232340509078,1.172563
1616941232349197888,1616941232350617885,1.114788
1616941232359414709,1616941232360940962,1.289948
1616941232369576684,1616941232370913284,1.030375
1616941232379755103,1616941232381230604,1.178429
1616941232389922134,1616941232391378699,1.146275
1616941232400139310,1616941232401605382,1.218693
1616941232410308366,1616941232411873983,1.309094
1616941232420528218,1616941232422059338,1.290252
1616941232430647499,1616941232432312359,1.43948
1616941232440825678,1616941232442258084,1.125133
1616941232451050112,1616941232452529650,1.229213
1616941232461269254,1616941232462757151,1.190598
1616941232471488059,1616941232472879819,1.084533
1616941232481724952,1616941232483200551,1.232203
1616941232491906594,1616941232493347380,1.185234
1616941232502085168,1616941232503538032,1.198836
1616941232512248134,1616941232513844828,1.356268
1616941232522368838,1616941232523904955,1.25867
1616941232532614420,1616941232534046316,1.188215
1616941232542733876,1616941232544264177,1.297099
1616941232552962361,1616941232554570227,1.368854
1616941232563179895,1616941232564802393,1.326886
1616941232573399522,1616941232574882438,1.223831
1616941232583614865,1616941232585174060,1.318192
1616941232593796041,1616941232595296674,1.245728
1616941232604015172,1616941232605429632,1.166645
1616941232614177019,1616941232615682397,1.260099
1616941232624422043,1616941232625927961,1.259574
1616941232634537004,1616941232635944869,1.09416
1616941232644772918,1616941232646186407,1.181053
1616941232654998050,1616941232656354866,1.08079
1616941232665216309,1616941232666652142,1.123307
1616941232675445281,1616941232677385440,1.972504
1616941232685663658,1616941232687035575,1.521978
1616941232695826851,1616941232697245364,1.105216
1616941232706029978,1616941232707465871,1.141772
1616941232716132005,1616941232717492596,1.027393
1616941232726237521,1616941232727575127,1.025483
1616941232736455960,1616941232737865696,1.101126
1616941232746553792,1616941232747971666,1.129098
1616941232756599621,1616941232758018897,1.118424
1616941232766627864,1616941232768074924,1.226177
1616941232776761549,1616941232778201337,1.180331
1616941232786924494,1616941232788345057,1.080212
1616941232796999407,1616941232798355469,1.030915
1616941232807227148,1616941232808718637,1.197315
1616941232817281324,1616941232818760717,1.151951
1616941232827508948,1616941232828864011,1.031565
1616941232837608612,1616941232839010090,1.078394
1616941232847650359,1616941232849058914,1.167775
1616941232857710675,1616941232859130529,1.184807
1616941232867767152,1616941232869226673,1.193186
1616941232877985121,1616941232879370905,1.120696
1616941232888106874,1616941232889525601,1.104011
1616941232898265632,1616941232899674459,1.093267
1616941232908359875,1616941232917698935,9.031566
1616941232918462333,1616941232919820207,1.069601
1616941232928663788,1616941232930032508,1.049306
1616941232938758576,1616941232940082318,1.077227
1616941232948944377,1616941232950410972,1.168178
1616941232959096700,1616941232960434303,1.067917
1616941232969122493,1616941232970677450,1.264694
1616941232979223231,1616941232980554758,1.028244
1616941232989383529,1616941232990801613,1.089017
1616941232999528463,1616941233000839085,1.024832
1616941233009747152,1616941233010996219,0.934801
1616941233019899274,1616941233021240001,1.011175
1616941233030124012,1616941233031467360,1.054347
1616941233040296099,1616941233041668921,1.093238
1616941233050464626,1616941233051971526,1.210764
1616941233060646467,1616941233062123760,1.18354
1616941233070755403,1616941233072136108,1.070288
1616941233080926296,1616941233082337626,1.104402
1616941233091109241,1616941233092561722,1.149889
1616941233101354755,1616941233102767208,1.12903
1616941233111490318,1616941233112868759,1.067315
1616941233121717574,1616941233123169822,1.150991
1616941233131888952,1616941233133376594,1.181024
1616941233142114149,1616941233143620633,1.208706
1616941233152333607,1616941233153900666,1.281161
1616941233162503901,1616941233163911074,1.083066
1616941233172688294,1616941233174195905,1.224786
1616941233182857213,1616941233184182919,0.990567
1616941233193031235,1616941233194365488,1.082797
1616941233203275279,1616941233204605699,1.075095
1616941233213515192,1616941233214904267,1.111803
1616941233223731943,1616941233225072167,1.004011
1616941233233962824,1616941233235303311,1.095175
1616941233244197178,1616941233245557442,1.085148
1616941233254419352,1616941233255830937,1.104562
1616941233264599727,1616941233266008507,1.09029
1616941233274770808,1616941233276132033,1.045847
1616941233284989897,1616941233286435214,1.188742
1616941233295207202,1616941233296640184,1.122914
1616941233305424756,1616941233306879388,1.138877
1616941233315600067,1616941233317062492,1.153548
1616941233325773904,1616941233327226019,1.151552
1616941233335993134,1616941233337499949,1.211603
1616941233346186864,1616941233347775292,1.294065
1616941233356405194,1616941233357910938,1.196685
1616941233366529595,1616941233367942134,1.086827
1616941233376752386,1616941233378196098,1.163829
1616941233386985672,1616941233388564511,1.275509
1616941233397204236,1616941233398783898,1.301969
1616941233407371720,1616941233408842962,1.153575
1616941233417589126,1616941233419068551,1.181015
1616941233427808989,1616941233429358892,1.256454
1616941233438028442,1616941233439444313,1.107522
1616941233448259256,1616941233449829141,1.276178
1616941233458428163,1616941233459883956,1.146693
1616941233468648087,1616941233470230429,1.285296
1616941233478817007,1616941233480840126,1.914529
1616941233489038461,1616941233490433239,1.109406
1616941233499275815,1616941233500624248,1.036161
1616941233509492851,1616941233510916311,1.120608
1616941233519720974,1616941233521172609,1.143244
1616941233529940733,1616941233531355432,1.116242
1616941233540168239,1616941233541477376,0.98925
1616941233550333433,1616941233551614000,0.951736
1616941233560550177,1616941233561854077,1.065548
1616941233570744786,1616941233572125938,1.075464
1616941233580963014,1616941233582533930,1.320654
1616941233591189208,1616941233592594905,1.102116
1616941233601427561,1616941233602885591,1.199781
1616941233611673863,1616941233613126768,1.220015
1616941233621897832,1616941233623313347,1.162639
1616941233632068457,1616941233633617356,1.306106
1616941233642221746,1616941233643628180,1.094951
1616941233652449777,1616941233653923387,1.220555
1616941233662624471,1616941233664022177,1.155162
1616941233672848283,1616941233674164404,0.992178
1616941233683080216,1616941233684526556,1.218298
1616941233693301101,1616941233694756662,1.142895
1616941233703534340,1616941233704971605,1.187223
1616941233713755069,1616941233715171281,1.179906
1616941233723980637,1616941233725397792,1.170077
1616941233734217303,1616941233735652914,1.184075
1616941233744439600,1616941233745944670,1.225906
1616941233754610845,1616941233756053842,1.196493
1616941233764830042,1616941233766296277,1.207954
1616941233775044324,1616941233776567954,1.283479
1616941233785273121,1616941233786823619,1.266158
1616941233795494535,1616941233796870558,1.137387
1616941233805715276,1616941233807144410,1.169295
1616941233815956080,1616941233817377373,1.164285
1616941233826201343,1616941233827682986,1.18219
1616941233836433938,1616941233837889006,1.206183
1616941233846605345,1616941233848115531,1.270154
1616941233856826120,1616941233858430629,1.376431
1616941233867049147,1616941233868507531,1.146359
1616941233877268965,1616941233879525612,2.022785
1616941233887488115,1616941233888889772,1.137921
1616941233897708680,1616941233899147742,1.187548
1616941233907930488,1616941233909446012,1.268134
1616941233918169169,1616941233919565630,1.159469
1616941233928388342,1616941233929915847,1.277454
1616941233938557595,1616941233940150538,1.351537
1616941233948777652,1616941233950194967,1.158491
1616941233958997012,1616941233960470100,1.239602
1616941233969166801,1616941233970688145,1.212308
1616941233979333468,1616941233980893193,1.307009
1616941233989561555,1616941233990966841,1.088098
1616941233999782621,1616941234001332545,1.301281
1616941234010014545,1616941234011467478,1.188658
1616941234020244970,1616941234021748778,1.260837
1616941234030415626,1616941234031892997,1.226901
1616941234040636636,1616941234042158025,1.299779
1616941234050793498,1616941234052321449,1.278644
1616941234060965932,1616941234062444197,1.278722
1616941234071140507,1616941234072696898,1.292389
1616941234081367335,1616941234082791081,1.120962
1616941234091588073,1616941234093003925,1.114935
1616941234101810037,1616941234103380650,1.304426
1616941234111976017,1616941234113395558,1.115681
1616941234122209569,1616941234123671518,1.156986
1616941234132441911,1616941234133982715,1.278636
1616941234142612607,1616941234144071225,1.140331
1616941234152832979,1616941234154267460,1.177401
1616941234163059218,1616941234164518491,1.197812
1616941234173294510,1616941234174750926,1.178464
1616941234183512183,1616941234184948003,1.121324
1616941234193682458,1616941234195044032,1.042699
1616941234203919343,1616941234205357595,1.164997
1616941234214160871,1616941234215629300,1.198037
1616941234224379515,1616941234225848266,1.174359
1616941234234547957,1616941234236026522,1.16002
1616941234244767984,1616941234246142482,1.102112
1616941234255004901,1616941234256568162,1.274855
1616941234265223197,1616941234266757324,1.265272
1616941234275394446,1616941234277290281,1.881366
1616941234285576489,1616941234287058164,1.23536
1616941234295751407,1616941234297138086,1.153193
1616941234305975140,1616941234307377818,1.144246
1616941234316201256,1616941234317652772,1.129561
1616941234326311054,1616941234327717930,1.149632
1616941234336475487,1616941234337900201,1.15162
1616941234346723546,1616941234348160764,1.185162
1616941234356961417,1616941234358311466,1.136702
1616941234367135433,1616941234368546723,1.195943
1616941234377324321,1616941234378741722,1.172448
1616941234387492629,1616941234388921644,1.176854
1616941234397673873,1616941234399072078,1.156516
1616941234407894462,1616941234409932173,1.719252
1616941234418081626,1616941234419428943,1.047735
1616941234428169540,1616941234429533452,1.055515
1616941234438300360,1616941234439684404,1.095797
1616941234448355780,1616941234449684611,1.062104
1616941234458456474,1616941234459854751,1.158321
1616941234468694954,1616941234470004575,1.064846
1616941234478847924,1616941234480177299,1.047014
1616941234488943221,1616941234490243029,1.055677
1616941234498994504,1616941234500279131,1.058606
1616941234509091925,1616941234510521964,1.131797
1616941234519238501,1616941234520599601,1.039498
1616941234529316149,1616941234530712575,1.082401
1616941234539473941,1616941234540836665,1.032919
1616941234549697987,1616941234551079777,1.045354
1616941234559799636,1616941234561155244,1.088523
1616941234569824351,1616941234571194333,1.116558
1616941234579861438,1616941234581203501,1.077412
1616941234589976523,1616941234591417073,1.182711
1616941234600137575,1616941234601527157,1.068358
1616941234610187703,1616941234611642973,1.119148
1616941234620290145,1616941234621830436,1.222322
1616941234630403177,1616941234631701064,0.92556
1616941234640511419,1616941234641796530,0.908297
1616941234650614407,1616941234651951719,1.000452
1616941234660654111,1616941234662085779,1.10605
1616941234670807923,1616941234672203379,1.077857
1616941234680911949,1616941234682377569,1.166419
1616941234691022200,1616941234692401827,1.110863
1616941234701123561,1616941234702530266,1.075296
1616941234711273676,1616941234712596855,0.984502
1616941234721489591,1616941234722871965,1.038478
1616941234731589750,1616941234732971860,1.043955
1616941234741689999,1616941234743136520,1.121858
1616941234751816893,1616941234753246321,1.130858
1616941234761988214,1616941234763483552,1.233932
1616941234772128979,1616941234773598820,1.200525
1616941234782250589,1616941234783564501,0.988502
1616941234792470947,1616941234793762093,1.023114
1616941234802599336,1616941234803879014,0.935295
1616941234812818000,1616941234814097472,1.008111
1616941234822988227,1616941234824238826,0.957004
1616941234833227960,1616941234834562463,1.076863
1616941234843450339,1616941234844735893,0.934552
1616941234853672560,1616941234854927477,0.974936
1616941234863903206,1616941234865293815,1.068302
1616941234874129356,1616941234875594218,1.202249
1616941234884356016,1616941234885884713,1.259388
1616941234894582491,1616941234895979479,1.133379
1616941234904802460,1616941234906323177,1.294633
1616941234914959238,1616941234916363294,1.10204
1616941234925179368,1616941234926642284,1.204913
1616941234935400109,1616941234936866183,1.242657
1616941234945560616,1616941234947000834,1.194896
1616941234955796740,1616941234957193529,1.091046
1616941234966016692,1616941234967478954,1.219736
1616941234976241577,1616941234977837273,1.2883
1616941234986411307,1616941234987916089,1.25548
1616941234996641631,1616941234998190305,1.290243
1616941235006811024,1616941235008280596,1.166372
1616941235017038026,1616941235018562708,1.269328
1616941235027259712,1616941235028687874,1.175314
1616941235037477992,1616941235038920552,1.20621
1616941235047698632,1616941235049100799,1.159336
1616941235057919033,1616941235059386330,1.231305
1616941235068146446,1616941235069490164,1.116198
1616941235078316813,1616941235080197959,1.786207
1616941235088382703,1616941235089813706,1.190043
1616941235098607779,1616941235100009957,1.089686
1616941235108772512,1616941235110579646,1.558245
1616941235118928723,1616941235120205362,0.930169
1616941235129083585,1616941235130416950,1.082353
1616941235139302583,1616941235140649152,1.072759
1616941235149523028,1616941235150886411,1.100736
1616941235159743270,1616941235161113135,1.084502
1616941235169972951,1616941235171339548,1.118075
1616941235180194486,1616941235181565404,1.105315
1616941235190364640,1616941235191646134,1.026706
1616941235200592270,1616941235201972733,1.116014
1616941235210766799,1616941235212180647,1.190006
1616941235220993158,1616941235222292675,0.983489
1616941235231210411,1616941235232588232,1.131504
1616941235241455114,1616941235242893687,1.183015
1616941235251626963,1616941235252987874,1.089067
1616941235261846604,1616941235263249019,1.165493
1616941235272008254,1616941235273382950,1.078503
1616941235282175433,1616941235283586919,1.170586
1616941235292349513,1616941235293849438,1.258726
1616941235302468669,1616941235303918387,1.206619
1616941235312689830,1616941235313980207,1.024719
1616941235322856635,1616941235324161101,0.987514
1616941235333074198,1616941235334541605,1.159243
1616941235343182043,1616941235344514668,0.965294
1616941235353352062,1616941235354712591,1.055365
1616941235363499847,1616941235364800949,1.03117
1616941235373711390,1616941235375086124,1.075409
1616941235383869733,1616941235385212233,1.012775
1616941235394024186,1616941235395409156,1.046712
1616941235404128621,1616941235405488266,1.025591
1616941235414246164,1616941235415690882,1.114687
1616941235424469748,1616941235425957089,1.216077
1616941235434587392,1616941235436034091,1.139415
1616941235444737946,1616941235446139987,1.151897
1616941235454912769,1616941235456384090,1.209087
1616941235465153019,1616941235466528809,1.115438
1616941235475392660,1616941235476685608,1.038498
1616941235485612186,1616941235486942806,1.060844
1616941235495836340,1616941235497155437,1.095183
1616941235506079608,1616941235507351588,1.021287
1616941235516315282,1616941235517662759,1.082109
1616941235526484907,1616941235527935581,1.175229
1616941235536710079,1616941235538141783,1.197884
1616941235546870545,1616941235548333788,1.201321
1616941235557101912,1616941235558641829,1.295495
1616941235567323019,1616941235568730889,1.168354
1616941235577558143,1616941235578980901,1.174066
1616941235587781297,1616941235589216416,1.179465
1616941235598002240,1616941235599445586,1.200506
1616941235608236349,1616941235609640682,1.099598
1616941235618407125,1616941235619906357,1.242988
1616941235628570363,1616941235629972232,1.079678
1616941235638741997,1616941235640201351,1.221266
1616941235648963360,1616941235650512414,1.305581
1616941235659186066,1616941235660714779,1.299085
1616941235669408365,1616941235670785255,1.068095
1616941235679628270,1616941235681184366,1.243022
1616941235689851020,1616941235691262166,1.149182
1616941235700086995,1616941235701513312,1.175735
1616941235710171541,1616941235711554117,1.134742
1616941235720406926,1616941235721965488,1.32794
1616941235730576347,1616941235732038446,1.162947
1616941235740806876,1616941235742531929,1.479158
1616941235751025211,1616941235752544366,1.21507
1616941235761254373,1616941235762742620,1.253614
1616941235771429872,1616941235772791652,1.064074
1616941235781652820,1616941235783024888,1.1164
1616941235791835316,1616941235793250413,1.132176
1616941235802007707,1616941235803423325,1.081647
1616941235812226019,1616941235813635393,1.188004
1616941235822394093,1616941235823932676,1.288516
1616941235832614521,1616941235834128467,1.287851
1616941235842774166,1616941235844298113,1.380611
1616941235853011215,1616941235854612199,1.354785
1616941235863229911,1616941235864763826,1.298773
1616941235873451054,1616941235875527905,2.268826
1616941235883671976,1616941235885086326,1.201687
1616941235893893077,1616941235895319256,1.150691
1616941235904118257,1616941235905705365,1.355013
1616941235914242448,1616941235915662897,1.088211
1616941235924468029,1616941235925950890,1.247779
1616941235934639652,1616941235936036210,1.167129
1616941235944854791,1616941235946238620,1.149074
1616941235955089414,1616941235956533729,1.200967
1616941235965264724,1616941235966662225,1.145851
1616941235975486083,1616941235976896977,1.187263
1616941235985659033,1616941235987145744,1.185334
1616941235995879894,1616941235997361801,1.233716
1616941236006066685,1616941236007569583,1.260083
1616941236016309668,1616941236017767838,1.217627
1616941236026479613,1616941236027842314,1.131301
1616941236036650322,1616941236038081868,1.213466
1616941236046758611,1616941236048175226,1.21533
1616941236056979200,1616941236058418867,1.193374
1616941236067152095,1616941236068523052,1.15005
1616941236077373398,1616941236078689685,1.040874
1616941236087495250,1616941236088833685,1.084945
1616941236097743048,1616941236099088573,1.113412
1616941236107966861,1616941236109330240,1.111098
1616941236118156659,1616941236119535256,1.120298
1616941236128331711,1616941236129699034,1.129229
1616941236138501339,1616941236140551676,1.796578
1616941236148743989,1616941236150149046,1.112478
1616941236158839626,1616941236160231359,1.079031
1616941236168874165,1616941236170329894,1.158461
1616941236178897511,1616941236180361365,1.189459
1616941236189004409,1616941236190398988,1.153887
1616941236199106514,1616941236200515369,1.13854
1616941236209263064,1616941236210661509,1.092348
1616941236219482907,1616941236220926321,1.124779
1616941236229708271,1616941236231119876,1.096631
1616941236239904413,1616941236241382958,1.169706
1616941236249992224,1616941236253687301,3.394506
1616941236260073234,1616941236261458263,1.116407
1616941236270234796,1616941236271628223,1.0578
1616941236280455062,1616941236286696613,5.938348
1616941236290578750,1616941236291849501,1.062596
1616941236300637302,1616941236301898329,0.967923
1616941236310795788,1616941236312060175,0.948035
1616941236320879082,1616941236322151091,0.966664
1616941236331045103,1616941236332282169,0.965822
1616941236341090413,1616941236342436308,1.084382
1616941236351199054,1616941236352555043,1.044625
1616941236361356028,1616941236362813957,1.146721
1616941236371570940,1616941236372866468,1.021853
1616941236381785819,1616941236383154221,1.045788
1616941236391951455,1616941236393294280,1.037816
1616941236402160635,1616941236403506237,1.030306
1616941236412386164,1616941236413831859,1.13255
1616941236422494136,1616941236423920418,1.129803
1616941236432567087,1616941236433879635,1.002838
1616941236442741308,1616941236444037589,0.960176
1616941236452848109,1616941236454187006,1.018641
1616941236463026655,1616941236464497187,1.238399
1616941236473125657,1616941236474457701,1.054132
1616941236483343672,1616941236484759464,1.109138
1616941236493445033,1616941236494894865,1.142377
1616941236503615371,1616941236505009621,1.092597
1616941236513766391,1616941236515140364,1.068122
1616941236523833037,1616941236525206220,1.063752
1616941236534000382,1616941236535449522,1.113019
1616941236544231658,1616941236545611209,1.085993
1616941236554355054,1616941236555779013,1.120163
1616941236564484510,1616941236565911727,1.108077
1616941236574659781,1616941236576094203,1.128441
1616941236584849567,1616941236586307906,1.159861
1616941236595074978,1616941236596600116,1.228797
1616941236605297844,1616941236606713527,1.097612
1616941236615520316,1616941236616878945,1.058262
1616941236625760657,1616941236627199909,1.139792
1616941236635938105,1616941236637380399,1.1664
1616941236646116307,1616941236647542663,1.107886
1616941236656354338,1616941236657754646,1.131554
1616941236666477862,1616941236667989496,1.770487
1616941236676516122,1616941236677911496,1.112731
1616941236686693075,1616941236688141046,1.162481
1616941236696936453,1616941236698314173,1.08198
1616941236707103878,1616941236708430324,1.066734
1616941236717257099,1616941236718643108,1.132602
1616941236727479244,1616941236728837242,1.06811
1616941236737659972,1616941236738996646,1.032247
1616941236747837960,1616941236749159719,1.025869
1616941236758096841,1616941236759486649,1.077394
1616941236768317764,1616941236769810155,1.208571
1616941236778488208,1616941236779897817,1.085759
1616941236788714338,1616941236790159900,1.149793
1616941236798875143,1616941236800267427,1.088895
1616941236809095162,1616941236810437091,1.04278
1616941236819334520,1616941236820725931,1.109921
1616941236829512566,1616941236830873803,1.044083
1616941236839735956,1616941236841031246,0.961934
1616941236849905342,1616941236851283795,1.072225
1616941236860140462,1616941236861527106,1.072942
1616941236870324270,1616941236871709829,1.095909
1616941236880481276,1616941236881809644,1.01439
1616941236890648059,1616941236892058415,1.070102
1616941236900818415,1616941236902194320,1.026863
1616941236911027515,1616941236912483900,1.23763
1616941236921252138,1616941236922633211,1.151909
1616941236931473822,1616941236932787512,1.076594
1616941236941688596,1616941236943055874,1.105248
1616941236951908010,1616941236953346820,1.195703
1616941236962098767,1616941236963476406,1.146544
1616941236972332477,1616941236973719603,1.135431
1616941236982453607,1616941236983766329,1.007595
1616941236992676764,1616941236994088664,1.16544
1616941237002841467,1616941237004181336,1.027907
1616941237013017855,1616941237014434003,1.180416
1616941237023235608,1616941237024602844,1.117525
1616941237033467879,1616941237034927256,1.178116
1616941237043696537,1616941237045132307,1.206088
1616941237053917747,1616941237055305357,1.136215
1616941237064137602,1616941237065601495,1.203875
1616941237074306830,1616941237075752589,1.222119
1616941237084481929,1616941237085933712,1.140951
1616941237094652918,1616941237096123689,1.202199
1616941237104814774,1616941237106265232,1.143733
1616941237115052356,1616941237116407417,1.036251
1616941237125220881,1616941237126709540,1.21624
1616941237135447460,1616941237136893978,1.136221
1616941237145666029,1616941237147086893,1.109084
1616941237155885332,1616941237157328276,1.142425
1616941237166106432,1616941237167569059,1.152502
1616941237176327356,1616941237177756450,1.123056
1616941237186497702,1616941237188012471,1.218429
1616941237196723428,1616941237198194021,1.184321
1616941237206961159,1616941237208465566,1.221191
1616941237217137718,1616941237218554826,1.108929
1616941237227313310,1616941237228750474,1.205379
1616941237237545473,1616941237238945276,1.148888
1616941237247713240,1616941237249179123,1.220499
1616941237257834954,1616941237259235929,1.094658
1616941237268002269,1616941237269439617,1.186213
1616941237278181430,1616941237279612599,1.230671
1616941237288352105,1616941237289814244,1.22733
1616941237298518780,1616941237299792894,0.942148
1616941237308755475,1616941237310234848,1.235905
1616941237318990250,1616941237320380751,1.139174
1616941237329217295,1616941237330669348,1.215881
1616941237339447897,1616941237340925165,1.225026
1616941237349617529,1616941237351060218,1.176793
1616941237359843816,1616941237361411439,1.321881
1616941237370089005,1616941237371502129,1.162819
1616941237380319415,1616941237381715322,1.149701
1616941237390492042,1616941237391985628,1.252169
1616941237400711187,1616941237402155669,1.187515
1616941237410949950,1616941237412373068,1.14666
1616941237421170176,1616941237422685364,1.257636
1616941237431394939,1616941237432748181,1.128671
1616941237441569508,1616941237442926022,1.101214
1616941237451734286,1616941237453174442,1.174893
1616941237461968688,1616941237463549727,1.351621
1616941237472192444,1616941237473563543,1.057078
1616941237482362832,1616941237484192108,1.653309
1616941237492584849,1616941237493938789,1.044708
1616941237502761534,1616941237504106600,1.067256
1616941237513017991,1616941237514379308,1.074063
1616941237523238636,1616941237524607646,1.076946
1616941237533456678,1616941237534833110,1.065732
1616941237543679914,1616941237545026860,1.110837
1616941237553914905,1616941237555305098,1.148342
1616941237564151184,1616941237565544969,1.158678
1616941237574321607,1616941237575764107,1.187479
1616941237584541306,1616941237585937219,1.15232
1616941237594712291,1616941237596108613,1.140722
1616941237604948100,1616941237606426386,1.258131
1616941237615169928,1616941237616605444,1.173366
1616941237625395766,1616941237626893353,1.257233
1616941237635638822,1616941237637036750,1.148608
1616941237645857754,1616941237647326584,1.236654
1616941237656103054,1616941237657581890,1.236159
1616941237666273554,1616941237667680182,1.162073
1616941237676495422,1616941237677890471,1.147523
1616941237686617288,1616941237687990973,1.124703
1616941237696865421,1616941237698292781,1.172393
1616941237707088614,1616941237708397474,1.078496
1616941237717316858,1616941237720200633,2.633141
1616941237727545382,1616941237728869137,1.021874
1616941237737766344,1616941237739073726,1.063697
1616941237747993593,1616941237749417983,1.20351
1616941237758157380,1616941237759517372,1.125601
1616941237768393490,1616941237769829569,1.255162
1616941237778573377,1616941237779996818,1.117353
1616941237788800582,1616941237790108505,1.035903
1616941237799015605,1616941237800289451,0.942693
1616941237809248159,1616941237810683378,1.117085
1616941237819466831,1616941237820748860,0.951167
1616941237829642455,1616941237831047996,1.078394
1616941237839812082,1616941237841246914,1.184079
1616941237849981893,1616941237851445901,1.225426
1616941237860199980,1616941237861639085,1.198435
1616941237870311951,1616941237871714300,1.142973
1616941237880475621,1616941237881857034,1.12828
1616941237890640086,1616941237891985743,1.092749
1616941237900802522,1616941237902212682,1.582649
1616941237910981879,1616941237912525694,1.239095
1616941237921140291,1616941237922690694,1.252835
1616941237931354737,1616941237932707769,1.104848
1616941237941445385,1616941237942870995,1.128368
1616941237951617608,1616941237953130862,1.214906
1616941237961719153,1616941237963134128,1.113245
1616941237971883000,1616941237973390175,1.18901
1616941237982121091,1616941237983550405,1.132064
1616941237992342582,1616941237993795035,1.149307
1616941238002513591,1616941238003963302,1.156063
1616941238012669908,1616941238014095822,1.097569
1616941238022831898,1616941238024397752,1.257361
1616941238032931678,1616941238034556805,1.331593
1616941238043088825,1616941238044538880,1.203899
1616941238053311948,1616941238054779049,1.146388
1616941238063533656,1616941238065148774,1.325943
1616941238073783243,1616941238075207837,1.204556
1616941238083999738,1616941238085559648,1.28083
1616941238094108384,1616941238095573609,1.156311
1616941238104334826,1616941238105935208,1.355896
1616941238114498911,1616941238116130919,1.346111
1616941238124617728,1616941238126223124,1.294936
1616941238134720957,1616941238136124086,1.200808
1616941238144938911,1616941238146521326,1.29822
1616941238155075340,1616941238156526339,1.154409
1616941238165136711,1616941238166616939,1.176926
1616941238175234490,1616941238176699913,1.159539
1616941238185453755,1616941238186844425,1.064506
1616941238195680937,1616941238197107284,1.112115
1616941238205900663,1616941238207317327,1.096417
1616941238216122744,1616941238217529961,1.117845
1616941238226159314,1616941238227527723,1.078476
1616941238236315728,1616941238237794041,1.175947
1616941238246413703,1616941238247822346,1.11593
1616941238256575661,1616941238257970333,1.13476
1616941238266675825,1616941238268099007,1.165724
1616941238276903874,1616941238278317500,1.181286
1616941238287120340,1616941238289160178,2.04951
1616941238297344170,1616941238298784487,1.119473
1616941238307458200,1616941238308957427,1.249054
1616941238317686596,1616941238319114435,1.192315
1616941238327911362,1616941238329412807,1.193238
1616941238338109805,1616941238339573223,1.212365
1616941238348212016,1616941238349704694,1.189292
1616941238358317058,1616941238359800916,1.189765
1616941238368441107,1616941238369921650,1.245548
1616941238378545443,1616941238379986297,1.200285
1616941238388716490,1616941238390193830,1.178113
1616941238398891573,1616941238400274533,1.151468
1616941238409058336,1616941238410442549,1.179551
1616941238419216931,1616941238420658020,1.220539
1616941238429386345,1616941238430847122,1.214184
1616941238439506396,1616941238440862991,1.036826
1616941238449724824,1616941238451052615,1.068765
1616941238459888741,1616941238461265804,1.132408
1616941238470129854,1616941238471506588,1.10143
1616941238480259362,1616941238481758484,1.25708
1616941238490367264,1616941238491724531,1.03287
1616941238500586202,1616941238502074596,1.179909
1616941238510751757,1616941238512195853,1.206819
1616941238520923160,1616941238522335450,1.114101
1616941238531076321,1616941238532437550,1.101747
1616941238541244800,1616941238542572919,1.068466
1616941238551475601,1616941238552803916,1.074868
1616941238561642161,1616941238563133132,1.25369
1616941238571809933,1616941238573232502,1.174125
1616941238581977680,1616941238583349880,1.116584
1616941238592099478,1616941238593396525,1.02861
1616941238602264333,1616941238603565535,1.075069
1616941238612433229,1616941238613776410,1.076031
1616941238622553873,1616941238624020424,1.222684
1616941238632718855,1616941238634053344,1.069128
1616941238642839085,1616941238644204014,1.070556
1616941238653064636,1616941238654449821,1.164764
1616941238663228622,1616941238664574776,1.101598
1616941238673394468,1616941238674837003,1.205412
1616941238683568544,1616941238684926378,1.113814
1616941238693739743,1616941238695210021,1.217446
1616941238703908943,1616941238705362712,1.213332
1616941238714100915,1616941238715506984,1.138131
1616941238724330094,1616941238725845038,1.280968
1616941238734495419,1616941238735961558,1.218529
1616941238744663862,1616941238746149529,1.248242
1616941238754830708,1616941238756229181,1.150522
1616941238764997047,1616941238766426172,1.203328
1616941238775156861,1616941238776738385,1.338466
1616941238785281023,1616941238786819691,1.30924
1616941238795449818,1616941238796819919,1.070381
1616941238805615224,1616941238807085870,1.187018
1616941238815780800,1616941238817305597,1.213052
1616941238825952634,1616941238827482821,1.230725
1616941238836133726,1616941238837512656,1.068639
1616941238846298324,1616941238847686583,1.138192
1616941238856543216,1616941238857935766,1.151721
1616941238866711585,1616941238868144254,1.198459
1616941238876944501,1616941238878286360,1.087994
1616941238887163934,1616941238888639970,1.220585
1616941238897312734,1616941238898746100,1.119128
1616941238907483109,1616941238908987894,1.194888
1616941238917702151,1616941238919169680,1.162995
1616941238927797186,1616941238929356384,1.338358
1616941238937969779,1616941238939360806,1.114134
1616941238948200322,1616941238949582095,1.123342
1616941238958369308,1616941238959800863,1.18165
1616941238968584913,1616941238970028389,1.191272
1616941238978754189,1616941238980074061,1.09757
1616941238988983744,1616941238990288755,1.056533
1616941238999156569,1616941239000535872,1.067881
1616941239009395491,1616941239010851718,1.160437
1616941239019623891,1616941239020986898,1.103555
1616941239029846833,1616941239031309173,1.203959
1616941239040071908,1616941239041534608,1.221787
1616941239050194111,1616941239051640391,1.201292
1616941239060411319,1616941239061818361,1.172683
1616941239070528653,1616941239072057745,1.630919
1616941239080752779,1616941239082174791,1.115786
1616941239090976724,1616941239092384059,1.143677
1616941239101148715,1616941239102561398,1.18173
1616941239111264983,1616941239112588641,1.030715
1616941239121493772,1616941239122891845,1.141694
1616941239131607947,1616941239133061619,1.194099
1616941239141846124,1616941239143168165,1.056362
1616941239152071170,1616941239153377136,1.043075
1616941239162182342,1616941239163587047,1.101178
1616941239172419314,1616941239173780487,1.101615
1616941239182587839,1616941239184096136,1.286489
1616941239192808349,1616941239194165966,1.044631
1616941239203033955,1616941239204494152,1.219282
1616941239213198378,1616941239214591068,1.153675
1616941239223368000,1616941239226800903,3.316053
1616941239233587767,1616941239234963477,1.064287
1616941239243812619,1616941239245080483,1.00247
1616941239254038845,1616941239255377443,1.026918
1616941239264261004,1616941239265607642,1.027025
1616941239274375585,1616941239275683119,0.966251
1616941239284463210,1616941239285831309,1.061957
1616941239294553194,1616941239295841429,0.960134
1616941239304739509,1616941239306160222,1.172203
1616941239314843335,1616941239316178267,1.157106
1616941239325001397,1616941239326450804,1.199186
1616941239335167021,1616941239336633783,1.230792
1616941239345349481,1616941239346723017,1.071715
1616941239355465601,1616941239356829542,1.094349
1616941239365635591,1616941239367037031,1.153312
1616941239375753950,1616941239377155979,1.143341
1616941239385874799,1616941239387314671,1.197973
1616941239395994886,1616941239397351094,1.109192
1616941239406114107,1616941239407537902,1.13826
1616941239416326590,1616941239417716245,1.067009
1616941239426435174,1616941239427899126,1.148375
1616941239436602862,1616941239438083675,1.191625
1616941239446719796,1616941239448171899,1.158517
1616941239456945694,1616941239458342987,1.154752
1616941239467048957,1616941239468464388,1.132134
1616941239477255345,1616941239478609346,1.021408
1616941239487474918,1616941239490167426,2.399751
1616941239497630891,1616941239498959749,1.007988
1616941239507847733,1616941239509291764,1.213949
1616941239518085923,1616941239519465088,1.088563
1616941239528302534,1616941239529792616,1.260471
1616941239538471364,1616941239539967684,1.259013
1616941239548692211,1616941239550183512,1.264433
1616941239558849028,1616941239560371382,1.298957
1616941239569069573,1616941239570559558,1.25361
1616941239579291716,1616941239580720251,1.12531
1616941239589512668,1616941239590866006,1.12178
1616941239599731745,1616941239601127343,1.170269
1616941239609962101,1616941239611351810,1.092966
1616941239620136867,1616941239621522761,1.148858
1616941239630252474,1616941239632203552,1.614634
1616941239640412750,1616941239641835281,1.111076
1616941239650521485,1616941239651981421,1.161441
1616941239660734504,1616941239662120168,1.083796
1616941239670893836,1616941239672311882,1.133677
1616941239681005797,1616941239682565390,1.278685
1616941239691180500,1616941239692544202,1.040254
1616941239701310515,1616941239702730293,1.173624
1616941239711428356,1616941239712854914,1.116057
1616941239721642397,1616941239722973125,1.017692
1616941239731800567,1616941239733138296,1.015416
1616941239742023269,1616941239743467453,1.139561
1616941239752064752,1616941239753471605,1.09316
1616941239762235440,1616941239763751539,1.225523
1616941239772388329,1616941239773832164,1.135332
1616941239782548807,1616941239783990868,1.152435
1616941239792651694,1616941239794047810,1.101367
1616941239802737468,1616941239804120196,1.107405
1616941239812959084,1616941239814410835,1.168898
1616941239823112114,1616941239824403522,1.01891
1616941239833328288,1616941239834712212,1.081107
1616941239843429446,1616941239844764290,1.052691
1616941239853526050,1616941239854803074,0.936478
1616941239863626412,1616941239864916079,0.979002
1616941239873779005,1616941239875247609,1.161652
1616941239884003994,1616941239885733349,1.515817
1616941239894114867,1616941239895553245,1.12538
1616941239904201872,1616941239905639402,1.168888
1616941239914361031,1616941239915856426,1.198221
1616941239924461597,1616941239925813777,1.148884
1616941239934587348,1616941239935961360,1.052224
1616941239944842489,1616941239946232399,1.081249
1616941239955005297,1616941239956371673,1.052492
1616941239965161641,1616941239966629210,1.15175
1616941239975269328,1616941239976601983,1.025725
1616941239985505781,1616941239986871379,1.081045
1616941239995722079,1616941239997057189,1.052814
1616941240005941497,1616941240007467749,1.22058
1616941240016163337,1616941240017517615,1.040078
1616941240026331018,1616941240027643437,0.985771
1616941240036551864,1616941240037851007,0.991857
1616941240046721634,1616941240048052948,1.017352
1616941240056958107,1616941240058367326,1.144983
1616941240067131539,1616941240068479197,1.026248
1616941240077302058,1616941240078746108,1.142872
1616941240087489371,1616941240088870919,1.087906
1616941240097652797,1616941240099103698,1.136385
1616941240107819711,1616941240109259816,1.133577
1616941240118077712,1616941240119464400,1.062532
1616941240128253131,1616941240129718466,1.214985
1616941240138380884,1616941240139754150,1.134938
1616941240148603516,1616941240150032742,1.174653
1616941240158781072,1616941240160186752,1.161645
1616941240168975434,1616941240170456552,1.300744
1616941240179218594,1616941240180644554,1.182026
1616941240189439413,1616941240190878840,1.12254
1616941240199660854,1616941240201146874,1.240384
1616941240209881375,1616941240211378546,1.272861
1616941240220100328,1616941240221506749,1.161697
1616941240230271821,1616941240231687411,1.164921
1616941240240498934,1616941240241873011,1.133088
1616941240250623334,1616941240252032280,1.08741
1616941240260846385,1616941240262337599,1.27365
1616941240271019667,1616941240272355814,1.005382
1616941240281178386,1616941240282693420,1.223878
1616941240291342530,1616941240292751719,1.113271
1616941240301453083,1616941240302893112,1.110822
1616941240311676167,1616941240313070479,1.085151
1616941240321893331,1616941240323301837,1.169395
1616941240332054812,1616941240333395133,1.030504
1616941240342174831,1616941240343597713,1.130178
1616941240352396702,1616941240353737430,1.041181
1616941240362520213,1616941240363811586,1.005977
1616941240372743843,1616941240374159571,1.091171
1616941240382867494,1616941240384296874,1.12202
1616941240393088261,1616941240394504059,1.113445
1616941240403277544,1616941240404676995,1.084437
1616941240413448524,1616941240414783657,1.028776
1616941240423666675,1616941240425055823,1.074772
1616941240433913032,1616941240435223025,0.973174
1616941240444129625,1616941240445532319,1.078405
1616941240454288124,1616941240455727717,1.12378
1616941240464454601,1616941240465846297,1.074418
1616941240474626468,1616941240476110874,1.158693
1616941240484838198,1616941240486275074,1.175745
1616941240495057534,1616941240496539955,1.230866
1616941240505268654,1616941240506768313,1.257027
1616941240515499798,1616941240516949706,1.218555
1616941240525677254,1616941240527079416,1.091338
1616941240535838521,1616941240537180018,1.021644
1616941240546096465,1616941240547394463,1.033816
1616941240556311638,1616941240557598025,1.04013
1616941240566478897,1616941240567957793,1.211479
1616941240576694907,1616941240578184544,1.251259
1616941240586860434,1616941240588242694,1.088355
1616941240597083202,1616941240598459503,1.139722
1616941240607302178,1616941240608769391,1.231551
1616941240617521978,1616941240619052897,1.283831
1616941240627739791,1616941240629208845,1.223952
1616941240637908959,1616941240639254643,1.095954
1616941240648132215,1616941240649448002,1.081847
1616941240658302093,1616941240659665402,1.142175
1616941240668520432,1616941240669967689,1.208374
1616941240678687299,1616941240680155250,1.22527
1616941240688906969,1616941240690898661,1.829718
1616941240699008766,1616941240700478564,1.229732
1616941240709176048,1616941240710584464,1.159772
1616941240719404233,1616941240720765405,1.0941
1616941240729629915,1616941240731065821,1.184627
1616941240739854617,1616941240741225931,1.122875
1616941240750091497,1616941240751512385,1.112159
1616941240760310175,1616941240761799809,1.25177
1616941240770484325,1616941240772000983,1.217671
1616941240780599655,1616941240782036890,1.151641
1616941240790671664,1616941240792173683,1.189295
1616941240800787739,1616941240802148662,1.029461
1616941240810952468,1616941240812344461,1.139917
1616941240821068521,1616941240822514312,1.130324
1616941240831227412,1616941240832686721,1.161941
1616941240841348447,1616941240842668054,0.994608
1616941240851572408,1616941240852891326,1.069806
1616941240861730505,1616941240863050952,0.996689
1616941240871841629,1616941240873160089,0.999221
1616941240882021924,1616941240883477164,1.149038
1616941240892130814,1616941240893533491,1.183706
1616941240902257467,1616941240903584751,1.013506
1616941240912385853,1616941240913639944,0.924968
1616941240922524628,1616941240923829197,1.070594
1616941240932745274,1616941240934034770,0.959529
1616941240942859302,1616941240944160995,0.986011
1616941240953086627,1616941240954375629,1.009664
1616941240963177087,1616941240964586594,1.103297
1616941240973355919,1616941240974703464,1.023183
1616941240983580812,1616941240984880680,1.056465
1616941240993744888,1616941240995150056,1.137738
1616941241003964254,1616941241005291980,1.076558
1616941241014161209,1616941241015551676,1.128989
1616941241024401566,1616941241025743898,1.081627
1616941241034528919,1616941241035885207,1.111966
1616941241044747388,1616941241046097642,1.089483
1616941241054918642,1616941241056337421,1.173192
1616941241065145016,1616941241066536604,1.12495
1616941241075374246,1616941241076849274,1.267357
1616941241085612599,1616941241087059311,1.199774
1616941241095802417,1616941241097255070,1.196806
1616941241106032914,1616941241107510368,1.218822
1616941241116262953,1616941241117828920,1.322828
1616941241126399671,1616941241127826411,1.112661
1616941241136628187,1616941241138030814,1.15386
1616941241146790675,1616941241148192522,1.121527
1616941241157020843,1616941241158579678,1.34616
1616941241167241327,1616941241168662222,1.126331
1616941241177461636,1616941241178958902,1.188954
1616941241187682810,1616941241189131140,1.169443
1616941241197904782,1616941241199363595,1.183557
1616941241208072621,1616941241209625834,1.233397
1616941241218195287,1616941241219682317,1.18799
1616941241228356476,1616941241229834848,1.224693
1616941241238486424,1616941241240019900,1.243847
1616941241248659455,1616941241250186742,1.270927
1616941241258787076,1616941241260387151,1.344666
1616941241268947164,1616941241270368129,1.135264
1616941241279051791,1616941241280484108,1.139983
1616941241289211915,1616941241290718841,1.203817
1616941241299307129,1616941241300738011,1.12875
1616941241309480722,1616941241310901031,1.115508
1616941241319635736,1616941241321029445,1.124297
1616941241329791631,1616941241331116668,1.007024
1616941241339943280,1616941241341378059,1.138606
1616941241350115531,1616941241351584233,1.174448
1616941241360208234,1616941241361623681,1.133646
1616941241370308246,1616941241371617934,1.003667
1616941241380454021,1616941241381871145,1.114208
1616941241390551330,1616941241391954463,1.110552
1616941241400702118,1616941241402024782,1.413258
1616941241410825683,1616941241412249732,1.080165
1616941241420984385,1616941241422443060,1.205483
1616941241431170125,1616941241432678138,1.203022
1616941241441273726,1616941241442797376,1.235643
1616941241451432863,1616941241453011347,1.348767
1616941241461536432,1616941241462962252,1.124058
1616941241471648578,1616941241473189873,1.268524
1616941241481748065,1616941241483696358,1.877969
1616941241491907358,1616941241493251210,1.034443
1616941241502012005,1616941241503428086,1.10883
1616941241512214666,1616941241513667317,1.159829
1616941241522336659,1616941241523773321,1.140879
1616941241532433713,1616941241533837689,1.089386
1616941241542546999,1616941241544031413,1.177049
1616941241552642087,1616941241554131234,1.191601
1616941241562752240,1616941241564237926,1.190242
1616941241572854346,1616941241574295374,1.115898
1616941241583071065,1616941241584677228,1.313213
1616941241593129797,1616941241594684608,1.250292
1616941241603156181,1616941241604563914,1.164274
1616941241613262926,1616941241614848526,1.278751
1616941241623419891,1616941241624783640,1.036381
1616941241633527734,1616941241634998162,1.169356
1616941241643630297,1616941241645043688,1.106533
1616941241653658482,1616941241655114685,1.146301
1616941241663779695,1616941241665216726,1.113815
1616941241673895530,1616941241675260813,1.050393
1616941241684015311,1616941241688498175,4.211009
1616941241694159165,1616941241695524653,1.089278
1616941241704334541,1616941241705797848,1.153521
1616941241714456613,1616941241715869543,1.150217
1616941241724622274,1616941241726052958,1.169873
1616941241734776402,1616941241736204776,1.169352
1616941241744994072,1616941241746559968,1.318765
1616941241755157937,1616941241756525491,1.068626
1616941241765326460,1616941241766806060,1.167197
1616941241775496276,1616941241776924425,1.188982
1616941241785655555,1616941241787068887,1.180158
1616941241795885138,1616941241797254015,1.120176
1616941241806130083,1616941241807635943,1.259108
1616941241816360579,1616941241817724999,1.154615
1616941241826529378,1616941241827935828,1.173811
1616941241836773135,1616941241838130694,1.114928
1616941241846992139,1616941241848395072,1.16785
1616941241857212549,1616941241858598795,1.127614
1616941241867430720,1616941241868759901,1.08943
1616941241877666512,1616941241879058752,1.148587
1616941241887783034,1616941241889169253,1.144323
1616941241897953213,1616941241899327292,1.140601
1616941241908119931,1616941241909452323,1.066157
1616941241918232166,1616941241919545667,1.05993
1616941241928448387,1616941241929772151,1.07219
1616941241938613145,1616941241939930935,1.060929
1616941241948836726,1616941241950145520,1.003681
1616941241959003817,1616941241960386507,1.088086
1616941241969154829,1616941241970605351,1.17063
1616941241979253158,1616941241980598903,0.997019
1616941241989349560,1616941241990780419,1.077553
1616941241999442816,1616941242000832526,1.037824
1616941242009536215,1616941242010944510,1.054328
1616941242019817479,1616941242021119709,0.946344
1616941242030009429,1616941242031346429,0.964939
1616941242040194747,1616941242041521434,0.951367
1616941242050318578,1616941242051637298,0.963882
1616941242060506197,1616941242061792078,0.936861
1616941242070673346,1616941242072031529,1.017178
1616941242080890479,1616941242082268752,1.036894
1616941242091000570,1616941242092359045,1.043617
1616941242101157388,1616941242102533620,1.043913
1616941242111377818,1616941242112835759,1.162411
1616941242121534629,1616941242122976410,1.134109
1616941242131659109,1616941242133009180,0.994263
1616941242141890705,1616941242143276530,1.072736
1616941242152107664,1616941242153430428,1.002644
1616941242162227685,1616941242163549007,1.0193
1616941242172476097,1616941242173917994,1.179759
1616941242182639724,1616941242184061484,1.118712
1616941242192862603,1616941242194200687,1.028277
1616941242203081773,1616941242204433784,1.073783
1616941242213314880,1616941242214669425,1.028581
1616941242223532124,1616941242224841962,1.052352
1616941242233766852,1616941242235066441,0.98186
1616941242243987542,1616941242245327690,1.030881
1616941242254111711,1616941242255780695,1.387589
1616941242264347329,1616941242265737350,1.066084
1616941242274473750,1616941242275870292,1.123225
1616941242284716516,1616941242286180824,1.444326
1616941242294866963,1616941242296259844,1.090892
1616941242305040205,1616941242306395210,1.053181
1616941242315274407,1616941242316585596,1.001592
1616941242325443587,1616941242326795062,1.049846
1616941242335625390,1616941242336953774,1.000505
1616941242345795697,1616941242347211426,1.092966
1616941242356015186,1616941242357398446,1.073454
1616941242366240058,1616941242367593582,1.02511
1616941242376458446,1616941242377809811,1.11114
1616941242386630200,1616941242387897054,0.949148
1616941242396802869,1616941242398185546,1.124177
1616941242407022118,1616941242408361578,1.08875
1616941242417244749,1616941242418663099,1.100968
1616941242427464506,1616941242428824106,1.073171
1616941242437692213,1616941242438991980,1.04828
1616941242447866453,1616941242449139501,0.941239
1616941242458090375,1616941242459397373,1.093571
1616941242468313650,1616941242469726466,1.153565
1616941242478484595,1616941242479914315,1.17064
1616941242488726943,1616941242490117303,1.117065
1616941242498894641,1616941242500290473,1.14168
1616941242509070470,1616941242510567691,1.233402
1616941242519283483,1616941242520661076,1.122646
1616941242529514136,1616941242530858418,1.08999
1616941242539730800,1616941242541077158,1.096066
1616941242549952556,1616941242551395330,1.205512
1616941242560171104,1616941242561571797,1.155177
1616941242570341559,1616941242571682973,1.106751
1616941242580562108,1616941242581916098,1.094177
1616941242590728223,1616941242592007400,1.057281
1616941242600949399,1616941242602319168,1.182555
1616941242611164666,1616941242612464071,1.039301
1616941242621384125,1616941242622716843,1.070808
1616941242631598523,1616941242632995558,1.138524
1616941242641826915,1616941242643101351,0.945897
1616941242652063935,1616941242653398067,1.095918
1616941242662232354,1616941242663667231,1.177535
1616941242672452625,1616941242673813623,1.018075
1616941242682622264,1616941242683956881,1.08732
1616941242692844256,1616941242694207073,1.100921
1616941242703074772,1616941242704377586,0.975345
1616941242713293376,1616941242714647572,1.070267
1616941242723530202,1616941242724841425,0.985347
1616941242733750845,1616941242735045844,1.021938
1616941242743980038,1616941242745235614,0.933232
1616941242754158053,1616941242755409118,0.944879
1616941242764330567,1616941242765636023,1.159564
1616941242774560408,1616941242776013523,1.183364
1616941242784783158,1616941242786141805,1.044729
1616941242794908969,1616941242796348610,1.142776
1616941242805145000,1616941242806593408,1.16
1616941242815315051,1616941242816757343,1.149474
1616941242825547344,1616941242826985256,1.120927
1616941242835775855,1616941242837211771,1.147262
1616941242846017184,1616941242847392824,1.091485
1616941242856187097,1616941242857616487,1.148857
1616941242866408291,1616941242867842270,1.142354
1616941242876626662,1616941242878007133,1.07212
1616941242886747313,1616941242888183896,1.143336
1616941242896986030,1616941242898384417,1.141864
1616941242907205283,1616941242908603322,1.103426
1616941242917423963,1616941242918865271,1.153249
1616941242927581957,1616941242928972832,1.090139
1616941242937801439,1616941242939289303,1.236129
1616941242947967574,1616941242949368945,1.167195
1616941242958203582,1616941242959583409,1.114927
1616941242968449957,1616941242969834916,1.125833
1616941242978609694,1616941242980133840,1.262045
1616941242988831452,1616941242990256847,1.174454
1616941242998940850,1616941243000352377,1.180867
1616941243009185449,1616941243010684670,1.248834
1616941243019405588,1616941243020841543,1.186884
1616941243029566228,1616941243031056371,1.262264
1616941243039797154,1616941243041288704,1.247115
1616941243049957630,1616941243051494716,1.301527
1616941243060119244,1616941243061649006,1.279169
1616941243070301763,1616941243071679552,1.126255
1616941243080458116,1616941243081920761,1.215233
1616941243090628688,1616941243092492875,1.685822
1616941243100784395,1616941243102188202,1.099739
1616941243110939882,1616941243112371054,1.212328
1616941243121160680,1616941243122571108,1.144507
1616941243131382950,1616941243132741121,1.108675
1616941243141620687,1616941243143015105,1.145778
1616941243151849777,1616941243153224782,1.128017
1616941243162009826,1616941243163401134,1.156479
1616941243172252883,1616941243173553766,1.039727
1616941243182412234,1616941243184353928,1.645274
1616941243192520082,1616941243193829724,1.068747
1616941243202619846,1616941243203945839,1.036577
1616941243212718088,1616941243214059318,1.021728
1616941243222878838,1616941243224267421,1.095945
1616941243232981690,1616941243234360721,1.108034
1616941243243138680,1616941243244518779,1.123335
1616941243253293037,1616941243254623957,1.022747
1616941243263371750,1616941243264735227,1.057299
1616941243273494647,1616941243274812054,1.006272
1616941243283562062,1616941243284924203,1.070083
1616941243293659802,1616941243295097000,1.194135
1616941243303769779,1616941243305128265,1.113639
1616941243313871784,1616941243315324179,1.21102
1616941243324032592,1616941243325421918,1.082468
1616941243334092625,1616941243335549476,1.243975
1616941243344150439,1616941243345608163,1.154357
1616941243354310151,1616941243355690358,1.089144
1616941243364466891,1616941243365918134,1.1675
1616941243374574187,1616941243376064464,1.184933
1616941243384795861,1616941243386278807,1.276296
1616941243394947504,1616941243396470353,1.233675
1616941243405133320,1616941243406617817,1.17393
1616941243415303592,1616941243416752550,1.1767
1616941243425526344,1616941243426933670,1.107936
1616941243435739300,1616941243437090802,1.054433
1616941243445954741,1616941243447456511,1.198701
1616941243456172442,1616941243457568722,1.064788
1616941243466285903,1616941243467692004,1.083776
1616941243476331673,1616941243477668504,1.009663
1616941243486437098,1616941243487796963,1.0458
1616941243496464511,1616941243497949535,1.277168
1616941243506687359,1616941243508159426,1.259835
1616941243516929680,1616941243518341768,1.206171
1616941243527110958,1616941243528600690,1.214759
1616941243537289364,1616941243538701954,1.084841
1616941243547462656,1616941243548867631,1.168462
1616941243557698328,1616941243559135547,1.135739
1616941243567917143,1616941243569289957,1.124021
1616941243578172119,1616941243579561512,1.165938
1616941243588407897,1616941243589865303,1.210185
1616941243598529982,1616941243599977634,1.1974
1616941243608691669,1616941243610144693,1.202846
1616941243618798951,1616941243620197744,1.119321
1616941243628954995,1616941243630354561,1.162226
1616941243639172195,1616941243640532235,1.114391
1616941243649409124,1616941243650894088,1.224144
1616941243659581777,1616941243661018410,1.204791
1616941243669817279,1616941243671257026,1.204987
1616941243680035794,1616941243681527669,1.265764
1616941243690223691,1616941243691648969,1.18282
1616941243700455984,1616941243701882934,1.182857
1616941243710577357,1616941243711986826,1.138468
1616941243720808237,1616941243722161515,1.103869
1616941243731065793,1616941243732501558,1.184753
1616941243741292733,1616941243742756322,1.222424
1616941243751464111,1616941243752877639,1.174014
1616941243761692459,1616941243763016488,1.074238
1616941243771940146,1616941243773278297,1.093475
1616941243782180514,1616941243783642354,1.252062
1616941243792361226,1616941243793875974,1.259029
1616941243802485060,1616941243803763932,1.008249
1616941243812716547,1616941243814018102,1.02673
1616941243822887019,1616941243824325671,1.214162
1616941243833111529,1616941243834647063,1.289398
1616941243843332515,1616941243844704962,1.087172
1616941243853549856,1616941243854929685,1.127981
1616941243863782602,1616941243865118091,1.092321
1616941243874003296,1616941243875407249,1.148216
1616941243884236479,1616941243885534642,1.070956
1616941243894405603,1616941243896172251,1.584951
1616941243904624123,1616941243906012680,1.084483
1616941243914793624,1616941243916265982,1.243559
1616941243925015071,1616941243926426994,1.183141
1616941243935247685,1616941243936618346,1.122766
1616941243945468246,1616941243946823952,1.114237
1616941243955687511,1616941243957023370,1.07117
1616941243965914231,1616941243967362655,1.172447
1616941243976132438,1616941243977524303,1.091815
1616941243986302617,1616941243987692959,1.142246
1616941243996522757,1616941243997919059,1.172078
1616941244006691997,1616941244008039049,1.115821
1616941244016918078,1616941244018270983,1.040379
1616941244027135879,1616941244028534996,1.177749
1616941244037353776,1616941244038753514,1.147394
1616941244047573005,1616941244048925329,1.116453
1616941244057794387,1616941244059072600,1.010475
1616941244068014973,1616941244069322241,1.091277
1616941244078223083,1616941244079577777,1.1402
1616941244088456671,1616941244089850919,1.158816
1616941244098626223,1616941244100064232,1.220032
1616941244108845627,1616941244110276480,1.195206
1616941244119093153,1616941244120354761,0.98652
1616941244129312860,1616941244130701220,1.105837
1616941244139535622,1616941244140975072,1.228059
1616941244149768648,1616941244151202965,1.226213
1616941244159950520,1616941244161274528,1.00089
1616941244170145723,1616941244171568942,1.182599
1616941244180311635,1616941244181635814,1.043177
1616941244190486369,1616941244191787288,1.063637
1616941244200705755,1616941244202127707,1.194777
1616941244210933705,1616941244212219463,0.990927
1616941244221155026,1616941244222491920,1.080482
1616941244231374695,1616941244232681035,1.073906
1616941244241595519,1616941244242949916,1.103805
1616941244251829432,1616941244253171623,1.094756
1616941244262073932,1616941244263394912,1.094359
1616941244272310508,1616941244273658726,1.094959
1616941244282479860,1616941244283879398,1.147379
1616941244292699319,1616941244294046388,1.102361
1616941244302862962,1616941244304290112,1.181785
1616941244313080709,1616941244314460067,1.117344
1616941244323301244,1616941244324698905,1.16415
1616941244333521076,1616941244334891438,1.127152
1616941244343753384,1616941244345238180,1.242658
1616941244353972229,1616941244355396425,1.181717
1616941244364189695,1616941244365535835,1.09752
1616941244374359557,1616941244375788967,1.18728
1616941244384583613,1616941244386054281,1.217946
1616941244394751634,1616941244396162246,1.184067
1616941244404968993,1616941244406452710,1.269012
1616941244415188779,1616941244416612834,1.182475
1616941244425419051,1616941244426869433,1.21149
1616941244435651080,1616941244437083541,1.19383
1616941244445869672,1616941244447218619,1.08976
1616941244456108713,1616941244457473011,1.11864
1616941244466277323,1616941244467705613,1.194438
1616941244476496863,1616941244477879649,1.166139
1616941244486684327,1616941244488065654,1.124082
1616941244496904118,1616941244498320559,1.19517
1616941244507150223,1616941244508579865,1.180369
1616941244517368921,1616941244518804558,1.210884
1616941244527595765,1616941244529023814,1.189713
1616941244537819582,1616941244539194753,1.133699
1616941244548045155,1616941244549459542,1.157308
1616941244558266305,1616941244559667384,1.171187
1616941244568496649,1616941244569912197,1.205447
1616941244578719043,1616941244580097243,1.143949
1616941244588943193,1616941244590403020,1.190171
1616941244599111992,1616941244602770907,3.376422
1616941244609336738,1616941244610677586,1.00104
1616941244619459113,1616941244620844792,1.058574
1616941244629577847,1616941244630945930,1.069517
1616941244639684761,1616941244641026657,1.006225
1616941244649791832,1616941244651115711,1.086127
1616941244659956591,1616941244661273735,1.073331
1616941244670151506,1616941244671555017,1.162844
1616941244680327723,1616941244681771667,1.260288
1616941244690491294,1616941244691876194,1.077737
1616941244700665695,1616941244702548636,1.665903
1616941244710830589,1616941244712246666,1.10731
1616941244721061206,1616941244722441694,1.134605
1616941244731220131,1616941244732587816,1.115543
1616941244741443310,1616941244742874537,1.166764
1616941244751661664,1616941244752974942,1.106111
1616941244761782707,1616941244763225118,1.204123
1616941244771952813,1616941244773430382,1.239482
1616941244782129484,1616941244783569819,1.199228
1616941244792304979,1616941244793705931,1.09453
1616941244802473364,1616941244803877401,1.156963
1616941244812695507,1616941244814114173,1.190193
1616941244822852870,1616941244824286762,1.198787
1616941244833092477,1616941244834558096,1.232353
1616941244843250703,1616941244844578459,1.028758
1616941244853473321,1616941244854843203,1.12872
1616941244863696921,1616941244865103929,1.143047
1616941244873934830,1616941244875308290,1.119909
1616941244884159579,1616941244885532472,1.07182
1616941244894331939,1616941244896044363,1.396975
1616941244904494543,1616941244905886505,1.168481
1616941244914521967,1616941244915832374,1.017676
1616941244924755448,1616941244926114739,1.071381
1616941244934919643,1616941244936268521,1.077984
1616941244945077315,1616941244946416800,1.050627
1616941244955236035,1616941244956639223,1.11029
1616941244965459739,1616941244966890373,1.133725
1616941244975688656,1616941244977140557,1.22139
1616941244985742517,1616941244987166784,1.128633
1616941244995803266,1616941244997287810,1.161452
1616941245005897087,1616941245007316601,1.146985
1616941245016123887,1616941245017594471,1.164137
1616941245026222380,1616941245027590700,1.130395
1616941245036434777,1616941245037858224,1.17719
1616941245046562457,1616941245048058570,1.191845
1616941245056631396,1616941245058112316,1.185031
1616941245066733375,1616941245068195792,1.226623
1616941245076901069,1616941245078389332,1.214953
1616941245087050237,1616941245088505480,1.202065
1616941245097122681,1616941245098683564,1.27956
1616941245107238283,1616941245108604397,1.059313
1616941245117339816,1616941245118861377,1.243308
1616941245127385720,1616941245128758777,1.159492
1616941245137428755,1616941245138814821,1.120412
1616941245147571199,1616941245148845207,0.974493
1616941245157690414,1616941245159003552,1.028121
1616941245167774642,1616941245169062662,1.078044
1616941245177958245,1616941245179283634,1.100241
1616941245188013082,1616941245189296222,1.046037
1616941245198239660,1616941245199545156,0.988394
1616941245208405610,1616941245209695054,1.061991
1616941245218580953,1616941245219894590,1.06845
1616941245228724275,1616941245230088714,1.118832
1616941245238820967,1616941245240137799,0.986223
1616941245248907290,1616941245250223861,1.05568
1616941245259077160,1616941245260466033,1.113071
1616941245269309117,1616941245270769462,1.174238
1616941245279527091,1616941245281010830,1.1861
1616941245289770087,1616941245291256431,1.216026
1616941245299940706,1616941245301345477,1.102614
1616941245310154904,1616941245311459196,1.000898
1616941245320391571,1616941245321909567,1.232877
1616941245330506701,1616941245331971799,1.161143
1616941245340662480,1616941245342163858,1.19523
1616941245350835772,1616941245352340607,1.239973
1616941245361004505,1616941245362545468,1.2402
1616941245371109763,1616941245372497607,1.075948
1616941245381210625,1616941245382678999,1.175025
1616941245391375130,1616941245392853206,1.210608
1616941245401548769,1616941245402998720,1.141482
1616941245411651160,1616941245413134672,1.168544
1616941245421822011,1616941245423249584,1.157543
1616941245431992151,1616941245433395242,1.114247
1616941245442151948,1616941245443666623,1.215447
1616941245452389501,1616941245453792059,1.094439
1616941245462507839,1616941245463977188,1.154179
1616941245472741219,1616941245474227943,1.193324
1616941245482906770,1616941245484425406,1.224048
1616941245493127792,1616941245494983844,1.610902
1616941245503347322,1616941245504868096,1.217564
1616941245513584178,1616941245515013416,1.123003
1616941245523810365,1616941245525251154,1.144227
1616941245534027325,1616941245535455429,1.144656
1616941245544196100,1616941245545703323,1.223546
1616941245554358680,1616941245555778119,1.107517
1616941245564533999,1616941245566014454,1.192805
1616941245574695521,1616941245576130422,1.157655
1616941245584917473,1616941245586314468,1.08637
1616941245595074127,1616941245596544456,1.192704
1616941245605292781,1616941245606682848,1.082755
1616941245615533922,1616941245616892284,1.059003
1616941245625773532,1616941245627203494,1.138517
1616941245635945530,1616941245637385178,1.171936
1616941245646186947,1616941245647587805,1.086033
1616941245656349271,1616941245657711793,1.059504
1616941245666514057,1616941245667940426,1.10783
1616941245676680121,1616941245678063136,1.086293
1616941245686841286,1616941245688226503,1.048575
1616941245697005077,1616941245698393980,1.125439
1616941245707170569,1616941245708607597,1.136603
1616941245717285594,1616941245718802182,1.218686
1616941245727447524,1616941245728832773,1.049539
1616941245737612506,1616941245738996326,1.103796
1616941245747775768,1616941245749264633,1.198041
1616941245757941267,1616941245759321587,1.047215
1616941245768162168,1616941245769525419,1.083267
1616941245778287651,1616941245779707428,1.128825
1616941245788516075,1616941245789991711,1.196008
1616941245798706601,1616941245800101093,1.071151
1616941245808878890,1616941245810278821,1.110894
1616941245819048361,1616941245820436865,1.103622
1616941245829274434,1616941245830779239,1.218381
1616941245839497493,1616941245840928250,1.134573
1616941245849669718,1616941245851065816,1.115779
1616941245859900746,1616941245861370129,1.175261
1616941245870096458,1616941245871548849,1.129291
1616941245880318839,1616941245881791755,1.187099
1616941245890442983,1616941245891964434,1.242228
1616941245900614489,1616941245902040792,1.110953
1616941245910788128,1616941245912323720,1.248411
1616941245920901713,1616941245922456861,1.288993
1616941245931125883,1616941245932597881,1.200507
1616941245941346584,1616941245942858037,1.206934
1616941245951515804,1616941245952889315,1.062095
1616941245961717307,1616941245963249434,1.24224
1616941245971894358,1616941245973272630,1.063398
1616941245982079509,1616941245983593700,1.197668
1616941245992311201,1616941245993874867,1.293783
1616941246002488304,1616941246003980058,1.167916
1616941246012725333,1616941246014158027,1.154503
1616941246022895936,1616941246024377332,1.188069
1616941246033134145,1616941246034691119,1.258025
1616941246043355438,1616941246044850371,1.206957
1616941246053528568,1616941246055074622,1.241074
1616941246063787550,1616941246065387839,1.323276
1616941246073964490,1616941246075385925,1.08744
1616941246084095068,1616941246085499582,1.121941
1616941246094263980,1616941246095666317,1.0872
1616941246104494693,1616941246105847886,1.262946
1616941246114620592,1616941246115973328,1.041197
1616941246124816922,1616941246126257881,1.192769
1616941246134929706,1616941246136501039,1.35619
1616941246145181182,1616941246146681544,1.264052
1616941246155405639,1616941246156788403,1.145884
1616941246165573649,1616941246167014791,1.191306
1616941246175768046,1616941246177244968,1.257748
1616941246185950627,1616941246187342241,1.087184
1616941246196116828,1616941246197580833,1.23495
1616941246206238622,1616941246207631213,1.069938
1616941246216402192,1616941246217899968,1.171031
1616941246226520666,1616941246228114188,1.296763
1616941246236686293,1616941246238193927,1.188049
1616941246246856799,1616941246248325663,1.201206
1616941246257041928,1616941246258630476,1.290103
1616941246267217265,1616941246268655738,1.131076
1616941246277380525,1616941246278836002,1.133847
1616941246287550042,1616941246289814484,2.14638
1616941246297772944,1616941246299153108,1.057043
1616941246307971788,1616941246309343043,1.072124
1616941246318161574,1616941246319639471,1.149096
1616941246328403840,1616941246329714770,1.022094
1616941246338583068,1616941246339844257,1.030331
1616941246348805201,1616941246350226209,1.112068
1616941246359033091,1616941246360501059,1.191033
1616941246369195190,1616941246370609912,1.11257
1616941246379428465,1616941246380813435,1.149715
1616941246389592414,1616941246390922946,1.012675
1616941246399764046,1616941246401110854,1.0185
1616941246409984853,1616941246411246813,1.008579
1616941246420158829,1616941246421464306,0.970885
1616941246430286625,1616941246431574514,0.970184
1616941246440512278,1616941246441852221,1.017771
1616941246450683768,1616941246452096892,1.123965
1616941246460906732,1616941246462306759,1.081054
1616941246471079359,1616941246472404793,1.009135
1616941246481319567,1616941246482610984,1.045531
1616941246491539896,1616941246492839105,1.05121
1616941246501760266,1616941246503025962,0.951617
1616941246511931620,1616941246513228123,0.928564
1616941246522031391,1616941246523347045,0.97572
1616941246532228117,1616941246533500114,1.030159
1616941246542342070,1616941246543643323,0.986593
1616941246552562182,1616941246553951855,1.155602
1616941246562686678,1616941246564013211,1.000656
1616941246572908318,1616941246574185685,1.075407
1616941246583139091,1616941246584532868,1.15641
1616941246593359539,1616941246594745908,1.090745
1616941246603547842,1616941246604844121,1.007072
1616941246613768415,1616941246615566402,1.517888
1616941246623967730,1616941246625358887,1.101236
1616941246633986660,1616941246635452827,1.162988
1616941246644147789,1616941246645538060,1.096294
1616941246654183666,1616941246655538123,1.123843
1616941246664201335,1616941246665495388,1.022791
1616941246674302197,1616941246675633617,1.018505
1616941246684522934,1616941246685788591,0.9764
1616941246694621392,1616941246696067345,1.168886
1616941246704811812,1616941246706256654,1.148408
1616941246714916846,1616941246716300484,1.064699
1616941246725075575,1616941246726446346,1.112008
1616941246735301949,1616941246736614850,0.972531
1616941246745528693,1616941246746898250,1.049541
1616941246755753150,1616941246757033509,0.993407
1616941246765854732,1616941246767123881,1.047357
1616941246776092525,1616941246777366294,0.999341
1616941246786224119,1616941246787637463,1.1182
1616941246796377714,1616941246797672420,1.086883
1616941246806404592,1616941246807733367,1.106913
1616941246816508724,1616941246817870163,1.121286
1616941246826615040,1616941246828027463,1.127918
1616941246836845585,1616941246838228835,1.081418
1616941246847035843,1616941246848446450,1.117386
1616941246857148025,1616941246858508980,1.072581
1616941246867312923,1616941246868724150,1.124234
1616941246877468350,1616941246878908730,1.162804
1616941246887703831,1616941246889172498,1.16254
1616941246897875193,1616941246899360253,1.170457
1616941246908004052,1616941246909365153,1.05434
1616941246918201432,1616941246919565037,1.126824
1616941246928438523,1616941246929916296,1.171874
1616941246938564203,1616941246939979058,1.104522
1616941246948797766,1616941246950164177,1.076731
1616941246958973777,1616941246960403914,1.121214
1616941246969153182,1616941246970677634,1.234621
1616941246979277974,1616941246980791906,1.229421
1616941246989388171,1616941246990786967,1.097176
1616941246999609706,1616941247001078670,1.235307
1616941247009851531,1616941247011233746,1.132257
1616941247020022797,1616941247021478373,1.208485
1616941247030200796,1616941247031606606,1.157973
1616941247040370495,1616941247041809251,1.195878
1616941247050538986,1616941247051992642,1.213975
1616941247060711145,1616941247062088918,1.13735
1616941247070889284,1616941247072205377,1.083174
1616941247081072104,1616941247082453903,1.158403
1616941247091313756,1616941247093000551,1.492032
1616941247101488799,1616941247102855192,1.063021
1616941247111600175,1616941247113012308,1.123388
1616941247121770544,1616941247123153837,1.108963
1616941247131991764,1616941247133410246,1.135898
1616941247142194394,1616941247143509867,0.995776
1616941247152432665,1616941247153826419,1.106833
1616941247162555443,1616941247164004294,1.142219
1616941247172740925,1616941247174096474,1.040457
1616941247182918862,1616941247184287575,1.047636
1616941247193139211,1616941247194579914,1.220385
1616941247203367464,1616941247204817177,1.208696
1616941247213588841,1616941247215016668,1.19701
1616941247223833400,1616941247225293950,1.218634
1616941247234083104,1616941247235441515,1.110507
1616941247244303788,1616941247245708683,1.174187
1616941247254477022,1616941247255807627,1.103084
1616941247264710983,1616941247266054563,1.044846
1616941247274881463,1616941247276292457,1.115961
1616941247285118408,1616941247286590830,1.168925
1616941247295338114,1616941247296656320,1.028089
1616941247305576004,1616941247306925593,1.039355
1616941247315755226,1616941247317243001,1.271711
1616941247325936852,1616941247327350111,1.124635
1616941247336105535,1616941247337450478,1.046891
1616941247346267855,1616941247347625903,1.061721
1616941247356487397,1616941247357943878,1.224663
1616941247366658521,1616941247368075109,1.210708
1616941247376770459,1616941247378256812,1.227332
1616941247386941656,1616941247388339444,1.160543
1616941247397163021,1616941247398663855,1.27626
1616941247407382850,1616941247408748631,1.132306
1616941247417604618,1616941247418965511,1.040875
1616941247427775155,1616941247429214155,1.141036
1616941247437969345,1616941247439370089,1.073215
1616941247448134814,1616941247449488585,1.106195
1616941247458309655,1616941247459669447,1.081198
1616941247468545104,1616941247469903594,1.11263
1616941247478655482,1616941247480089995,1.138107
1616941247488877205,1616941247490196206,1.062294
1616941247499042879,1616941247500466043,1.182417
1616941247509266775,1616941247510682229,1.169053
1616941247519485351,1616941247520874546,1.137441
1616941247529710899,1616941247531164811,1.162527
1616941247539940702,1616941247541346281,1.130064
1616941247550178236,1616941247551528934,1.06585
1616941247560419731,1616941247561903227,1.194178
1616941247570544252,1616941247572088095,1.25795
1616941247580659012,1616941247582153816,1.241329
1616941247590827727,1616941247592269215,1.231542
1616941247601049892,1616941247602514565,1.210326
1616941247611268880,1616941247612710053,1.19286
1616941247621486771,1616941247622900299,1.168539
1616941247631718964,1616941247633113171,1.152037
1616941247641952283,1616941247643449152,1.247213
1616941247652175204,1616941247653657978,1.238754
1616941247662397403,1616941247663849402,1.198096
1616941247672625759,1616941247674056599,1.136627
1616941247682795110,1616941247684311999,1.261889
1616941247693039671,1616941247694549985,1.266576
1616941247703262596,1616941247704679567,1.174909
1616941247713454733,1616941247714957978,1.198748
1616941247723671634,1616941247725162347,1.198027
1616941247733904611,1616941247735283058,1.157967
1616941247744124349,1616941247745601207,1.228867
1616941247754291618,1616941247755715498,1.412753
1616941247764447084,1616941247765979535,1.23477
1616941247774616983,1616941247776114849,1.249441
1616941247784838598,1616941247786193636,1.090139
1616941247795072298,1616941247796575815,1.268023
1616941247805307166,1616941247806797727,1.257124
1616941247815539716,1616941247816938137,1.150056
1616941247825760566,1616941247827136608,1.071241
1616941247835937701,1616941247837387199,1.14032
1616941247846089660,1616941247847463141,1.124269
1616941247856217900,1616941247857656630,1.191449
1616941247866336979,1616941247867834358,1.260941
1616941247876556405,1616941247877994617,1.19821
1616941247886725822,1616941247888232813,1.276536
1616941247896947078,1616941247898578077,1.776341
1616941247906991117,1616941247908404401,1.120095
1616941247917165301,1616941247918583596,1.181074
1616941247927385260,1616941247928797934,1.208835
1616941247937611712,1616941247938960130,1.118235
1616941247947788250,1616941247949120098,1.033073
1616941247957948635,1616941247959296863,1.050547
1616941247968155308,1616941247969441408,0.984178
1616941247978277919,1616941247979677991,1.083768
1616941247988514479,1616941247989846285,1.067055
1616941247998714882,1616941248000089811,1.131179
1616941248008953841,1616941248010419937,1.24347
1616941248019172344,1616941248020564015,1.156533
1616941248029411409,1616941248030765010,1.139868
1616941248039645740,1616941248040929109,0.983109
1616941248049866541,1616941248051222443,1.025113
1616941248060095515,1616941248061413108,1.113158
1616941248070319896,1616941248071639111,1.084666
1616941248080541227,1616941248081942776,1.165562
1616941248090712027,1616941248092170580,1.237593
1616941248100931986,1616941248106695324,5.583318
1616941248111087622,1616941248112395183,0.994279
1616941248121311971,1616941248122659504,1.101445
1616941248131475851,1616941248132818783,1.104705
1616941248141699331,1616941248143101728,1.180516
1616941248151871133,1616941248153172507,1.028595
1616941248162086016,1616941248163491452,1.116478
1616941248172283660,1616941248173678275,1.169205
1616941248182453014,1616941248183808881,1.098881
1616941248192673429,1616941248194042931,1.126887
1616941248202828918,1616941248204207945,1.073553
1616941248212994099,1616941248214387888,1.120831
1616941248223161680,1616941248224475613,1.065452
1616941248233384275,1616941248234829499,1.161879
1616941248243603087,1616941248244940578,1.037401
1616941248253824887,1616941248255112266,1.065583
1616941248264045426,1616941248265407200,1.110262
1616941248274267392,1616941248275586632,1.082741
1616941248284498715,1616941248285816079,1.063791
1616941248294721836,1616941248296072342,1.124027
1616941248304964099,1616941248306396176,1.227548
1616941248315181729,1616941248316626182,1.220663
1616941248325418197,1616941248326743979,1.031716
1616941248335648144,1616941248337042914,1.17959
1616941248345862357,1616941248347353037,1.26841
1616941248356067163,1616941248357432092,1.131055
1616941248366179627,1616941248367583718,1.154138
1616941248376419254,1616941248377856746,1.146916
1616941248386540219,1616941248387860140,1.074292
1616941248396761708,1616941248398166209,1.740299
1616941248406912563,1616941248408315419,1.104201
1616941248417134861,1616941248418613901,1.196739
1616941248427241762,1616941248428759783,1.263974
1616941248437344120,1616941248438784013,1.135169
1616941248447515088,1616941248448884977,1.084198
1616941248457667424,1616941248459088093,1.117377
1616941248467821782,1616941248469326849,1.202096
1616941248477998582,1616941248479408318,1.103275
1616941248488132708,1616941248489587219,1.156181
1616941248498206154,1616941248499724109,1.213707
1616941248508239860,1616941248509816517,1.275206
1616941248518339610,1616941248519745370,1.1103
1616941248528562047,1616941248530073796,1.283379
1616941248538589210,1616941248540084546,1.200267
1616941248548761595,1616941248550203348,1.13814
1616941248558924757,1616941248560362208,1.13052
1616941248569148626,1616941248570681289,1.265556
1616941248579306141,1616941248580770005,1.234538
1616941248589523791,1616941248591103024,1.284482
1616941248599670302,1616941248601143143,1.247475
1616941248609778805,1616941248611336829,1.281952
1616941248619880682,1616941248621473428,1.388399
1616941248630039774,1616941248631638684,1.287742
1616941248640143247,1616941248641735282,1.309213
1616941248650172965,1616941248651657032,1.247112
1616941248660386565,1616941248661924228,1.242857
1616941248670522609,1616941248672172978,1.737232
1616941248680746305,1616941248682287123,1.259181
1616941248690919183,1616941248692479989,1.325397
1616941248701146379,1616941248702687526,1.251206
1616941248711243986,1616941248712674229,1.198995
1616941248721482310,1616941248722870994,1.090341
1616941248731599248,1616941248732959638,1.069693
1616941248741821857,1616941248743214589,1.095111
1616941248751850039,1616941248753287956,1.19805
1616941248762106143,1616941248763500652,1.09565
1616941248772335900,1616941248773735865,1.173479
1616941248782431864,1616941248783844136,1.114435
1616941248792482601,1616941248793937280,1.232388
1616941248802541530,1616941248803988206,1.250476
1616941248812770407,1616941248814187202,1.155791
1616941248822947683,1616941248824393772,1.168331
1616941248833168300,1616941248834502583,1.047904
1616941248843403824,1616941248844660346,1.001104
1616941248853621178,1616941248855015488,1.082365
1616941248863842641,1616941248865322048,1.192596
1616941248874089385,1616941248875586809,1.24091
1616941248884310367,1616941248885779516,1.168469
1616941248894483745,1616941248896000327,1.241765
1616941248904721095,1616941248906133123,1.119896
1616941248914892758,1616941248916355080,1.17589
1616941248925114164,1616941248926564724,1.157418
1616941248935344384,1616941248936836296,1.202852
1616941248945566253,1616941248946912333,1.023764
1616941248955788248,1616941248957098633,1.02703
1616941248966017178,1616941248967473067,1.169818
1616941248976239238,1616941248977507747,0.954562
1616941248986410580,1616941248987766514,1.067714
1616941248996633538,1616941248997986373,1.044775
1616941249006761336,1616941249008154247,1.181296
1616941249016998976,1616941249018501145,1.220924
1616941249027224241,1616941249028683550,1.151251
1616941249037444572,1616941249038794840,1.0516
1616941249047665418,1616941249049098466,1.178693
1616941249057888064,1616941249059317010,1.142925
1616941249068127318,1616941249069557086,1.214071
1616941249078299668,1616941249079759723,1.23644
1616941249088518675,1616941249090070208,1.310058
1616941249098743161,1616941249100208686,1.18222
1616941249108926396,1616941249110398197,1.203939
1616941249119149851,1616941249120576851,1.130557
1616941249129326008,1616941249130801631,1.177692
1616941249139559591,1616941249141059849,1.215445
1616941249149779680,1616941249151361587,1.345944
1616941249160034260,1616941249161507316,1.251421
1616941249170184538,1616941249171684873,1.208839
1616941249180404818,1616941249181951376,1.329517
1616941249190572988,1616941249192077695,1.28258
1616941249200790305,1616941249202257395,1.186155
1616941249211008035,1616941249212413368,1.118976
1616941249221237064,1616941249222636059,1.107718
1616941249231456249,1616941249232851674,1.085721
1616941249241675330,1616941249243039045,1.110136
1616941249251893931,1616941249253274343,1.150365
1616941249262118537,1616941249263486055,1.12344
1616941249272362134,1616941249273858103,1.272766
1616941249282483173,1616941249283838647,1.057557
1616941249292705148,1616941249294129993,1.203772
1616941249302870930,1616941249304181600,1.022547
1616941249313085883,1616941249314529670,1.217534
1616941249323300632,1616941249324653163,1.056221
1616941249333520156,1616941249334862663,1.050248
1616941249343759903,1616941249345249783,1.261329
1616941249353978130,1616941249355422242,1.205737
1616941249364236140,1616941249365775263,1.293003
1616941249374359848,1616941249375926635,1.332966
1616941249384523621,1616941249385931725,1.104963
1616941249394717145,1616941249396221609,1.276005
1616941249404930319,1616941249406365730,1.208154
1616941249415171654,1616941249416600001,1.202235
1616941249425398109,1616941249426928672,1.239802
1616941249435568183,1616941249436983827,1.174849
1616941249445736446,1616941249447161977,1.16241
1616941249455967448,1616941249457262926,1.014349
1616941249466175277,1616941249467521614,0.998769
1616941249476298937,1616941249477720122,1.390958
1616941249486408912,1616941249487811973,1.082174
1616941249496524849,1616941249497909399,1.080159
1616941249506633623,1616941249508089244,1.235991
1616941249516749933,1616941249518186359,1.209707
1616941249526854032,1616941249528214605,1.07969
1616941249536957124,1616941249538324623,1.05466
1616941249547121231,1616941249548543152,1.119875
1616941249557279041,1616941249558689869,1.112885
1616941249567445776,1616941249568882724,1.195735
1616941249577618523,1616941249579073266,1.141171
1616941249587799915,1616941249589181456,1.070997
1616941249597910868,1616941249599411722,1.247637
1616941249608105386,1616941249609506611,1.174256
1616941249618223327,1616941249619563799,1.107712
1616941249628393889,1616941249629765853,1.074263
1616941249638507615,1616941249639859647,1.065716
1616941249648683135,1616941249650096844,1.108459
1616941249658804571,1616941249660238343,1.212316
1616941249668975078,1616941249670352860,1.094002
1616941249679203843,1616941249680589632,1.128123
1616941249689435727,1616941249690790291,1.109137
1616941249699651412,1616941249701068538,1.166385
1616941249709887898,1616941249711176410,1.028383
1616941249720105028,1616941249721442842,1.090967
1616941249730228517,1616941249731549421,1.068604
1616941249740449094,1616941249746684369,6.037563
1616941249750606992,1616941249751868059,1.000657
1616941249760825995,1616941249762148335,1.078793
1616941249771058960,1616941249772411840,1.115155
1616941249781276889,1616941249782667541,1.15979
1616941249791448516,1616941249792812999,1.118143
1616941249801668195,1616941249803012003,1.082057
1616941249811903776,1616941249813292302,1.132882
1616941249822156687,1616941249823418577,1.075311
1616941249832320896,1616941249833584987,1.088302
1616941249842497690,1616941249843794828,1.080233
1616941249852718555,1616941249854096325,1.143032
1616941249862966450,1616941249864293281,1.085785
1616941249873186865,1616941249874645588,1.232306
1616941249883404258,1616941249884736317,1.115573
1616941249893622018,1616941249895004653,1.09547
1616941249903840481,1616941249905193452,1.13221
1616941249914099668,1616941249915467994,1.135497
1616941249924334110,1616941249925726411,1.149411
1616941249934503238,1616941249936044132,1.31448
1616941249944674815,1616941249946179111,1.266556
1616941249954900001,1616941249956359278,1.18055
1616941249965070648,1616941249966521433,1.175587
1616941249975253726,1616941249976638399,1.139587
1616941249985429486,1616941249986830525,1.09789
1616941249995628213,1616941249997122277,1.251115
1616941250005846056,1616941250007238380,1.142571
1616941250016064019,1616941250017595651,1.240668
1616941250026227730,1616941250027654439,1.137458
1616941250036446362,1616941250037881307,1.213342
1616941250046614806,1616941250048078946,1.230438
1616941250056840702,1616941250058334933,1.281627
1616941250067058266,1616941250068518689,1.214252
1616941250077274996,1616941250078750644,1.245499
1616941250087495812,1616941250088913826,1.183338
1616941250097728296,1616941250099154472,1.182708
1616941250107901031,1616941250109361746,1.210595
1616941250118132309,1616941250120349766,1.925056
1616941250128309009,1616941250129643742,1.068384
1616941250138337960,1616941250139666745,1.028795
1616941250148441482,1616941250149960094,1.232299
1616941250158603857,1616941250160031097,1.198531
1616941250168706482,1616941250170191759,1.277756
1616941250178872059,1616941250180338251,1.215472
1616941250188959782,1616941250190349245,1.175155
1616941250199121549,1616941250200546026,1.163459
1616941250209206180,1616941250210721573,1.210671
1616941250219288906,1616941250220676373,1.087509
1616941250229460841,1616941250230851548,1.104719
1616941250239564037,1616941250240940594,1.066226
1616941250249787305,1616941250251170269,1.081898
1616941250259883596,1616941250261252049,1.059859
1616941250269959603,1616941250271354444,1.191248
1616941250280118109,1616941250281835504,1.537355
1616941250290204100,1616941250291521827,0.975004
1616941250300306522,1616941250301750155,1.155437
1616941250310391538,1616941250311727334,1.093138
1616941250320542226,1616941250321918915,1.080266
1616941250330710917,1616941250332057213,1.038239
1616941250340811081,1616941250342219681,1.119506
1616941250350908679,1616941250352489375,1.301797
1616941250360930055,1616941250362276497,1.044002
1616941250371020480,1616941250372315444,1.006792
1616941250381237026,1616941250382629857,1.127305
1616941250391331132,1616941250392873994,1.245239
1616941250401376307,1616941250402792855,1.103166
1616941250411539616,1616941250412900875,1.064129
1616941250421702506,1616941250423112838,1.092626
1616941250431800374,1616941250433197396,1.152741
1616941250442024499,1616941250443423188,1.113801
1616941250452089508,1616941250453439143,1.048854
1616941250462244761,1616941250463589009,1.048675
1616941250472441120,1616941250473842886,1.098066
1616941250482557039,1616941250483989202,1.114588
1616941250492656266,1616941250494031394,1.072756
1616941250502765055,1616941250504143315,1.079658
1616941250512917637,1616941250514358288,1.177537
1616941250522966912,1616941250524412686,1.250677
1616941250533069399,1616941250534398332,1.030296
1616941250543283384,1616941250544707518,1.200699
1616941250553512569,1616941250554781840,1.004328
1616941250563744353,1616941250565082722,1.085064
1616941250573912499,1616941250575335251,1.180495
1616941250584128047,1616941250585485526,1.110474
1616941250594296338,1616941250595684990,1.158609
1616941250604537293,1616941250605899905,1.159161
1616941250614708252,1616941250616162614,1.218811
1616941250624926773,1616941250626361158,1.226397
1616941250635106763,1616941250636524311,1.194432
1616941250645359830,1616941250646725213,1.138834
1616941250655579088,1616941250656997406,1.187568
1616941250665816309,1616941250667223970,1.167998
1616941250676035487,1616941250677510598,1.242156
1616941250686224765,1616941250687618446,1.16615
1616941250696444940,1616941250697872725,1.188487
1616941250706613855,1616941250707935804,1.105368
1616941250716864214,1616941250718253034,1.149778
1616941250727089047,1616941250728418654,1.089361
1616941250737306589,1616941250738637640,1.018401
1616941250747528369,1616941250748884602,1.097115
1616941250757754182,1616941250759133371,1.138079
1616941250767979434,1616941250769269148,1.032503
1616941250778218183,1616941250779628853,1.127695
1616941250788437268,1616941250789755111,1.01446
1616941250798606413,1616941250800013701,1.191595
1616941250808824146,1616941250810217252,1.151965
1616941250819043319,1616941250820398359,1.11827
1616941250829264106,1616941250830680410,1.181179
1616941250839487027,1616941250840908794,1.194236
1616941250849705559,1616941250851043201,1.098959
1616941250859921726,1616941250861255250,1.089649
1616941250870157944,1616941250871477487,1.08541
1616941250880393321,1616941250881714081,1.087428
1616941250890561025,1616941250891792834,1.011513
1616941250900788391,1616941250902035149,1.024933
1616941250911015347,1616941250912245677,0.961623
1616941250921235022,1616941250922546084,1.073306
1616941250931460334,1616941250932715634,1.043081
1616941250941679126,1616941250942918975,1.045211
1616941250951898605,1616941250953117419,0.98595
1616941250962125385,1616941250963368269,1.001203
1616941250972355625,1616941250973610909,1.04422
1616941250982525090,1616941250983779234,1.064432
1616941250992747467,1616941250993996152,1.025952
1616941251002917092,1616941251004177259,1.034922
1616941251013138576,1616941251014543672,1.179988
1616941251023358535,1616941251024711845,1.06568
1616941251033577512,1616941251034852650,0.965889
1616941251043807115,1616941251045181057,1.06098
1616941251054041921,1616941251055341883,1.067874
1616941251064268571,1616941251065660111,1.151959
1616941251074476441,1616941251075730865,1.063393
1616941251084704518,1616941251086791180,2.077165
1616941251094864581,1616941251096229119,1.169902
1616941251105094042,1616941251106430414,1.11562
1616941251115309215,1616941251116631202,1.083699
1616941251125536800,1616941251126849899,1.060079
1616941251135763757,1616941251137076398,1.097404
1616941251145984855,1616941251147362349,1.083886
1616941251156207721,1616941251157577981,1.091113
1616941251166355025,1616941251167637614,0.994924
1616941251176575842,1616941251177959418,1.134562
1616941251186724563,1616941251188080526,1.108573
1616941251196889114,1616941251198257415,1.143227
1616941251207064729,1616941251208437223,1.115558
1616941251217187229,1616941251218613331,1.091955
1616941251227376076,1616941251228782305,1.106977
1616941251237534353,1616941251238892549,0.989251
1616941251247737837,1616941251249079722,1.137943
1616941251257950755,1616941251259313560,1.178289
1616941251268177403,1616941251269536016,1.039927
1616941251278353474,1616941251279721703,1.022213
1616941251288576033,1616941251289898428,1.001122
1616941251298749775,1616941251300043900,0.999694
1616941251308967550,1616941251310331823,1.063956
1616941251319093191,1616941251320545259,1.158748
1616941251329219326,1616941251330654609,1.138055
1616941251339444806,1616941251340817551,1.088379
1616941251349657881,1616941251351024317,1.048654
1616941251359792966,1616941251361103949,1.02367
1616941251370022717,1616941251371430414,1.094815
1616941251380186171,1616941251381516574,1.027712
1616941251390303729,1616941251391655326,0.99709
1616941251400457293,1616941251401773662,0.975496
1616941251410626642,1616941251411972753,1.038259
1616941251420754112,1616941251422122717,1.047917
1616941251430919696,1616941251432237124,1.069562
1616941251441130999,1616941251442610952,1.228875
1616941251451349783,1616941251452793295,1.198991
1616941251461566748,1616941251462977331,1.180045
1616941251471778559,1616941251473256799,1.25309
1616941251481990001,1616941251483379028,1.147703
1616941251492156695,1616941251493482478,1.087544
1616941251502266915,1616941251503495452,0.987408
1616941251512441233,1616941251513772375,1.089767
1616941251522558494,1616941251524074773,1.279677
1616941251532780612,1616941251534272806,1.307276
1616941251542950615,1616941251544523778,1.339756
1616941251553179239,1616941251554758475,1.354896
1616941251563399386,1616941251564936517,1.313497
1616941251573628117,1616941251575171599,1.318611
1616941251583801417,1616941251585394510,1.35999
1616941251594035953,1616941251595638016,1.392099
1616941251604216392,1616941251605614718,1.100324
1616941251614334147,1616941251615743229,1.18149
1616941251624589444,1616941251626110376,1.287265
1616941251634752054,1616941251636131419,1.091319
1616941251644982614,1616941251646521803,1.299887
1616941251655201350,1616941251656682047,1.241727
1616941251665428507,1616941251666877951,1.217776
1616941251675649140,1616941251677117614,1.20525
1616941251685873690,1616941251687316216,1.181182
1616941251696109961,1616941251697571756,1.179025
1616941251706240017,1616941251707752075,1.219383
1616941251716466665,1616941251718092200,1.39837
1616941251726574753,1616941251728117291,1.254403
1616941251736793198,1616941251738329143,1.269009
1616941251746956990,1616941251748522937,1.333344
1616941251757191353,1616941251758736841,1.318544
1616941251767411639,1616941251768925903,1.28043
1616941251777596522,1616941251779161558,1.340984
1616941251787756717,1616941251789291119,1.29611
1616941251797973444,1616941251799480218,1.287008
1616941251808195408,1616941251809632970,1.191128
1616941251818364947,1616941251819955209,1.37113
1616941251828537574,1616941251829985887,1.137043
1616941251838784497,1616941251840220629,1.220096
1616941251849003574,1616941251850434316,1.197081
1616941251859163129,1616941251860564073,1.151576
1616941251869316623,1616941251870787959,1.247641
1616941251879535651,1616941251880984789,1.853635
1616941251889707532,1616941251891101602,1.108446
1616941251899875821,1616941251901229884,1.100266
1616941251910099717,1616941251911477769,1.147202
1616941251920282964,1616941251921601376,1.081416
1616941251930442641,1616941251931798068,1.065616
1616941251940528880,1616941251941848129,1.070095
1616941251950566644,1616941251951902898,1.094213
1616941251960681410,1616941251962037857,1.092513
1616941251970813412,1616941251972235506,1.135489
1616941251981042859,1616941251982498988,1.139298
1616941251991146969,1616941251992564826,1.103916
1616941252001363115,1616941252002711634,1.02719
1616941252011515113,1616941252012901174,1.070736
1616941252021660223,1616941252022986205,1.047789
1616941252031749159,1616941252033097146,1.065305
1616941252041849551,1616941252043297732,1.144431
1616941252052065067,1616941252053503998,1.160121
1616941252062221617,1616941252063586783,1.073849
1616941252072329171,1616941252073764224,1.145349
1616941252082488848,1616941252083937204,1.209168
1616941252092729261,1616941252094134302,1.197091
1616941252102870755,1616941252104298198,1.209265
1616941252112915577,1616941252114298890,1.073691
1616941252123062257,1616941252124490374,1.140531
1616941252133158005,1616941252134611009,1.177944
1616941252143227810,1616941252144647380,1.130053
1616941252153306886,1616941252154695132,1.128457
1616941252163421707,1616941252164793085,1.13243
1616941252173477915,1616941252174835234,1.041535
1616941252183696469,1616941252185050095,1.042382
1616941252193917502,1616941252195265888,1.045659
1616941252204131412,1616941252205433358,1.031987
1616941252214237683,1616941252215594727,1.076161
1616941252224361548,1616941252225705854,1.050414
1616941252234475479,1616941252235862467,1.078167
1616941252244648329,1616941252246000076,1.07675
1616941252254731903,1616941252256094498,1.140666
1616941252264955381,1616941252266261154,0.999687
1616941252275171314,1616941252276495822,1.016852
1616941252285337199,1616941252286738536,1.098624
1616941252295405563,1616941252296708067,1.012105
1616941252305511758,1616941252306929953,1.134062
1616941252315647995,1616941252317038102,1.089006
1616941252325862821,1616941252327270980,1.097606
1616941252336017775,1616941252337297754,1.058701
1616941252346232927,1616941252347668906,1.138128
1616941252356465168,1616941252357885786,1.198393
1616941252366638943,1616941252368166379,1.305594
1616941252376852856,1616941252378132454,0.951347
1616941252387028891,1616941252388463304,1.194316
1616941252397148857,1616941252398521471,1.085761
1616941252407261465,1616941252408619275,1.112417
1616941252417430296,1616941252418774655,1.036181
1616941252427557563,1616941252428861106,1.039562
1616941252437732079,1616941252439013072,1.03236
1616941252447855930,1616941252449209831,1.12826
1616941252458098165,1616941252459331331,0.962844
1616941252468315849,1616941252469636715,1.06901
1616941252478438437,1616941252479816130,1.149823
1616941252488669491,1616941252490089879,1.203526
1616941252498831260,1616941252500188738,1.047139
1616941252508996652,1616941252510445574,1.262623
1616941252519239073,1616941252520605768,1.119208
1616941252529459068,1616941252530900618,1.175576
1616941252539692573,1616941252541038807,1.083688
1616941252549907469,1616941252551411767,1.265285
1616941252560127833,1616941252561543575,1.178437
1616941252570301596,1616941252571829408,1.313292
1616941252580535906,1616941252582048656,1.26854
1616941252590706428,1616941252592168140,1.232526
1616941252600925635,1616941252602456154,1.351377
1616941252611144690,1616941252612653071,1.275467
1616941252621364122,1616941252622816849,1.143834
1616941252631534855,1616941252633077679,1.251469
1616941252641768121,1616941252643166378,1.161962
1616941252651989369,1616941252653470545,1.261513
1616941252662225868,1616941252663721883,1.259447
1616941252672465727,1616941252673892535,1.201746
1616941252682637807,1616941252684107251,1.234706
1616941252692865236,1616941252694846327,1.82903
1616941252702966291,1616941252704456793,1.214895
1616941252713186314,1616941252714626933,1.18999
1616941252723340807,1616941252724719601,1.127582
1616941252733566765,1616941252734993101,1.181104
1616941252743785806,1616941252745300329,1.27532
1616941252753948920,1616941252755526371,1.346029
1616941252764183734,1616941252765577698,1.092504
1616941252774405723,1616941252775801655,1.172407
1616941252784636285,1616941252786056357,1.182695
1616941252794868008,1616941252796246835,1.143633
1616941252805115310,1616941252806622091,1.267755
1616941252815333785,1616941252816732862,1.157158
1616941252825554240,1616941252827018532,1.214844
1616941252835806075,1616941252837191201,1.15116
1616941252846027590,1616941252847418600,1.1367
1616941252856248648,1616941252857594717,1.101578
1616941252866363761,1616941252867704402,1.0854
1616941252876592045,1616941252877951654,1.127182
1616941252886762560,1616941252888111291,1.106899
1616941252896931235,1616941252898255012,1.086029
1616941252907105956,1616941252908508815,1.166777
1616941252917280254,1616941252918791632,1.308732
1616941252927455144,1616941252928755569,0.999948
1616941252937679822,1616941252939053345,1.138231
1616941252947857712,1616941252949225936,1.09059
1616941252958029780,1616941252959457495,1.151382
1616941252968258920,1616941252969664299,1.156993
1616941252978428770,1616941252979855554,1.193774
1616941252988654271,1616941252990012416,1.10313
1616941252998829698,1616941253000273282,1.240472
1616941253009058222,1616941253010593070,1.292213
1616941253019224367,1616941253020600802,1.11048
1616941253029451379,1616941253031677936,2.002599
1616941253039686821,1616941253040994890,1.080928
1616941253049903143,1616941253051248135,1.10394
1616941253060134993,1616941253061507814,1.145387
1616941253070304963,1616941253071675708,1.132805
1616941253080532842,1616941253081875666,1.112049
1616941253090702625,1616941253092129459,1.223775
1616941253100921238,1616941253102185283,1.063429
1616941253111148502,1616941253112512511,1.148401
1616941253121321999,1616941253122749374,1.203488
1616941253131571099,1616941253132964934,1.173253
1616941253141823998,1616941253143262001,1.198113
1616941253152061791,1616941253153501990,1.202554
1616941253162226526,1616941253163665560,1.204036
1616941253172461374,1616941253173887363,1.186797
1616941253182631277,1616941253184044161,1.176267
1616941253192863926,1616941253194289979,1.212231
1616941253203113056,1616941253204570514,1.219248
1616941253213333037,1616941253214776243,1.211297
1616941253223556631,1616941253224921778,1.112602
1616941253233784686,1616941253235298647,1.31604
1616941253244018744,1616941253245433835,1.170915
1616941253254227416,1616941253255603669,1.139903
1616941253264451120,1616941253265879695,1.192675
1616941253274621183,1616941253276113596,1.256734
1616941253284846869,1616941253286282947,1.226525
1616941253295019356,1616941253296427496,1.193632
1616941253305245368,1616941253306764089,1.214812
1616941253315470778,1616941253316997243,1.2932
1616941253325689314,1616941253327138156,1.22181
1616941253335918503,1616941253337397092,1.262037
1616941253346113121,1616941253347623143,1.291701
1616941253356338065,1616941253357811248,1.244111
1616941253366509148,1616941253368027643,1.286089
1616941253376735388,1616941253378170559,1.207665
1616941253386962705,1616941253388433706,1.238771
1616941253397183066,1616941253398765364,1.348804
1616941253407403402,1616941253408932013,1.287173
1616941253417633799,1616941253419020113,1.160546
1616941253427810758,1616941253429361444,1.322615
1616941253437983851,1616941253439492131,1.284095
1616941253448155981,1616941253449662080,1.269837
1616941253458377783,1616941253459780635,1.175013
1616941253468609290,1616941253470150548,1.294902
1616941253478779132,1616941253480771790,1.927525
1616941253489024100,1616941253490436912,1.23242
1616941253499255768,1616941253500613801,1.128685
1616941253509490306,1616941253510836021,1.141343
1616941253519657304,1616941253520991708,1.150302
1616941253529878854,1616941253531292080,1.176706
1616941253540099686,1616941253541505518,1.181152
1616941253550224952,1616941253551514385,1.074251
1616941253560444283,1616941253561804549,1.146178
1616941253570576853,1616941253571978774,1.168341
1616941253580796515,1616941253582107102,1.081442
1616941253591035848,1616941253592328365,1.086448
1616941253601255749,1616941253602571613,1.05699
1616941253611359318,1616941253612606957,0.945317
1616941253621575657,1616941253622807282,1.009243
1616941253631752051,1616941253633513094,1.470757
1616941253641934772,1616941253643236439,0.993729
1616941253651957938,1616941253653268872,1.054879
1616941253661972439,1616941253663305758,1.066285
1616941253672076662,1616941253673331999,1.020761
1616941253682235437,1616941253683513350,1.03861
1616941253692480136,1616941253693790872,1.076783
1616941253702608513,1616941253703897486,0.978204
1616941253713327671,1616941253714577234,0.919284
1616941253723429780,1616941253724734580,0.992105
1616941253733608939,1616941253734866326,0.945282
1616941253743845897,1616941253745131206,0.990655
1616941253754082280,1616941253755390751,1.047801
1616941253764180524,1616941253765463780,0.968654
1616941253774356577,1616941253775638787,1.027355
1616941253784448730,1616941253785826571,1.078604
1616941253794539810,1616941253795801066,0.986648
1616941253804782729,1616941253806054564,0.997691
1616941253814877929,1616941253816090306,0.952651
1616941253824963980,1616941253826192370,0.99463
1616941253835189084,1616941253836533087,1.053555
1616941253845425487,1616941253846822064,1.137322
1616941253855528259,1616941253857035554,1.261839
1616941253865751298,1616941253867178912,1.12682
1616941253875933650,1616941253877417313,1.221778
1616941253886169223,1616941253887632183,1.199833
1616941253896270911,1616941253897677932,1.131191
1616941253906378831,1616941253907772069,1.132497
1616941253916602222,1616941253918047060,1.211606
1616941253926772762,1616941253928278070,1.197003
1616941253936955828,1616941253938384005,1.145301
1616941253947108055,1616941253948595969,1.240833
1616941253957328030,1616941253958806576,1.295301
1616941253967420385,1616941253968966648,1.265279
1616941253977449274,1616941253979036259,1.3253
1616941253987518947,1616941253988963991,1.096769
1616941253997678669,1616941253999028467,1.046062
1616941254007698351,1616941254009153529,1.164583
1616941254017811002,1616941254019307825,1.189417
1616941254027969431,1616941254029382958,1.111861
1616941254038105412,1616941254039518994,1.198716
1616941254048209101,1616941254049640642,1.196625
1616941254058316006,1616941254059703505,1.071175
1616941254068438538,1616941254069892739,1.232984
1616941254078599590,1616941254080015195,1.215194
1616941254088701583,1616941254090109395,1.175855
1616941254098854063,1616941254100310428,1.221112
1616941254108893976,1616941254110178592,1.039191
1616941254119085023,1616941254120552731,1.291074
1616941254129180757,1616941254130639085,1.179418
1616941254139206698,1616941254140569287,1.116152
1616941254149305455,1616941254150729517,1.150967
1616941254159458847,1616941254160847735,1.100106
1616941254169619071,1616941254171026240,1.113593
1616941254179721936,1616941254181110338,1.115474
1616941254189803844,1616941254191265015,1.245416
1616941254200026245,1616941254201414535,1.15488
1616941254210297265,1616941254211649364,1.109554
1616941254220535897,1616941254221934478,1.158957
1616941254230701362,1616941254232187477,1.290728
1616941254240824673,1616941254242420321,1.340253
1616941254250988504,1616941254252377917,1.083391
1616941254261217561,1616941254262731768,1.64456
1616941254271393290,1616941254272804676,1.147028
1616941254281616083,1616941254283009672,1.145043
1616941254291776700,1616941254293160754,1.14281
1616941254302005840,1616941254303417436,1.128509
1616941254312130784,1616941254313448215,1.024562
1616941254322303743,1616941254323702700,1.067729
1616941254332527758,1616941254333969589,1.222817
1616941254342698408,1616941254344098007,1.158591
1616941254352919474,1616941254354299886,1.217089
1616941254363138282,1616941254366957007,3.585462
1616941254373360567,1616941254374720759,1.051771
1616941254383581088,1616941254384889841,0.995714
1616941254393801088,1616941254395122187,1.023457
1616941254404026990,1616941254405340956,0.992384
1616941254414222173,1616941254415554378,1.045868
1616941254424439814,1616941254425823463,1.094705
1616941254434657685,1616941254436075138,1.103885
1616941254444910588,1616941254446253534,1.052039
1616941254455069425,1616941254456449216,1.086562
1616941254465293524,1616941254466745786,1.170839
1616941254475506446,1616941254476811405,0.976837
1616941254485732360,1616941254487674899,1.680964
1616941254495950932,1616941254497259422,0.957005
1616941254506189581,1616941254507516187,1.03165
1616941254516407524,1616941254517764693,1.062119
1616941254526522861,1616941254527938299,1.117287
1616941254536742476,1616941254538118677,1.108331
1616941254546862095,1616941254548191764,1.022062
1616941254557085780,1616941254558428132,1.039367
1616941254567243108,1616941254568655481,1.109389
1616941254577461170,1616941254578869547,1.099915
1616941254587701515,1616941254589132076,1.126331
1616941254597927625,1616941254599324831,1.161356
1616941254608060533,1616941254609405552,1.097791
1616941254618166986,1616941254619543316,1.124826
1616941254628411814,1616941254629793794,1.081065
1616941254638528286,1616941254639886059,1.047159
1616941254648643254,1616941254650075456,1.117987
1616941254658806059,1616941254660268640,1.159828
1616941254668913025,1616941254670380999,1.195269
1616941254679069125,1616941254680500001,1.158569
1616941254689178841,1616941254690659764,1.173953
1616941254699335535,1616941254700805667,1.193432
1616941254709489030,1616941254710840370,1.038473
1616941254719653236,1616941254720949514,0.990334
1616941254729821087,1616941254731275294,1.162834
1616941254739979052,1616941254741407938,1.473363
1616941254750167721,1616941254751573821,1.101236
1616941254760397755,1616941254761768663,1.129757
1616941254770572475,1616941254771957023,1.158266
1616941254780687301,1616941254782165815,1.173241
1616941254790799258,1616941254792240145,1.152683
1616941254800971227,1616941254802428361,1.263605
1616941254811126551,1616941254812529099,1.119899
1616941254821244848,1616941254822729078,1.177407
1616941254831463537,1616941254832873946,1.125998
1616941254841697687,1616941254843043990,1.083104
1616941254851927049,1616941254853338695,1.123363
1616941254862166827,1616941254863660488,1.254839
1616941254872384895,1616941254873842064,1.191421
1616941254882552936,1616941254884032576,1.244546
1616941254892767812,1616941254894168470,1.111932
1616941254903002525,1616941254904537300,1.310384
1616941254913221812,1616941254914652549,1.198214
1616941254923392588,1616941254924827618,1.225043
1616941254933610342,1616941254935012580,1.180033
1616941254943830406,1616941254945212180,1.084361
1616941254954093923,1616941254955583466,1.225664
1616941254964272580,1616941254965773543,1.230485
1616941254974442586,1616941254975743129,0.99562
1616941254984660673,1616941254986093682,1.151011
1616941254994783511,1616941254996198289,1.126966
1616941255005007043,1616941255006404628,1.133099
1616941255015225346,1616941255016567053,1.051462
1616941255025448746,1616941255026915114,1.221276
1616941255035670049,1616941255037030633,1.112191
1616941255045890886,1616941255047296234,1.149611
1616941255056061574,1616941255057529793,1.230992
1616941255066186535,1616941255067605807,1.560568
1616941255076358650,1616941255077827622,1.175293
1616941255086480018,1616941255087781984,1.166985
1616941255096646135,1616941255098069174,1.207865
1616941255106824858,1616941255108252193,1.147575
1616941255117015940,1616941255118371506,1.140806
1616941255127182834,1616941255128639685,1.229369
1616941255137350992,1616941255138700772,1.05473
1616941255147467830,1616941255148801037,1.016448
1616941255157706570,1616941255159049036,1.031429
1616941255167925778,1616941255169210184,0.975944
1616941255178113112,1616941255179433997,1.036012
1616941255188327843,1616941255189634106,1.003294
1616941255198440915,1616941255199795594,1.062565
1616941255208608796,1616941255209929571,1.011128
1616941255218829348,1616941255220124995,1.014063
1616941255229114494,1616941255230411257,1.010398
1616941255239335285,1616941255240624781,1.066538
1616941255249560528,1616941255250878518,1.073478
1616941255259782407,1616941255261098027,1.069739
1616941255270018947,1616941255271403065,1.158109
1616941255280237719,1616941255281550090,1.10372
1616941255290408455,1616941255291706355,1.052093
1616941255300637706,1616941255301962657,1.089352
1616941255310815997,1616941255312147907,1.061902
1616941255321038216,1616941255322305996,1.073591
1616941255331256620,1616941255332527778,1.038984
1616941255341480922,1616941255342796364,0.987133
1616941255351658771,1616941255353048446,1.098772
1616941255361854576,1616941255363203899,1.081758
1616941255372033010,1616941255373362479,1.0507
1616941255382182972,1616941255383510562,1.041833
1616941255392353034,1616941255393640982,0.961865
1616941255402470590,1616941255404140539,1.364007
1616941255412669991,1616941255413916077,0.9973
1616941255422771379,1616941255424100656,1.008943
1616941255432868263,1616941255434152926,0.982302
1616941255442960593,1616941255444331008,1.098633
1616941255453115407,1616941255454407495,0.965373
1616941255463230553,1616941255464588734,1.088835
1616941255473348969,1616941255474839951,1.245212
1616941255483367717,1616941255484706626,1.065166
1616941255493558187,1616941255494945161,1.085044
1616941255503785664,1616941255505284748,1.20682
1616941255513885715,1616941255515336501,1.171432
1616941255524111725,1616941255525484670,1.066007
1616941255534211453,1616941255535654668,1.111462
1616941255544365215,1616941255545815444,1.167387
1616941255554531997,1616941255555937089,1.099651
1616941255564648775,1616941255566054116,1.101999
1616941255574815336,1616941255576269692,1.17183
1616941255585034949,1616941255586415637,1.103563
1616941255595130128,1616941255596485491,1.069101
1616941255605169850,1616941255606617971,1.187616
1616941255615238920,1616941255616668042,1.192684
1616941255625384286,1616941255626900625,1.226869
1616941255635470914,1616941255636950993,1.162471
1616941255645567378,1616941255646982061,1.115233
1616941255655663533,1616941255657105950,1.138605
1616941255665712823,1616941255667145146,1.140854
1616941255675813565,1616941255677271027,1.201552
1616941255685863729,1616941255687352606,1.238434
1616941255696094262,1616941255697490272,1.109322
1616941255706184962,1616941255707585902,1.12609
1616941255716405390,1616941255717863824,1.152768
1616941255726503966,1616941255727993722,1.209472
1616941255736601530,1616941255738013521,1.185509
1616941255746716693,1616941255748194116,1.168096
1616941255756822026,1616941255758275601,1.183267
1616941255767021741,1616941255768513556,1.219731
1616941255777066544,1616941255778599032,1.25758
1616941255787107132,1616941255788538741,1.204797
1616941255797324224,1616941255798737520,1.176717
1616941255807381436,1616941255808839525,1.217847
1616941255817436007,1616941255818892714,1.16551
1616941255827549016,1616941255828962651,1.129201
1616941255837683193,1616941255839185494,1.247093
1616941255847904915,1616941255849375278,1.192511
1616941255858130337,1616941255859590023,1.176478
1616941255868298264,1616941255869896124,1.322995
1616941255878467151,1616941255880306941,1.707869
1616941255888684388,1616941255890196478,1.223611
1616941255898910266,1616941255900416160,1.230712
1616941255909130438,1616941255910657790,1.269873
1616941255919371757,1616941255920827559,1.184315
1616941255929591616,1616941255930923596,1.026581
1616941255939813989,1616941255941182978,1.071498
1616941255950036727,1616941255951410422,1.090769
1616941255960255824,1616941255961628936,1.140313
1616941255970376110,1616941255971712310,1.024294
1616941255980606640,1616941255982076632,1.170673
1616941255990773173,1616941255992308188,1.230495
1616941256000998828,1616941256002320544,1.138354
1616941256011223240,1616941256012532070,1.079871
1616941256021441776,1616941256022844221,1.201559
1616941256031674129,1616941256033030304,1.106716
1616941256041898115,1616941256043233605,1.07934
1616941256052140246,1616941256053565119,1.145667
1616941256062310747,1616941256063641608,1.014106
1616941256072529022,1616941256073861152,1.098782
1616941256082706411,1616941256084069456,1.116647
1616941256092927160,1616941256094231429,1.068518
1616941256103166586,1616941256104538317,1.132891
1616941256113394452,1616941256114753974,1.141792
1616941256123624501,1616941256125049771,1.222347
1616941256133846449,1616941256135268519,1.194099
1616941256144069074,1616941256145480846,1.16442
1616941256154292221,1616941256155678033,1.152996
1616941256164513275,1616941256165920300,1.181976
1616941256174633565,1616941256176025696,1.089333
1616941256184855717,1616941256186304734,1.222557
1616941256195084316,1616941256196531340,1.208896
1616941256205261850,1616941256206655612,1.073022
1616941256215478782,1616941256216898055,1.191717
1616941256225695879,1616941256227206358,1.275115
1616941256235913683,1616941256258639432,22.510218
1616941256246165609,1616941256258729172,12.369221
1616941256256389177,1616941256258780375,2.223761
1616941256266558193,1616941256274669006,7.938311
1616941256276715170,1616941256346661903,69.7524
1616941256286947580,1616941256346760390,59.641164
1616941256297169309,1616941256346809413,49.484088
1616941256307343080,1616941256350312215,42.857203
1616941256317510957,1616941256350400835,32.809142
1616941256327729690,1616941256350454071,22.648517
1616941256337901308,1616941256350524783,12.534566
1616941256348081600,1616941256350579184,2.43127
1616941256358236068,1616941256359503153,0.960788
1616941256368471029,1616941256369757682,1.066039
1616941256378595828,1616941256379905810,1.117722
1616941256388771171,1616941256390162771,1.146248
1616941256398950141,1616941256400450957,1.294953
1616941256409166233,1616941256410680895,1.272782
1616941256419395614,1616941256420719756,1.105542
1616941256429609320,1616941256431092247,1.261426
1616941256439829423,1616941256441209003,1.143854
1616941256450073169,1616941256451394150,1.088334
1616941256460245684,1616941256461648724,1.168931
1616941256470469828,1616941256471845522,1.156557
1616941256480701795,1616941256482046935,1.106787
1616941256490860256,1616941256492238990,1.173927
1616941256501029591,1616941256502324076,0.99296
1616941256511249016,1616941256512532358,1.082319
1616941256521420751,1616941256522858691,1.199629
1616941256531593931,1616941256532979506,1.098429
1616941256541754094,1616941256543041663,1.038778
1616941256551917881,1616941256553323572,1.118761
1616941256562138213,1616941256563440279,0.997587
1616941256572355322,1616941256573734672,1.088275
1616941256582523888,1616941256583986670,1.197544
1616941256592756358,1616941256594207770,1.162685
1616941256602922743,1616941256604369107,1.20806
1616941256613139575,1616941256614649774,1.292619
1616941256623360016,1616941256624838451,1.233671
1616941256633578187,1616941256634991245,1.18204
1616941256643806322,1616941256645299802,1.265043
1616941256654029587,1616941256655532869,1.274283
1616941256664249895,1616941256665774041,1.297077
1616941256674421171,1616941256676163782,1.598604
1616941256684639426,1616941256686074957,1.141776
1616941256694882525,1616941256696103526,0.955625
1616941256705122914,1616941256706460545,1.142623
1616941256715292768,1616941256716571567,1.073569
1616941256725511476,1616941256726895794,1.141968
1616941256735731476,1616941256737050668,1.076737
1616941256745962386,1616941256747251607,1.030039
1616941256756189871,1616941256757530217,1.043567
1616941256766358767,1616941256767736496,1.089979
1616941256776530874,1616941256777839227,1.043595
1616941256786700615,1616941256788070167,1.075148
1616941256796924797,1616941256798196425,0.978962
1616941256807093481,1616941256808452329,1.046651
1616941256817255391,1616941256818658469,1.101547
1616941256827430638,1616941256828791013,1.11506
1616941256837603379,1616941256838938480,1.104168
1616941256847775698,1616941256849123842,1.116913
1616941256857996679,1616941256859395516,1.166034
1616941256868214410,1616941256869538602,1.071206
1616941256878386874,1616941256879673067,1.026228
1616941256888606917,1616941256889964751,1.096776
1616941256898777261,1616941256900095061,1.116278
1616941256909002776,1616941256910402084,1.167785
1616941256919172772,1616941256920582552,1.123078
1616941256929395681,1616941256930766121,1.122375
1616941256939562180,1616941256940888584,1.090201
1616941256949727916,1616941256951150955,1.188759
1616941256959847432,1616941256961234353,1.154844
1616941256970087817,1616941256971496112,1.167281
1616941256980315980,1616941256981699802,1.150264
1616941256990485313,1616941256991750435,1.05023
1616941257000712244,1616941257001909701,1.018827
1616941257010880655,1616941257012178522,1.033879
1616941257021103304,1616941257022434314,1.08202
1616941257031324176,1616941257032728456,1.185628
1616941257041559017,1616941257043018852,1.219585
1616941257051779290,1616941257053237381,1.229702
1616941257062000969,1616941257063455317,1.246041
1616941257072220864,1616941257073659807,1.193082
1616941257082348029,1616941257083760230,1.188019
1616941257092570207,1616941257094091200,1.295958
1616941257102726557,1616941257104184741,1.2286
1616941257112956163,1616941257114414907,1.22914
1616941257123172507,1616941257124665051,1.255509
1616941257133391222,1616941257134886537,1.267337
1616941257143614609,1616941257145115977,1.271592
1616941257153833779,1616941257155289008,1.220492
1616941257164063650,1616941257165516021,1.224333
1616941257174223359,1616941257175642061,1.195443
1616941257184450761,1616941257186577316,1.846081
1616941257194610751,1616941257196023386,1.123725
1616941257204849396,1616941257206341575,1.299038
1616941257215113192,1616941257216534217,1.187597
1616941257225143685,1616941257226611394,1.196557
1616941257235253070,1616941257236706355,1.189936
1616941257245476473,1616941257246875628,1.106654
1616941257255575198,1616941257257011359,1.22031
1616941257265730072,1616941257267207898,1.199
1616941257275876240,1616941257277288572,1.18064
1616941257285974656,1616941257287473209,1.19794
1616941257296191985,1616941257297597720,1.114085
1616941257306286569,1616941257307821525,1.250087
1616941257316328120,1616941257317731976,1.103647
1616941257326424984,1616941257327886257,1.175166
1616941257336523946,1616941257338006651,1.254598
1616941257346648422,1616941257348141627,1.237957
1616941257356818024,1616941257358296691,1.17742
1616941257367004285,1616941257368474661,1.260927
1616941257377117497,1616941257378566570,1.164568
1616941257387219262,1616941257388648400,1.128883
1616941257397455609,1616941257398945017,1.200882
1616941257407568782,1616941257408947910,1.142871
1616941257417676922,1616941257419089676,1.179038
1616941257427837456,1616941257429276495,1.138714
1616941257437870138,1616941257439291519,1.17649
1616941257447975503,1616941257449398727,1.132227
1616941257458118992,1616941257459510122,1.120266
1616941257468344918,1616941257469757391,1.119193
1616941257478446038,1616941257480488518,1.992355
1616941257488546251,1616941257490049351,1.210788
1616941257498754426,1616941257500164441,1.110533
1616941257508970100,1616941257510419659,1.176797
1616941257519073524,1616941257520433093,1.068339
1616941257529297538,1616941257530823210,1.216316
1616941257539400401,1616941257540874004,1.260973
1616941257549502374,1616941257550894998,1.13587
1616941257559710167,1616941257561179688,1.222719
1616941257569837184,1616941257571294024,1.184249
1616941257579986586,1616941257581494123,1.213089
1616941257590106240,1616941257591494017,1.100996
1616941257600338792,1616941257601708500,1.072528
1616941257610511745,1616941257611949005,1.202275
1616941257620749179,1616941257622141463,1.106676
1616941257630918521,1616941257632392780,1.240058
1616941257641087287,1616941257642451057,1.178758
1616941257651257342,1616941257652634682,1.098158
1616941257661497731,1616941257662859379,1.048818
1616941257671733882,1616941257673115066,1.076673
1616941257681967240,1616941257683358838,1.143653
1616941257692187532,1616941257693619941,1.201125
